th3_lab bin centers    value    Error 
-inf   0.000000e+00   0.000000e+00
 1.345310e-03   0.000000e+00   0.000000e+00
 1.345930e-03   0.000000e+00   0.000000e+00
 1.346550e-03   0.000000e+00   0.000000e+00
 1.347170e-03   0.000000e+00   0.000000e+00
 1.347790e-03   0.000000e+00   0.000000e+00
 1.348410e-03   0.000000e+00   0.000000e+00
 1.349030e-03   0.000000e+00   0.000000e+00
 1.349650e-03   0.000000e+00   0.000000e+00
 1.350270e-03   1.852155e+04   1.099843e+02
 1.350890e-03   1.992123e+04   6.648744e+01
 1.351510e-03   1.978869e+04   1.047336e+02
 1.352130e-03   1.963056e+04   1.146181e+02
 1.352750e-03   1.963509e+04   1.410009e+02
 1.353370e-03   1.976388e+04   8.683377e+01
 1.353990e-03   1.976580e+04   1.247491e+02
 1.354610e-03   1.969063e+04   8.827376e+01
 1.355230e-03   1.956207e+04   1.285632e+02
 1.355850e-03   1.971559e+04   1.147818e+02
 1.356470e-03   1.946460e+04   9.736306e+01
 1.357090e-03   1.948510e+04   1.238772e+02
 1.357710e-03   1.946708e+04   1.712210e+02
 1.358330e-03   1.937412e+04   1.233047e+02
 1.358950e-03   1.962948e+04   8.869593e+01
 1.359570e-03   1.948311e+04   5.958300e+01
 1.360190e-03   1.943924e+04   9.729266e+01
 1.360810e-03   1.941706e+04   8.372635e+01
 1.361430e-03   1.927833e+04   8.910924e+01
 1.362050e-03   1.926371e+04   1.399450e+02
 1.362670e-03   1.930651e+04   1.039552e+02
 1.363290e-03   1.916433e+04   1.051443e+02
 1.363910e-03   1.937389e+04   7.489512e+01
 1.364530e-03   1.927374e+04   1.104294e+02
 1.365150e-03   1.929156e+04   1.249652e+02
 1.365770e-03   1.911811e+04   1.521908e+02
 1.366390e-03   1.896903e+04   9.361373e+01
 1.367010e-03   1.912629e+04   8.773526e+01
 1.367630e-03   1.907041e+04   1.112522e+02
 1.368250e-03   1.901293e+04   1.101403e+02
 1.368870e-03   1.913985e+04   7.944061e+01
 1.369490e-03   1.902183e+04   8.363209e+01
 1.370110e-03   1.899268e+04   8.687594e+01
 1.370730e-03   1.880767e+04   1.436958e+02
 1.371350e-03   1.891381e+04   1.108448e+02
 1.371970e-03   1.889545e+04   1.003185e+02
 1.372590e-03   1.888205e+04   1.007791e+02
 1.373210e-03   1.878932e+04   1.057329e+02
 1.373830e-03   1.897210e+04   8.891956e+01
 1.374450e-03   1.878901e+04   1.013925e+02
 1.375070e-03   1.877518e+04   9.332033e+01
 1.375690e-03   1.876425e+04   9.114672e+01
 1.376310e-03   1.850014e+04   1.417843e+02
 1.376930e-03   1.853193e+04   1.061904e+02
 1.377550e-03   1.884321e+04   7.755773e+01
 1.378170e-03   1.855169e+04   1.102249e+02
 1.378790e-03   1.858571e+04   1.229883e+02
 1.379410e-03   1.856321e+04   1.119882e+02
 1.380030e-03   1.850597e+04   7.273041e+01
 1.380650e-03   1.854927e+04   8.490514e+01
 1.381270e-03   1.847378e+04   1.056022e+02
 1.381890e-03   1.841513e+04   8.251137e+01
 1.382510e-03   1.858044e+04   9.495141e+01
 1.383130e-03   1.843035e+04   8.746926e+01
 1.383750e-03   1.848186e+04   8.803789e+01
 1.384370e-03   1.825612e+04   1.680877e+02
 1.384990e-03   1.835538e+04   1.142815e+02
 1.385610e-03   1.848521e+04   7.779034e+01
 1.386230e-03   1.797729e+04   1.351652e+02
 1.386850e-03   1.821730e+04   1.159319e+02
 1.387470e-03   1.832267e+04   8.812059e+01
 1.388090e-03   1.820745e+04   1.172491e+02
 1.388710e-03   1.804524e+04   1.481086e+02
 1.389330e-03   1.831092e+04   1.024794e+02
 1.389950e-03   1.807842e+04   1.048955e+02
 1.390570e-03   1.830633e+04   9.357658e+01
 1.391190e-03   1.804239e+04   1.305545e+02
 1.391810e-03   1.794996e+04   1.397011e+02
 1.392430e-03   1.807137e+04   9.698745e+01
 1.393050e-03   1.779284e+04   1.575874e+02
 1.393670e-03   1.778630e+04   1.359979e+02
 1.394290e-03   1.813492e+04   1.268943e+02
 1.394910e-03   1.802142e+04   9.506544e+01
 1.395530e-03   1.792568e+04   9.783143e+01
 1.396150e-03   1.786526e+04   1.091892e+02
 1.396770e-03   1.791343e+04   9.949700e+01
 1.397390e-03   1.791469e+04   1.173947e+02
 1.398010e-03   1.779973e+04   1.338386e+02
 1.398630e-03   1.769196e+04   9.589895e+01
 1.399250e-03   1.784831e+04   1.614872e+02
 1.399870e-03   1.757789e+04   1.542585e+02
 1.400490e-03   1.781306e+04   9.455494e+01
 1.401110e-03   1.757062e+04   8.467936e+01
 1.401730e-03   1.783998e+04   6.987168e+01
 1.402350e-03   1.752837e+04   1.379768e+02
 1.402970e-03   1.758709e+04   1.319967e+02
 1.403590e-03   1.766631e+04   8.829354e+01
 1.404210e-03   1.744798e+04   1.241283e+02
 1.404830e-03   1.748138e+04   1.269681e+02
 1.405450e-03   1.737906e+04   1.293729e+02
 1.406070e-03   1.746270e+04   1.179684e+02
 1.406690e-03   1.752322e+04   6.118694e+01
 1.407310e-03   1.737318e+04   1.070129e+02
 1.407930e-03   1.740364e+04   1.027661e+02
 1.408550e-03   1.743331e+04   1.144468e+02
 1.409170e-03   1.763850e+04   1.102132e+02
 1.409790e-03   1.745018e+04   1.208782e+02
 1.410410e-03   1.720572e+04   8.334759e+01
 1.411030e-03   1.731630e+04   7.732585e+01
 1.411650e-03   1.740713e+04   1.223117e+02
 1.412270e-03   1.726401e+04   1.161365e+02
 1.412890e-03   1.732601e+04   1.094392e+02
 1.413510e-03   1.711455e+04   1.464978e+02
 1.414130e-03   1.722591e+04   1.016120e+02
 1.414750e-03   1.707419e+04   1.092145e+02
 1.415370e-03   1.716267e+04   1.061886e+02
 1.415990e-03   1.722990e+04   7.350163e+01
 1.416610e-03   1.705246e+04   1.138824e+02
 1.417230e-03   1.700853e+04   1.501214e+02
 1.417850e-03   1.702409e+04   1.048180e+02
 1.418470e-03   1.685943e+04   9.844248e+01
 1.419090e-03   1.698661e+04   1.327753e+02
 1.419710e-03   1.705836e+04   9.812921e+01
 1.420330e-03   1.687123e+04   1.276285e+02
 1.420950e-03   1.695631e+04   9.932030e+01
 1.421570e-03   1.672125e+04   1.146279e+02
 1.422190e-03   1.694271e+04   1.208375e+02
 1.422810e-03   1.668465e+04   1.294983e+02
 1.423430e-03   1.679946e+04   1.157163e+02
 1.424050e-03   1.678660e+04   9.841828e+01
 1.424670e-03   1.683304e+04   1.192871e+02
 1.425290e-03   1.680086e+04   8.107961e+01
 1.425910e-03   1.663698e+04   1.446237e+02
 1.426530e-03   1.674697e+04   1.284197e+02
 1.427150e-03   1.669126e+04   1.331339e+02
 1.427770e-03   1.669237e+04   9.313937e+01
 1.428390e-03   1.666300e+04   7.888950e+01
 1.429010e-03   1.669636e+04   7.595931e+01
 1.429630e-03   1.654188e+04   6.982132e+01
 1.430250e-03   1.652577e+04   9.266432e+01
 1.430870e-03   1.672691e+04   1.110106e+02
 1.431490e-03   1.658164e+04   8.374559e+01
 1.432110e-03   1.636962e+04   8.820106e+01
 1.432730e-03   1.649373e+04   1.182093e+02
 1.433350e-03   1.641935e+04   2.369911e+02
 1.433970e-03   1.636468e+04   1.559311e+02
 1.434590e-03   1.641904e+04   1.270548e+02
 1.435210e-03   1.628538e+04   1.156899e+02
 1.435830e-03   1.625965e+04   9.767620e+01
 1.436450e-03   1.622833e+04   1.361196e+02
 1.437070e-03   1.629532e+04   1.319203e+02
 1.437690e-03   1.630577e+04   1.101558e+02
 1.438310e-03   1.634902e+04   1.207185e+02
 1.438930e-03   1.610591e+04   1.164271e+02
 1.439550e-03   1.632924e+04   1.153128e+02
 1.440170e-03   1.611100e+04   1.028128e+02
 1.440790e-03   1.615582e+04   1.395705e+02
 1.441410e-03   1.620541e+04   8.562108e+01
 1.442030e-03   1.629234e+04   9.514003e+01
 1.442650e-03   1.612913e+04   7.074189e+01
 1.443270e-03   1.594083e+04   1.619664e+02
 1.443890e-03   1.617440e+04   1.163995e+02
 1.444510e-03   1.613085e+04   7.234301e+01
 1.445130e-03   1.611670e+04   9.016699e+01
 1.445750e-03   1.596329e+04   9.334710e+01
 1.446370e-03   1.609170e+04   8.529589e+01
 1.446990e-03   1.605207e+04   1.062620e+02
 1.447610e-03   1.580676e+04   1.472621e+02
 1.448230e-03   1.579231e+04   1.020680e+02
 1.448850e-03   1.570498e+04   1.217462e+02
 1.449470e-03   1.589665e+04   1.162441e+02
 1.450090e-03   1.579683e+04   1.384918e+02
 1.450710e-03   1.581806e+04   1.052737e+02
 1.451330e-03   1.587775e+04   8.592348e+01
 1.451950e-03   1.580831e+04   1.369041e+02
 1.452570e-03   1.575724e+04   1.449386e+02
 1.453190e-03   1.593469e+04   1.384078e+02
 1.453810e-03   1.561331e+04   9.256651e+01
 1.454430e-03   1.580374e+04   8.527743e+01
 1.455050e-03   1.559239e+04   9.438110e+01
 1.455670e-03   1.577717e+04   1.430427e+02
 1.456290e-03   1.589949e+04   1.154676e+02
 1.456910e-03   1.559376e+04   1.326068e+02
 1.457530e-03   1.528982e+04   1.448432e+02
 1.458150e-03   1.555919e+04   9.160993e+01
 1.458770e-03   1.553544e+04   9.785812e+01
 1.459390e-03   1.566495e+04   1.435382e+02
 1.460010e-03   1.544855e+04   1.249834e+02
 1.460630e-03   1.558217e+04   1.273733e+02
 1.461250e-03   1.533697e+04   1.784377e+02
 1.461870e-03   1.525431e+04   9.558508e+01
 1.462490e-03   1.554237e+04   1.137453e+02
 1.463110e-03   1.551567e+04   1.269538e+02
 1.463730e-03   1.535267e+04   1.341108e+02
 1.464350e-03   1.563356e+04   1.082358e+02
 1.464970e-03   1.525940e+04   1.153691e+02
 1.465590e-03   1.521556e+04   2.003762e+02
 1.466210e-03   1.522653e+04   1.450067e+02
 1.466830e-03   1.526029e+04   9.999329e+01
 1.467450e-03   1.523181e+04   9.612998e+01
 1.468070e-03   1.531701e+04   9.605603e+01
 1.468690e-03   1.531741e+04   7.245652e+01
 1.469310e-03   1.520525e+04   1.248739e+02
 1.469930e-03   1.517777e+04   1.185348e+02
 1.470550e-03   1.531829e+04   1.366826e+02
 1.471170e-03   1.499646e+04   1.381343e+02
 1.471790e-03   1.539690e+04   1.182891e+02
 1.472410e-03   1.498169e+04   1.760181e+02
 1.473030e-03   1.518851e+04   1.068788e+02
 1.473650e-03   1.500594e+04   1.056735e+02
 1.474270e-03   1.507648e+04   1.175677e+02
 1.474890e-03   1.513442e+04   1.014493e+02
 1.475510e-03   1.482904e+04   9.305769e+01
 1.476130e-03   1.507273e+04   4.932096e+01
 1.476750e-03   1.486422e+04   1.100267e+02
 1.477370e-03   1.497533e+04   1.167398e+02
 1.477990e-03   1.490704e+04   1.316939e+02
 1.478610e-03   1.484184e+04   1.349264e+02
 1.479230e-03   1.495115e+04   1.316498e+02
 1.479850e-03   1.479137e+04   1.071579e+02
 1.480470e-03   1.495994e+04   1.386755e+02
 1.481090e-03   1.470551e+04   1.115450e+02
 1.481710e-03   1.485970e+04   9.753672e+01
 1.482330e-03   1.468578e+04   8.806964e+01
 1.482950e-03   1.479332e+04   1.205068e+02
 1.483570e-03   1.485279e+04   4.346909e+01
 1.484190e-03   1.476791e+04   5.935070e+01
 1.484810e-03   1.473544e+04   1.009053e+02
 1.485430e-03   1.460141e+04   1.250869e+02
 1.486050e-03   1.468467e+04   1.170666e+02
 1.486670e-03   1.461121e+04   6.948127e+01
 1.487290e-03   1.468498e+04   9.613960e+01
 1.487910e-03   1.466068e+04   9.904218e+01
 1.488530e-03   1.461349e+04   8.814697e+01
 1.489150e-03   1.450774e+04   1.419536e+02
 1.489770e-03   1.447165e+04   1.217147e+02
 1.490390e-03   1.445795e+04   1.330257e+02
 1.491010e-03   1.447820e+04   1.169302e+02
 1.491630e-03   1.460701e+04   1.215270e+02
 1.492250e-03   1.446947e+04   9.631012e+01
 1.492870e-03   1.421782e+04   1.169558e+02
 1.493490e-03   1.441788e+04   1.024707e+02
 1.494110e-03   1.459017e+04   1.327707e+02
 1.494730e-03   1.432089e+04   1.132284e+02
 1.495350e-03   1.430476e+04   1.016872e+02
 1.495970e-03   1.441953e+04   9.422741e+01
 1.496590e-03   1.456247e+04   1.007589e+02
 1.497210e-03   1.420836e+04   8.186029e+01
 1.497830e-03   1.433541e+04   1.136816e+02
 1.498450e-03   1.432537e+04   1.095691e+02
 1.499070e-03   1.418137e+04   1.073247e+02
 1.499690e-03   1.453725e+04   1.588313e+02
 1.500310e-03   1.406040e+04   1.403060e+02
 1.500930e-03   1.427074e+04   8.646353e+01
 1.501550e-03   1.410854e+04   1.020136e+02
 1.502170e-03   1.415274e+04   1.126128e+02
 1.502790e-03   1.413921e+04   6.717799e+01
 1.503410e-03   1.415188e+04   1.127393e+02
 1.504030e-03   1.397104e+04   1.032115e+02
 1.504650e-03   1.411168e+04   8.074798e+01
 1.505270e-03   1.404016e+04   1.030723e+02
 1.505890e-03   1.392610e+04   1.003852e+02
 1.506510e-03   1.419208e+04   1.031068e+02
 1.507130e-03   1.370820e+04   1.319999e+02
 1.507750e-03   1.428376e+04   9.311654e+01
 1.508370e-03   1.397207e+04   7.875031e+01
 1.508990e-03   1.407862e+04   6.101731e+01
 1.509610e-03   1.401768e+04   9.778156e+01
 1.510230e-03   1.400016e+04   1.078834e+02
 1.510850e-03   1.390167e+04   8.403834e+01
 1.511470e-03   1.388454e+04   9.290758e+01
 1.512090e-03   1.389216e+04   8.375424e+01
 1.512710e-03   1.387135e+04   8.395846e+01
 1.513330e-03   1.379905e+04   1.107680e+02
 1.513950e-03   1.362093e+04   1.320619e+02
 1.514570e-03   1.388805e+04   9.710990e+01
 1.515190e-03   1.381708e+04   1.156077e+02
 1.515810e-03   1.381385e+04   9.623789e+01
 1.516430e-03   1.379759e+04   8.108882e+01
 1.517050e-03   1.351539e+04   9.490216e+01
 1.517670e-03   1.385567e+04   1.057912e+02
 1.518290e-03   1.368469e+04   6.476623e+01
 1.518910e-03   1.381569e+04   1.001447e+02
 1.519530e-03   1.354902e+04   1.445756e+02
 1.520150e-03   1.372559e+04   9.925460e+01
 1.520770e-03   1.368950e+04   9.705177e+01
 1.521390e-03   1.382099e+04   1.196304e+02
 1.522010e-03   1.348837e+04   9.822811e+01
 1.522630e-03   1.376873e+04   1.125576e+02
 1.523250e-03   1.353514e+04   1.031536e+02
 1.523870e-03   1.355387e+04   1.061111e+02
 1.524490e-03   1.337257e+04   1.784793e+02
 1.525110e-03   1.348538e+04   8.626455e+01
 1.525730e-03   1.362860e+04   5.726459e+01
 1.526350e-03   1.355017e+04   9.751440e+01
 1.526970e-03   1.356736e+04   8.281374e+01
 1.527590e-03   1.352539e+04   1.212331e+02
 1.528210e-03   1.342507e+04   9.922635e+01
 1.528830e-03   1.260610e+04   7.012075e+02
 1.529450e-03   1.340367e+04   8.964831e+01
 1.530070e-03   1.341771e+04   1.221246e+02
 1.530690e-03   1.331737e+04   7.552979e+01
 1.531310e-03   1.343374e+04   6.447171e+01
 1.531930e-03   1.339231e+04   9.337588e+01
 1.532550e-03   1.335565e+04   8.993298e+01
 1.533170e-03   1.326499e+04   8.443096e+01
 1.533790e-03   1.342741e+04   1.254042e+02
 1.534410e-03   1.338716e+04   8.179080e+01
 1.535030e-03   1.321240e+04   9.280317e+01
 1.535650e-03   1.323213e+04   8.979760e+01
 1.536270e-03   1.330895e+04   7.675760e+01
 1.536890e-03   1.314332e+04   9.726864e+01
 1.537510e-03   1.318846e+04   9.387778e+01
 1.538130e-03   1.312561e+04   8.736979e+01
 1.538750e-03   1.326633e+04   1.299361e+02
 1.539370e-03   1.302236e+04   9.738752e+01
 1.539990e-03   1.305779e+04   1.183721e+02
 1.540610e-03   1.313330e+04   9.040078e+01
 1.541230e-03   1.321402e+04   7.351451e+01
 1.541850e-03   1.292010e+04   1.446307e+02
 1.542470e-03   1.322545e+04   1.179735e+02
 1.543090e-03   1.302378e+04   7.209766e+01
 1.543710e-03   1.303154e+04   9.026633e+01
 1.544330e-03   1.291183e+04   8.967932e+01
 1.544950e-03   1.320063e+04   9.550210e+01
 1.545570e-03   1.293541e+04   1.142560e+02
 1.546190e-03   1.300968e+04   8.131517e+01
 1.546810e-03   1.299039e+04   1.205139e+02
 1.547430e-03   1.292379e+04   4.522096e+01
 1.548050e-03   1.295427e+04   1.080888e+02
 1.548670e-03   1.286055e+04   8.648697e+01
 1.549290e-03   1.296457e+04   1.018877e+02
 1.549910e-03   1.274509e+04   1.034038e+02
 1.550530e-03   1.284528e+04   7.703545e+01
 1.551150e-03   1.306150e+04   6.737477e+01
 1.551770e-03   1.282732e+04   6.911234e+01
 1.552390e-03   1.284241e+04   8.767788e+01
 1.553010e-03   1.262389e+04   8.044337e+01
 1.553630e-03   1.292940e+04   6.682823e+01
 1.554250e-03   1.277476e+04   5.915817e+01
 1.554870e-03   1.289445e+04   9.974575e+01
 1.555490e-03   1.276803e+04   8.948717e+01
 1.556110e-03   1.268802e+04   1.060939e+02
 1.556730e-03   1.278135e+04   1.077905e+02
 1.557350e-03   1.264233e+04   8.697256e+01
 1.557970e-03   1.271148e+04   9.566090e+01
 1.558590e-03   1.269020e+04   6.849696e+01
 1.559210e-03   1.270266e+04   9.325300e+01
 1.559830e-03   1.274219e+04   1.042750e+02
 1.560450e-03   1.268279e+04   7.510443e+01
 1.561070e-03   1.271615e+04   7.144928e+01
 1.561690e-03   1.246497e+04   9.945891e+01
 1.562310e-03   1.260380e+04   1.005548e+02
 1.562930e-03   1.253648e+04   9.794798e+01
 1.563550e-03   1.255567e+04   9.765197e+01
 1.564170e-03   1.243231e+04   8.486308e+01
 1.564790e-03   1.250735e+04   1.043522e+02
 1.565410e-03   1.257122e+04   9.802076e+01
 1.566030e-03   1.296250e+04   5.950244e+02
 1.566650e-03   1.232015e+04   8.877777e+01
 1.567270e-03   1.247334e+04   6.361131e+01
 1.567890e-03   1.256233e+04   1.086129e+02
 1.568510e-03   1.225332e+04   1.061100e+02
 1.569130e-03   1.246125e+04   7.620790e+01
 1.569750e-03   1.231914e+04   7.194130e+01
 1.570370e-03   1.239705e+04   9.486679e+01
 1.570990e-03   1.231460e+04   9.232284e+01
 1.571610e-03   1.241125e+04   4.877127e+01
 1.572230e-03   1.243475e+04   5.893880e+01
 1.572850e-03   1.224684e+04   8.861835e+01
 1.573470e-03   1.228152e+04   8.078153e+01
 1.574090e-03   1.223439e+04   8.829099e+01
 1.574710e-03   1.224375e+04   7.663838e+01
 1.575330e-03   1.226170e+04   1.072684e+02
 1.575950e-03   1.226386e+04   7.231448e+01
 1.576570e-03   1.222003e+04   8.666003e+01
 1.577190e-03   1.218317e+04   9.022349e+01
 1.577810e-03   1.230832e+04   7.360435e+01
 1.578430e-03   1.218247e+04   6.743930e+01
 1.579050e-03   1.199204e+04   9.734253e+01
 1.579670e-03   1.220984e+04   1.100316e+02
 1.580290e-03   1.193217e+04   1.088255e+02
 1.580910e-03   1.214663e+04   8.585537e+01
 1.581530e-03   1.213346e+04   8.295318e+01
 1.582150e-03   1.209649e+04   7.420342e+01
 1.582770e-03   1.202738e+04   5.227688e+01
 1.583390e-03   1.211115e+04   6.016456e+01
 1.584010e-03   1.193866e+04   7.096064e+01
 1.584630e-03   1.207778e+04   3.725937e+01
 1.585250e-03   1.210589e+04   1.003641e+02
 1.585870e-03   1.193951e+04   9.132598e+01
 1.586490e-03   1.178141e+04   1.293728e+02
 1.587110e-03   1.203572e+04   7.427000e+01
 1.587730e-03   1.199121e+04   5.368278e+01
 1.588350e-03   1.190250e+04   1.023370e+02
 1.588970e-03   1.203805e+04   6.767529e+01
 1.589590e-03   1.193817e+04   1.037721e+02
 1.590210e-03   1.181285e+04   8.018419e+01
 1.590830e-03   1.191842e+04   9.429522e+01
 1.591450e-03   1.177542e+04   1.052778e+02
 1.592070e-03   1.183888e+04   1.063462e+02
 1.592690e-03   1.181013e+04   1.012645e+02
 1.593310e-03   1.175305e+04   6.298232e+01
 1.593930e-03   1.173835e+04   8.336814e+01
 1.594550e-03   1.181740e+04   6.342894e+01
 1.595170e-03   1.173589e+04   7.360923e+01
 1.595790e-03   1.179663e+04   7.528143e+01
 1.596410e-03   1.193412e+04   9.032074e+01
 1.597030e-03   1.184081e+04   5.682718e+01
 1.597650e-03   1.179378e+04   8.250771e+01
 1.598270e-03   1.169609e+04   1.309667e+02
 1.598890e-03   1.153024e+04   1.718139e+02
 1.599510e-03   1.172703e+04   1.302293e+02
 1.600130e-03   1.154025e+04   1.393529e+02
 1.600750e-03   1.165648e+04   1.545303e+02
 1.601370e-03   1.154559e+04   1.198662e+02
 1.601990e-03   1.153484e+04   9.462832e+01
 1.602610e-03   1.160060e+04   9.561547e+01
 1.603230e-03   1.146732e+04   1.004481e+02
 1.603850e-03   1.166030e+04   1.642020e+02
 1.604470e-03   1.153975e+04   1.307476e+02
 1.605090e-03   1.173083e+04   1.294704e+02
 1.605710e-03   1.125424e+04   1.372948e+02
 1.606330e-03   1.148838e+04   1.110067e+02
 1.606950e-03   1.153754e+04   8.837313e+01
 1.607570e-03   1.158289e+04   1.080097e+02
 1.608190e-03   1.138728e+04   8.943136e+01
 1.608810e-03   1.169343e+04   1.467733e+02
 1.609430e-03   1.131801e+04   1.195850e+02
 1.610050e-03   1.134300e+04   1.496728e+02
 1.610670e-03   1.131144e+04   1.767504e+02
 1.611290e-03   1.127754e+04   1.002202e+02
 1.611910e-03   1.127135e+04   7.490728e+01
 1.612530e-03   1.139530e+04   9.918820e+01
 1.613150e-03   1.128824e+04   1.756954e+02
 1.613770e-03   1.145607e+04   1.200818e+02
 1.614390e-03   1.146722e+04   1.318735e+02
 1.615010e-03   1.120165e+04   1.345616e+02
 1.615630e-03   1.128094e+04   1.303910e+02
 1.616250e-03   1.133044e+04   1.359960e+02
 1.616870e-03   1.098495e+04   1.594679e+02
 1.617490e-03   1.131577e+04   9.501947e+01
 1.618110e-03   1.131843e+04   6.732673e+01
 1.618730e-03   1.139136e+04   1.408473e+02
 1.619350e-03   1.092326e+04   1.154794e+02
 1.619970e-03   1.133220e+04   8.432137e+01
 1.620590e-03   1.104889e+04   1.643500e+02
 1.621210e-03   1.129568e+04   8.324370e+01
 1.621830e-03   1.111497e+04   1.017898e+02
 1.622450e-03   1.113872e+04   9.772220e+01
 1.623070e-03   1.103625e+04   1.159634e+02
 1.623690e-03   1.109646e+04   1.433756e+02
 1.624310e-03   1.101117e+04   1.097502e+02
 1.624930e-03   6.033181e+01   6.756924e+01
 1.625550e-03   6.171135e+01   6.737802e+01
 1.626170e-03   9.632540e+01   2.862861e+01
 1.626790e-03   1.201376e+02   1.481926e+01
 1.627410e-03   6.220115e+01   4.903575e+01
 1.628030e-03   1.117739e+04   5.368445e+01
 1.628650e-03   1.167101e+02   2.663369e+01
 1.629270e-03   9.958354e+01   3.292891e+01
 1.629890e-03   3.954140e+01   7.056640e+01
 1.630510e-03  -1.861904e+00   8.340274e+01
 1.631130e-03   1.174780e+02   2.355791e+01
 1.631750e-03   9.439989e+01   2.924620e+01
 1.632370e-03   1.133668e+02   2.281875e+01
 1.632990e-03   1.569649e+01   6.098887e+01
 1.633610e-03  -6.992430e+02   6.212618e+02
 1.634230e-03   1.139591e+02   2.216114e+01
 1.634850e-03   5.292070e+01   5.601491e+01
 1.635470e-03   1.255925e+02   1.809844e+01
 1.636090e-03   3.465272e+00   1.062317e+02
 1.636710e-03   1.267922e+02   1.778152e+01
 1.637330e-03   7.536277e+01   4.573117e+01
 1.637950e-03   4.759984e+01   6.411631e+01
 1.638570e-03   9.805854e+01   3.361090e+01
 1.639190e-03   6.537245e+01   5.039611e+01
 1.639810e-03   1.217017e+02   2.391732e+01
 1.640430e-03   8.654966e+01   4.740081e+01
 1.641050e-03   9.324672e+01   3.178763e+01
 1.641670e-03   1.156708e+02   1.819386e+01
 1.642290e-03   1.083224e+02   3.162700e+01
 1.642910e-03   9.918923e+01   5.010307e+01
 1.643530e-03   8.251759e+01   3.693767e+01
 1.644150e-03   1.310374e+02   1.776231e+01
 1.644770e-03   9.971727e+01   3.595507e+01
 1.645390e-03   8.914298e+01   3.697886e+01
 1.646010e-03   1.235665e+02   1.308700e+01
 1.646630e-03   6.871349e+01   3.567129e+01
 1.647250e-03  -1.269026e+01   7.584021e+01
 1.647870e-03  -5.178133e+01   7.960481e+01
 1.648490e-03   7.028928e+01   3.397556e+01
 1.649110e-03   4.609273e+01   5.267918e+01
 1.649730e-03   1.246917e+02   2.666194e+01
 1.650350e-03   0.000000e+00   0.000000e+00
 1.650970e-03   0.000000e+00   0.000000e+00
 1.651590e-03   0.000000e+00   0.000000e+00
 1.652210e-03   0.000000e+00   0.000000e+00
 1.652830e-03   0.000000e+00   0.000000e+00
 1.653450e-03   0.000000e+00   0.000000e+00
 1.654070e-03   0.000000e+00   0.000000e+00
 1.654690e-03   0.000000e+00   0.000000e+00
 inf   0.000000e+00   0.000000e+00
