Emu_lab bin centers    value    Error 
-inf   3.305326e-01   6.109425e-04
 9.500600e+04   2.472576e-05   5.860106e-07
 9.501800e+04   2.493827e-05   4.556553e-07
 9.503000e+04   2.437058e-05   5.809183e-07
 9.504200e+04   2.368829e-05   3.959199e-07
 9.505400e+04   2.518302e-05   4.110983e-07
 9.506600e+04   2.437998e-05   6.329996e-07
 9.507800e+04   2.465860e-05   4.101789e-07
 9.509000e+04   2.365753e-05   3.912303e-07
 9.510200e+04   2.485679e-05   5.494574e-07
 9.511400e+04   2.437176e-05   3.472196e-07
 9.512600e+04   2.561387e-05   7.190760e-07
 9.513800e+04   2.571294e-05   1.013597e-06
 9.515000e+04   2.548579e-05   6.461262e-07
 9.516200e+04   2.351411e-05   3.853782e-07
 9.517400e+04   2.420817e-05   4.758105e-07
 9.518600e+04   2.531378e-05   7.353766e-07
 9.519800e+04   2.426033e-05   2.764366e-07
 9.521000e+04   2.447561e-05   3.599016e-07
 9.522200e+04   2.458112e-05   4.422505e-07
 9.523400e+04   2.465651e-05   4.061513e-07
 9.524600e+04   2.554720e-05   2.483166e-07
 9.525800e+04   2.573753e-05   8.321985e-07
 9.527000e+04   2.576018e-05   9.085895e-07
 9.528200e+04   2.472330e-05   4.751025e-07
 9.529400e+04   2.539402e-05   7.458464e-07
 9.530600e+04   2.554438e-05   3.177529e-07
 9.531800e+04   2.560941e-05   3.990597e-07
 9.533000e+04   2.710386e-05   9.771829e-07
 9.534200e+04   2.560669e-05   4.271157e-07
 9.535400e+04   2.499884e-05   6.674228e-07
 9.536600e+04   2.519705e-05   4.980989e-07
 9.537800e+04   2.552754e-05   2.283881e-07
 9.539000e+04   2.609434e-05   5.412373e-07
 9.540200e+04   2.565446e-05   3.618666e-07
 9.541400e+04   2.450027e-05   4.245560e-07
 9.542600e+04   2.595117e-05   8.446928e-07
 9.543800e+04   2.750557e-05   1.986252e-06
 9.545000e+04   2.517702e-05   4.631325e-07
 9.546200e+04   2.562483e-05   6.739494e-07
 9.547400e+04   2.568374e-05   4.482209e-07
 9.548600e+04   2.561436e-05   3.965268e-07
 9.549800e+04   2.607972e-05   3.341519e-07
 9.551000e+04   2.564165e-05   3.178316e-07
 9.552200e+04   2.615740e-05   4.021666e-07
 9.553400e+04   2.694492e-05   5.171038e-07
 9.554600e+04   2.586337e-05   4.499478e-07
 9.555800e+04   2.647843e-05   3.424488e-07
 9.557000e+04   2.650157e-05   3.005100e-07
 9.558200e+04   2.653465e-05   4.642552e-07
 9.559400e+04   2.697421e-05   5.905246e-07
 9.560600e+04   2.779991e-05   6.443654e-07
 9.561800e+04   2.617469e-05   2.464815e-07
 9.563000e+04   2.647789e-05   5.583511e-07
 9.564200e+04   2.581330e-05   6.148963e-07
 9.565400e+04   2.722853e-05   5.030240e-07
 9.566600e+04   2.679463e-05   4.427308e-07
 9.567800e+04   2.682596e-05   5.606142e-07
 9.569000e+04   2.768584e-05   6.992209e-07
 9.570200e+04   2.708612e-05   4.389667e-07
 9.571400e+04   2.809780e-05   6.903909e-07
 9.572600e+04   2.691624e-05   2.281582e-07
 9.573800e+04   2.764811e-05   6.702900e-07
 9.575000e+04   2.667973e-05   6.004591e-07
 9.576200e+04   2.735583e-05   3.315904e-07
 9.577400e+04   2.789498e-05   3.669118e-07
 9.578600e+04   2.864832e-05   6.140394e-07
 9.579800e+04   2.666137e-05   5.949134e-07
 9.581000e+04   2.899586e-05   1.080743e-06
 9.582200e+04   2.810340e-05   8.755176e-07
 9.583400e+04   2.863636e-05   6.096481e-07
 9.584600e+04   2.928125e-05   1.262992e-06
 9.585800e+04   2.868389e-05   6.736555e-07
 9.587000e+04   2.884350e-05   5.253388e-07
 9.588200e+04   2.793079e-05   6.253034e-07
 9.589400e+04   2.793267e-05   4.079499e-07
 9.590600e+04   2.922462e-05   1.016817e-06
 9.591800e+04   2.863225e-05   5.141482e-07
 9.593000e+04   2.862440e-05   6.319223e-07
 9.594200e+04   2.843270e-05   6.039701e-07
 9.595400e+04   2.954645e-05   5.520261e-07
 9.596600e+04   2.882444e-05   4.653676e-07
 9.597800e+04   2.785090e-05   6.646349e-07
 9.599000e+04   2.898222e-05   8.146793e-07
 9.600200e+04   2.910448e-05   6.588979e-07
 9.601400e+04   2.853379e-05   4.913668e-07
 9.602600e+04   2.880089e-05   5.226499e-07
 9.603800e+04   2.940021e-05   6.182221e-07
 9.605000e+04   2.958929e-05   9.776078e-07
 9.606200e+04   2.844603e-05   5.425929e-07
 9.607400e+04   3.001792e-05   6.965698e-07
 9.608600e+04   2.957208e-05   6.453569e-07
 9.609800e+04   2.949478e-05   6.451708e-07
 9.611000e+04   2.948568e-05   5.188212e-07
 9.612200e+04   3.026669e-05   3.742994e-07
 9.613400e+04   2.962446e-05   4.167679e-07
 9.614600e+04   2.971327e-05   7.146711e-07
 9.615800e+04   3.036998e-05   5.631993e-07
 9.617000e+04   3.015174e-05   8.951666e-07
 9.618200e+04   3.052294e-05   4.783585e-07
 9.619400e+04   2.949666e-05   4.574484e-07
 9.620600e+04   3.026412e-05   4.483154e-07
 9.621800e+04   3.091536e-05   4.940140e-07
 9.623000e+04   3.021530e-05   6.510569e-07
 9.624200e+04   3.109401e-05   5.516326e-07
 9.625400e+04   3.077115e-05   5.771490e-07
 9.626600e+04   3.101685e-05   5.309107e-07
 9.627800e+04   3.015659e-05   4.616428e-07
 9.629000e+04   3.031241e-05   4.116059e-07
 9.630200e+04   3.027103e-05   5.739928e-07
 9.631400e+04   3.261628e-05   1.539394e-06
 9.632600e+04   3.087492e-05   4.554961e-07
 9.633800e+04   3.124349e-05   1.887629e-07
 9.635000e+04   3.226934e-05   6.532511e-07
 9.636200e+04   3.070179e-05   4.379326e-07
 9.637400e+04   3.119432e-05   7.214388e-07
 9.638600e+04   3.167757e-05   6.177255e-07
 9.639800e+04   3.203294e-05   6.868391e-07
 9.641000e+04   3.130918e-05   7.373983e-07
 9.642200e+04   3.360650e-05   1.168703e-06
 9.643400e+04   3.271949e-05   7.031618e-07
 9.644600e+04   3.309685e-05   6.718762e-07
 9.645800e+04   3.208928e-05   4.297018e-07
 9.647000e+04   3.281804e-05   7.818380e-07
 9.648200e+04   3.340005e-05   6.807664e-07
 9.649400e+04   3.265917e-05   2.821795e-07
 9.650600e+04   3.282317e-05   7.359171e-07
 9.651800e+04   3.343468e-05   7.718667e-07
 9.653000e+04   3.332541e-05   6.327710e-07
 9.654200e+04   3.256280e-05   6.153749e-07
 9.655400e+04   3.249822e-05   3.872983e-07
 9.656600e+04   3.204773e-05   3.912513e-07
 9.657800e+04   3.301606e-05   7.551886e-07
 9.659000e+04   3.294066e-05   3.783183e-07
 9.660200e+04   3.244147e-05   7.520391e-07
 9.661400e+04   3.385871e-05   5.793175e-07
 9.662600e+04   3.428378e-05   3.150224e-07
 9.663800e+04   3.405627e-05   6.489716e-07
 9.665000e+04   3.416258e-05   7.638465e-07
 9.666200e+04   3.334287e-05   4.340861e-07
 9.667400e+04   3.448127e-05   5.025223e-07
 9.668600e+04   3.357939e-05   6.825984e-07
 9.669800e+04   3.458757e-05   6.203206e-07
 9.671000e+04   3.502027e-05   5.179351e-07
 9.672200e+04   3.472938e-05   7.864628e-07
 9.673400e+04   3.477993e-05   1.271237e-06
 9.674600e+04   3.439041e-05   4.132522e-07
 9.675800e+04   3.541876e-05   7.221583e-07
 9.677000e+04   3.445508e-05   4.144698e-07
 9.678200e+04   3.616239e-05   7.462441e-07
 9.679400e+04   3.537099e-05   8.495834e-07
 9.680600e+04   3.588188e-05   9.282404e-07
 9.681800e+04   3.453155e-05   6.340177e-07
 9.683000e+04   3.630529e-05   1.158770e-06
 9.684200e+04   3.568179e-05   7.139686e-07
 9.685400e+04   3.601832e-05   7.112945e-07
 9.686600e+04   3.625470e-05   5.949391e-07
 9.687800e+04   3.644568e-05   6.194580e-07
 9.689000e+04   3.703604e-05   6.420817e-07
 9.690200e+04   3.579011e-05   4.407501e-07
 9.691400e+04   3.604531e-05   6.133989e-07
 9.692600e+04   3.622603e-05   6.512344e-07
 9.693800e+04   3.740856e-05   9.481789e-07
 9.695000e+04   3.723515e-05   5.345962e-07
 9.696200e+04   3.631879e-05   6.949739e-07
 9.697400e+04   3.763526e-05   7.245188e-07
 9.698600e+04   3.745233e-05   5.765578e-07
 9.699800e+04   3.767526e-05   6.131228e-07
 9.701000e+04   3.757112e-05   6.198202e-07
 9.702200e+04   3.768342e-05   5.850167e-07
 9.703400e+04   3.841864e-05   8.232694e-07
 9.704600e+04   3.873049e-05   7.677576e-07
 9.705800e+04   3.769740e-05   4.224553e-07
 9.707000e+04   3.896109e-05   1.230680e-06
 9.708200e+04   3.893216e-05   5.109556e-07
 9.709400e+04   3.765454e-05   6.457326e-07
 9.710600e+04   3.944855e-05   4.529128e-07
 9.711800e+04   4.023949e-05   7.012125e-07
 9.713000e+04   3.866704e-05   6.044362e-07
 9.714200e+04   3.993914e-05   8.589928e-07
 9.715400e+04   3.970627e-05   8.143228e-07
 9.716600e+04   3.964721e-05   7.328293e-07
 9.717800e+04   3.982540e-05   6.865984e-07
 9.719000e+04   3.988912e-05   6.394042e-07
 9.720200e+04   4.091833e-05   5.918645e-07
 9.721400e+04   3.944977e-05   8.297327e-07
 9.722600e+04   3.916838e-05   5.423645e-07
 9.723800e+04   4.156325e-05   7.583897e-07
 9.725000e+04   4.035092e-05   6.807302e-07
 9.726200e+04   4.062440e-05   7.758282e-07
 9.727400e+04   4.090558e-05   7.560657e-07
 9.728600e+04   4.033884e-05   5.559896e-07
 9.729800e+04   4.195496e-05   6.165248e-07
 9.731000e+04   4.210945e-05   8.714243e-07
 9.732200e+04   4.198188e-05   6.865168e-07
 9.733400e+04   4.274039e-05   8.588485e-07
 9.734600e+04   4.219320e-05   8.731635e-07
 9.735800e+04   4.318961e-05   7.932895e-07
 9.737000e+04   4.241944e-05   8.907359e-07
 9.738200e+04   4.275163e-05   5.772563e-07
 9.739400e+04   4.157830e-05   7.400797e-07
 9.740600e+04   4.375579e-05   8.474945e-07
 9.741800e+04   4.274718e-05   5.484251e-07
 9.743000e+04   4.406050e-05   9.590561e-07
 9.744200e+04   4.353068e-05   1.754743e-06
 9.745400e+04   4.504799e-05   5.074703e-07
 9.746600e+04   4.453779e-05   5.102686e-07
 9.747800e+04   4.360414e-05   5.917167e-07
 9.749000e+04   4.477898e-05   6.916335e-07
 9.750200e+04   4.476693e-05   7.943806e-07
 9.751400e+04   4.528860e-05   5.387177e-07
 9.752600e+04   4.454115e-05   9.154914e-07
 9.753800e+04   4.625245e-05   8.197503e-07
 9.755000e+04   4.477328e-05   6.916212e-07
 9.756200e+04   4.638182e-05   8.764091e-07
 9.757400e+04   4.568252e-05   8.859637e-07
 9.758600e+04   4.688124e-05   8.634096e-07
 9.759800e+04   4.651706e-05   1.110396e-06
 9.761000e+04   4.636664e-05   9.786970e-07
 9.762200e+04   4.787263e-05   1.064648e-06
 9.763400e+04   4.757071e-05   6.696752e-07
 9.764600e+04   4.609121e-05   6.631551e-07
 9.765800e+04   4.679319e-05   8.540954e-07
 9.767000e+04   4.846455e-05   5.074350e-07
 9.768200e+04   4.863320e-05   6.089176e-07
 9.769400e+04   4.806244e-05   7.373400e-07
 9.770600e+04   4.857362e-05   7.228223e-07
 9.771800e+04   4.789229e-05   7.141753e-07
 9.773000e+04   4.987246e-05   1.128590e-06
 9.774200e+04   4.974847e-05   7.366032e-07
 9.775400e+04   5.183570e-05   1.830246e-06
 9.776600e+04   4.872119e-05   1.031431e-06
 9.777800e+04   5.085961e-05   8.239767e-07
 9.779000e+04   5.036415e-05   6.941321e-07
 9.780200e+04   5.333680e-05   1.406797e-06
 9.781400e+04   5.277019e-05   6.616121e-07
 9.782600e+04   5.221865e-05   9.735838e-07
 9.783800e+04   5.134869e-05   6.258992e-07
 9.785000e+04   5.283699e-05   1.135801e-06
 9.786200e+04   5.297787e-05   1.182434e-06
 9.787400e+04   5.260175e-05   6.734195e-07
 9.788600e+04   5.139347e-05   8.757965e-07
 9.789800e+04   5.293481e-05   1.240465e-06
 9.791000e+04   5.513012e-05   1.275215e-06
 9.792200e+04   5.349877e-05   9.125269e-07
 9.793400e+04   5.430525e-05   9.614206e-07
 9.794600e+04   7.353132e-05   1.977235e-05
 9.795800e+04   5.320586e-05   6.112269e-07
 9.797000e+04   5.630477e-05   1.357914e-06
 9.798200e+04   5.445400e-05   7.471374e-07
 9.799400e+04   5.591592e-05   1.287671e-06
 9.800600e+04   5.624267e-05   6.805850e-07
 9.801800e+04   5.491561e-05   1.450770e-06
 9.803000e+04   5.620449e-05   7.358773e-07
 9.804200e+04   5.874926e-05   1.189891e-06
 9.805400e+04   5.646020e-05   6.406786e-07
 9.806600e+04   5.935560e-05   1.658342e-06
 9.807800e+04   5.823745e-05   1.206500e-06
 9.809000e+04   5.841985e-05   7.706352e-07
 9.810200e+04   5.838959e-05   6.172219e-07
 9.811400e+04   6.020937e-05   1.087860e-06
 9.812600e+04   6.201734e-05   7.418012e-07
 9.813800e+04   5.964477e-05   1.279126e-06
 9.815000e+04   6.076580e-05   1.165462e-06
 9.816200e+04   6.015918e-05   1.295119e-06
 9.817400e+04   6.084630e-05   9.369122e-07
 9.818600e+04   6.249538e-05   1.479787e-06
 9.819800e+04   6.131060e-05   1.129524e-06
 9.821000e+04   6.621280e-05   2.781731e-06
 9.822200e+04   6.426326e-05   1.197008e-06
 9.823400e+04   6.329047e-05   9.272385e-07
 9.824600e+04   6.316135e-05   9.661456e-07
 9.825800e+04   6.361535e-05   1.438172e-06
 9.827000e+04   6.314249e-05   6.336138e-07
 9.828200e+04   6.421750e-05   1.019458e-06
 9.829400e+04   6.590901e-05   1.406292e-06
 9.830600e+04   6.576467e-05   1.280847e-06
 9.831800e+04   6.715475e-05   1.385021e-06
 9.833000e+04   6.715975e-05   1.223600e-06
 9.834200e+04   6.692224e-05   8.130425e-07
 9.835400e+04   6.838999e-05   8.665135e-07
 9.836600e+04   6.692570e-05   6.872414e-07
 9.837800e+04   7.177617e-05   1.284419e-06
 9.839000e+04   6.833565e-05   1.077568e-06
 9.840200e+04   7.057411e-05   1.717330e-06
 9.841400e+04   7.068832e-05   1.716781e-06
 9.842600e+04   7.018124e-05   1.265797e-06
 9.843800e+04   7.298617e-05   1.768297e-06
 9.845000e+04   7.139517e-05   8.167676e-07
 9.846200e+04   7.221996e-05   1.114662e-06
 9.847400e+04   7.747616e-05   1.453207e-06
 9.848600e+04   7.316583e-05   8.266286e-07
 9.849800e+04   7.610750e-05   2.298705e-06
 9.851000e+04   7.448644e-05   6.156820e-07
 9.852200e+04   7.671991e-05   1.116459e-06
 9.853400e+04   7.946008e-05   1.576224e-06
 9.854600e+04   7.785831e-05   1.789295e-06
 9.855800e+04   7.687238e-05   1.014492e-06
 9.857000e+04   7.693524e-05   1.063532e-06
 9.858200e+04   8.000230e-05   1.776396e-06
 9.859400e+04   8.013804e-05   1.589319e-06
 9.860600e+04   8.186779e-05   1.908329e-06
 9.861800e+04   8.342327e-05   1.390015e-06
 9.863000e+04   8.462654e-05   4.095263e-06
 9.864200e+04   8.405983e-05   1.030106e-06
 9.865400e+04   8.266330e-05   1.381158e-06
 9.866600e+04   8.407275e-05   1.196706e-06
 9.867800e+04   8.505954e-05   1.563603e-06
 9.869000e+04   8.691680e-05   1.251169e-06
 9.870200e+04   8.661875e-05   1.689327e-06
 9.871400e+04   8.816517e-05   1.185865e-06
 9.872600e+04   8.904423e-05   1.820111e-06
 9.873800e+04   8.968036e-05   1.463482e-06
 9.875000e+04   9.086452e-05   1.167310e-06
 9.876200e+04   9.395695e-05   1.384329e-06
 9.877400e+04   9.070261e-05   7.640253e-07
 9.878600e+04   9.467464e-05   6.864605e-07
 9.879800e+04   9.310155e-05   1.479199e-06
 9.881000e+04   9.466203e-05   1.373257e-06
 9.882200e+04   9.267839e-05   1.366576e-06
 9.883400e+04   9.585004e-05   1.498013e-06
 9.884600e+04   9.886806e-05   1.659588e-06
 9.885800e+04   9.807028e-05   1.376512e-06
 9.887000e+04   9.798347e-05   2.480736e-06
 9.888200e+04   1.036786e-04   1.028671e-06
 9.889400e+04   1.007787e-04   1.786427e-06
 9.890600e+04   1.033995e-04   1.077486e-06
 9.891800e+04   1.030299e-04   3.027433e-06
 9.893000e+04   1.037537e-04   1.242734e-06
 9.894200e+04   1.057925e-04   1.563208e-06
 9.895400e+04   1.041131e-04   2.717101e-06
 9.896600e+04   1.082889e-04   1.471022e-06
 9.897800e+04   1.135657e-04   1.532789e-06
 9.899000e+04   1.106045e-04   1.858196e-06
 9.900200e+04   1.144313e-04   1.611047e-06
 9.901400e+04   1.176633e-04   1.735784e-06
 9.902600e+04   1.179093e-04   2.163866e-06
 9.903800e+04   1.205263e-04   2.148534e-06
 9.905000e+04   1.167081e-04   2.006040e-06
 9.906200e+04   1.200526e-04   2.110469e-06
 9.907400e+04   1.232773e-04   2.668603e-06
 9.908600e+04   1.295512e-04   1.488132e-06
 9.909800e+04   1.221430e-04   2.011251e-06
 9.911000e+04   1.302998e-04   2.749628e-06
 9.912200e+04   1.253388e-04   2.011485e-06
 9.913400e+04   1.329124e-04   2.170449e-06
 9.914600e+04   1.297370e-04   1.533880e-06
 9.915800e+04   1.350325e-04   2.146340e-06
 9.917000e+04   1.381651e-04   1.240207e-06
 9.918200e+04   1.387347e-04   1.319559e-06
 9.919400e+04   1.415999e-04   2.453414e-06
 9.920600e+04   1.415784e-04   2.756560e-06
 9.921800e+04   1.419145e-04   2.445495e-06
 9.923000e+04   1.482796e-04   2.960497e-06
 9.924200e+04   1.488446e-04   2.751257e-06
 9.925400e+04   1.540055e-04   3.787809e-06
 9.926600e+04   1.545141e-04   2.296779e-06
 9.927800e+04   1.542593e-04   2.123598e-06
 9.929000e+04   1.609817e-04   1.951598e-06
 9.930200e+04   1.595576e-04   2.434235e-06
 9.931400e+04   1.623829e-04   2.385009e-06
 9.932600e+04   1.689789e-04   2.050393e-06
 9.933800e+04   1.745407e-04   2.715560e-06
 9.935000e+04   1.741751e-04   2.535982e-06
 9.936200e+04   1.777783e-04   2.325962e-06
 9.937400e+04   1.830835e-04   2.755466e-06
 9.938600e+04   1.831109e-04   1.585402e-06
 9.939800e+04   1.860338e-04   3.373411e-06
 9.941000e+04   1.932664e-04   3.434076e-06
 9.942200e+04   1.952845e-04   2.017232e-06
 9.943400e+04   2.014903e-04   3.224973e-06
 9.944600e+04   2.033062e-04   2.508890e-06
 9.945800e+04   2.125004e-04   2.206702e-06
 9.947000e+04   2.109352e-04   3.151238e-06
 9.948200e+04   2.184368e-04   2.974761e-06
 9.949400e+04   2.258392e-04   3.533581e-06
 9.950600e+04   2.245593e-04   4.110260e-06
 9.951800e+04   2.344900e-04   4.335581e-06
 9.953000e+04   2.464980e-04   3.109608e-06
 9.954200e+04   2.491853e-04   3.046488e-06
 9.955400e+04   2.490686e-04   3.967595e-06
 9.956600e+04   2.603744e-04   3.755050e-06
 9.957800e+04   2.626138e-04   3.429152e-06
 9.959000e+04   2.799321e-04   2.699793e-06
 9.960200e+04   2.815047e-04   3.555080e-06
 9.961400e+04   2.952804e-04   1.843348e-06
 9.962600e+04   3.137748e-04   7.688704e-06
 9.963800e+04   3.127625e-04   3.897981e-06
 9.965000e+04   3.308057e-04   7.319919e-06
 9.966200e+04   3.408534e-04   5.370016e-06
 9.967400e+04   3.541843e-04   3.780159e-06
 9.968600e+04   3.582178e-04   4.979942e-06
 9.969800e+04   3.758766e-04   3.143949e-06
 9.971000e+04   4.070756e-04   8.430162e-06
 9.972200e+04   4.169972e-04   3.056510e-06
 9.973400e+04   4.312191e-04   3.940121e-06
 9.974600e+04   4.459298e-04   3.694721e-06
 9.975800e+04   4.777006e-04   4.991334e-06
 9.977000e+04   5.018419e-04   4.292440e-06
 9.978200e+04   5.386251e-04   2.208419e-06
 9.979400e+04   5.495656e-04   1.020818e-05
 9.980600e+04   6.149317e-04   7.972482e-06
 9.981800e+04   6.308827e-04   6.811453e-06
 9.983000e+04   6.783149e-04   7.667525e-06
 9.984200e+04   7.444272e-04   6.967057e-06
 9.985400e+04   8.036336e-04   1.057470e-05
 9.986600e+04   8.770019e-04   5.096696e-06
 9.987800e+04   9.490086e-04   1.571912e-05
 9.989000e+04   1.089221e-03   7.987427e-06
 9.990200e+04   1.209250e-03   1.697616e-05
 9.991400e+04   1.406540e-03   1.701945e-05
 9.992600e+04   1.662721e-03   1.482353e-05
 9.993800e+04   2.006718e-03   2.272095e-05
 9.995000e+04   2.540386e-03   9.960112e-06
 9.996200e+04   3.588939e-03   1.163621e-05
 9.997400e+04   3.680564e-02   1.787818e-04
 9.998600e+04   8.018440e-01   1.479829e-04
 9.999800e+04   2.021094e+01   2.031187e-04
 1.000100e+05   0.000000e+00   0.000000e+00
 1.000220e+05   0.000000e+00   0.000000e+00
 1.000340e+05   0.000000e+00   0.000000e+00
 1.000460e+05   0.000000e+00   0.000000e+00
 1.000580e+05   0.000000e+00   0.000000e+00
 1.000700e+05   0.000000e+00   0.000000e+00
 1.000820e+05   0.000000e+00   0.000000e+00
 1.000940e+05   0.000000e+00   0.000000e+00
 1.001060e+05   0.000000e+00   0.000000e+00
 1.001180e+05   0.000000e+00   0.000000e+00
 1.001300e+05   0.000000e+00   0.000000e+00
 1.001420e+05   0.000000e+00   0.000000e+00
 1.001540e+05   0.000000e+00   0.000000e+00
 1.001660e+05   0.000000e+00   0.000000e+00
 1.001780e+05   0.000000e+00   0.000000e+00
 1.001900e+05   0.000000e+00   0.000000e+00
 1.002020e+05   0.000000e+00   0.000000e+00
 1.002140e+05   0.000000e+00   0.000000e+00
 1.002260e+05   0.000000e+00   0.000000e+00
 1.002380e+05   0.000000e+00   0.000000e+00
 1.002500e+05   0.000000e+00   0.000000e+00
 1.002620e+05   0.000000e+00   0.000000e+00
 1.002740e+05   0.000000e+00   0.000000e+00
 1.002860e+05   0.000000e+00   0.000000e+00
 1.002980e+05   0.000000e+00   0.000000e+00
 1.003100e+05   0.000000e+00   0.000000e+00
 1.003220e+05   0.000000e+00   0.000000e+00
 1.003340e+05   0.000000e+00   0.000000e+00
 1.003460e+05   0.000000e+00   0.000000e+00
 1.003580e+05   0.000000e+00   0.000000e+00
 1.003700e+05   0.000000e+00   0.000000e+00
 1.003820e+05   0.000000e+00   0.000000e+00
 1.003940e+05   0.000000e+00   0.000000e+00
 1.004060e+05   0.000000e+00   0.000000e+00
 1.004180e+05   0.000000e+00   0.000000e+00
 1.004300e+05   0.000000e+00   0.000000e+00
 1.004420e+05   0.000000e+00   0.000000e+00
 1.004540e+05   0.000000e+00   0.000000e+00
 1.004660e+05   0.000000e+00   0.000000e+00
 1.004780e+05   0.000000e+00   0.000000e+00
 1.004900e+05   0.000000e+00   0.000000e+00
 1.005020e+05   0.000000e+00   0.000000e+00
 1.005140e+05   0.000000e+00   0.000000e+00
 1.005260e+05   0.000000e+00   0.000000e+00
 1.005380e+05   0.000000e+00   0.000000e+00
 1.005500e+05   0.000000e+00   0.000000e+00
 1.005620e+05   0.000000e+00   0.000000e+00
 1.005740e+05   0.000000e+00   0.000000e+00
 1.005860e+05   0.000000e+00   0.000000e+00
 1.005980e+05   0.000000e+00   0.000000e+00
 1.006100e+05   0.000000e+00   0.000000e+00
 1.006220e+05   0.000000e+00   0.000000e+00
 1.006340e+05   0.000000e+00   0.000000e+00
 1.006460e+05   0.000000e+00   0.000000e+00
 1.006580e+05   0.000000e+00   0.000000e+00
 1.006700e+05   0.000000e+00   0.000000e+00
 1.006820e+05   0.000000e+00   0.000000e+00
 1.006940e+05   0.000000e+00   0.000000e+00
 1.007060e+05   0.000000e+00   0.000000e+00
 1.007180e+05   0.000000e+00   0.000000e+00
 1.007300e+05   0.000000e+00   0.000000e+00
 1.007420e+05   0.000000e+00   0.000000e+00
 1.007540e+05   0.000000e+00   0.000000e+00
 1.007660e+05   0.000000e+00   0.000000e+00
 1.007780e+05   0.000000e+00   0.000000e+00
 1.007900e+05   0.000000e+00   0.000000e+00
 1.008020e+05   0.000000e+00   0.000000e+00
 1.008140e+05   0.000000e+00   0.000000e+00
 1.008260e+05   0.000000e+00   0.000000e+00
 1.008380e+05   0.000000e+00   0.000000e+00
 1.008500e+05   0.000000e+00   0.000000e+00
 1.008620e+05   0.000000e+00   0.000000e+00
 1.008740e+05   0.000000e+00   0.000000e+00
 1.008860e+05   0.000000e+00   0.000000e+00
 1.008980e+05   0.000000e+00   0.000000e+00
 1.009100e+05   0.000000e+00   0.000000e+00
 1.009220e+05   0.000000e+00   0.000000e+00
 1.009340e+05   0.000000e+00   0.000000e+00
 1.009460e+05   0.000000e+00   0.000000e+00
 1.009580e+05   0.000000e+00   0.000000e+00
 1.009700e+05   0.000000e+00   0.000000e+00
 1.009820e+05   0.000000e+00   0.000000e+00
 1.009940e+05   0.000000e+00   0.000000e+00
 inf   0.000000e+00   0.000000e+00
