th3_lab bin centers    value    Error 
-inf   0.000000e+00   0.000000e+00
 2.967100e-04   0.000000e+00   0.000000e+00
 3.001300e-04   2.622767e+02   3.760048e+01
 3.035500e-04   4.921051e+02   5.755462e+01
 3.069700e-04   4.872426e+02   2.451548e+01
 3.103900e-04   5.226074e+02   3.625828e+01
 3.138100e-04   5.397649e+02   2.558142e+01
 3.172300e-04   1.297944e+06   1.339213e+02
 3.206500e-04   1.591097e+06   1.932725e+02
 3.240700e-04   1.541269e+06   2.339730e+02
 3.274900e-04   1.493124e+06   2.092856e+02
 3.309100e-04   1.447601e+06   1.599563e+02
 3.343300e-04   1.402700e+06   4.722374e+02
 3.377500e-04   1.361517e+06   3.700676e+02
 3.411700e-04   1.320445e+06   2.814067e+02
 3.445900e-04   1.282085e+06   3.621290e+02
 3.480100e-04   1.243312e+06   2.402531e+02
 3.514300e-04   1.208294e+06   3.201451e+02
 3.548500e-04   1.173235e+06   2.385645e+02
 3.582700e-04   1.140023e+06   1.702740e+02
 3.616900e-04   1.107393e+06   2.068846e+02
 3.651100e-04   1.076949e+06   2.391181e+02
 3.685300e-04   1.047194e+06   2.425033e+02
 3.719500e-04   1.018356e+06   5.095336e+02
 3.753700e-04   9.905278e+05   5.296713e+02
 3.787900e-04   9.641286e+05   2.824779e+02
 3.822100e-04   9.382345e+05   3.141441e+02
 3.856300e-04   9.139104e+05   4.087139e+02
 3.890500e-04   8.894115e+05   4.309139e+02
 3.924700e-04   8.668706e+05   3.564837e+02
 3.958900e-04   8.442642e+05   2.780914e+02
 3.993100e-04   8.224488e+05   2.572377e+02
 4.027300e-04   8.019987e+05   3.331973e+02
 4.061500e-04   7.813933e+05   3.443611e+02
 4.095700e-04   7.623857e+05   3.403768e+02
 4.129900e-04   7.430026e+05   1.928937e+02
 4.164100e-04   7.250742e+05   2.005129e+02
 4.198300e-04   7.072487e+05   1.682853e+02
 4.232500e-04   6.903471e+05   1.887706e+02
 4.266700e-04   6.738894e+05   2.044273e+02
 4.300900e-04   6.581149e+05   2.189560e+02
 4.335100e-04   6.415577e+05   3.341139e+02
 4.369300e-04   6.281468e+05   3.616720e+02
 4.403500e-04   6.127064e+05   2.485432e+02
 4.437700e-04   5.985367e+05   3.112371e+02
 4.471900e-04   5.852605e+05   2.501627e+02
 4.506100e-04   5.714802e+05   2.570715e+02
 4.540300e-04   5.585598e+05   2.063998e+02
 4.574500e-04   5.466901e+05   2.604750e+02
 4.608700e-04   5.340042e+05   2.093251e+02
 4.642900e-04   5.224292e+05   1.981576e+02
 4.677100e-04   5.112400e+05   1.763413e+02
 4.711300e-04   4.997511e+05   2.398357e+02
 4.745500e-04   4.893514e+05   2.710259e+02
 4.779700e-04   4.786433e+05   2.129526e+02
 4.813900e-04   4.682556e+05   3.801341e+02
 4.848100e-04   4.588017e+05   1.540396e+02
 4.882300e-04   4.490130e+05   1.290698e+02
 4.916500e-04   4.398340e+05   2.278863e+02
 4.950700e-04   4.305619e+05   2.021320e+02
 4.984900e-04   4.215684e+05   1.525094e+02
 5.019100e-04   4.133394e+05   3.493192e+02
 5.053300e-04   4.048258e+05   2.563909e+02
 5.087500e-04   3.963459e+05   2.900153e+02
 5.121700e-04   3.885692e+05   2.016145e+02
 5.155900e-04   3.808625e+05   1.369076e+02
 5.190100e-04   3.735373e+05   1.732797e+02
 5.224300e-04   3.658809e+05   2.003130e+02
 5.258500e-04   3.591629e+05   2.631356e+02
 5.292700e-04   3.518391e+05   3.128856e+02
 5.326900e-04   3.449264e+05   2.053153e+02
 5.361100e-04   3.385946e+05   1.413392e+02
 5.395300e-04   3.319603e+05   2.299444e+02
 5.429500e-04   3.258650e+05   1.895251e+02
 5.463700e-04   3.198916e+05   1.135870e+02
 5.497900e-04   3.133931e+05   1.622599e+02
 5.532100e-04   3.081240e+05   2.577362e+02
 5.566300e-04   3.022827e+05   2.297487e+02
 5.600500e-04   2.966055e+05   1.851968e+02
 5.634700e-04   2.914224e+05   1.292139e+02
 5.668900e-04   2.862254e+05   2.007674e+02
 5.703100e-04   2.808928e+05   1.498814e+02
 5.737300e-04   2.758898e+05   1.309640e+02
 5.771500e-04   2.711380e+05   1.534090e+02
 5.805700e-04   2.660401e+05   2.361325e+02
 5.839900e-04   2.617121e+05   1.394664e+02
 5.874100e-04   2.570887e+05   1.359730e+02
 5.908300e-04   2.519527e+05   3.272638e+02
 5.942500e-04   2.482997e+05   2.195009e+02
 5.976700e-04   2.439082e+05   1.271504e+02
 6.010900e-04   2.389980e+05   2.579126e+02
 6.045100e-04   2.357569e+05   3.212695e+02
 6.079300e-04   2.315318e+05   3.031083e+02
 6.113500e-04   2.275751e+05   2.056261e+02
 6.147700e-04   2.240001e+05   1.815014e+02
 6.181900e-04   2.199619e+05   1.812556e+02
 6.216100e-04   2.166365e+05   1.721544e+02
 6.250300e-04   2.128338e+05   7.919271e+01
 6.284500e-04   2.092043e+05   1.369478e+02
 6.318700e-04   2.060094e+05   1.331848e+02
 6.352900e-04   2.027012e+05   1.069896e+02
 6.387100e-04   1.994463e+05   1.301778e+02
 6.421300e-04   1.961587e+05   1.516197e+02
 6.455500e-04   1.930447e+05   2.570642e+02
 6.489700e-04   1.898971e+05   1.088552e+02
 6.523900e-04   1.868981e+05   1.177350e+02
 6.558100e-04   1.839996e+05   1.184242e+02
 6.592300e-04   1.812405e+05   1.987441e+02
 6.626500e-04   1.782521e+05   1.562239e+02
 6.660700e-04   1.757006e+05   8.528265e+01
 6.694900e-04   1.728233e+05   1.308823e+02
 6.729100e-04   1.703735e+05   1.075282e+02
 6.763300e-04   1.678049e+05   1.286864e+02
 6.797500e-04   1.650345e+05   1.100576e+02
 6.831700e-04   1.627361e+05   1.867697e+02
 6.865900e-04   1.598689e+05   1.631163e+02
 6.900100e-04   1.576723e+05   1.489297e+02
 6.934300e-04   1.555901e+05   1.541499e+02
 6.968500e-04   1.531523e+05   1.066990e+02
 7.002700e-04   1.510077e+05   1.818815e+02
 7.036900e-04   1.486079e+05   1.246208e+02
 7.071100e-04   1.464988e+05   1.308464e+02
 7.105300e-04   1.442717e+05   2.550715e+02
 7.139500e-04   1.421769e+05   1.928402e+02
 7.173700e-04   1.403519e+05   1.436293e+02
 7.207900e-04   1.381087e+05   1.098389e+02
 7.242100e-04   1.362505e+05   1.474891e+02
 7.276300e-04   1.342065e+05   2.447149e+02
 7.310500e-04   1.323156e+05   1.537280e+02
 7.344700e-04   1.306453e+05   1.277423e+02
 7.378900e-04   1.284137e+05   1.892742e+02
 7.413100e-04   1.269808e+05   6.788147e+01
 7.447300e-04   1.253002e+05   1.437236e+02
 7.481500e-04   1.233042e+05   1.529370e+02
 7.515700e-04   1.217850e+05   1.320758e+02
 7.549900e-04   1.201106e+05   1.410398e+02
 7.584100e-04   1.185559e+05   1.571641e+02
 7.618300e-04   1.163176e+05   1.863838e+02
 7.652500e-04   1.155011e+05   1.308525e+02
 7.686700e-04   1.138406e+05   1.575523e+02
 7.720900e-04   1.122931e+05   1.666193e+02
 7.755100e-04   1.102420e+05   1.667867e+02
 7.789300e-04   1.093097e+05   1.207930e+02
 7.823500e-04   1.077923e+05   1.865950e+02
 7.857700e-04   1.061633e+05   1.937013e+02
 7.891900e-04   1.049598e+05   1.351180e+02
 7.926100e-04   1.037679e+05   1.286526e+02
 7.960300e-04   1.021070e+05   9.124303e+01
 7.994500e-04   1.008865e+05   8.713387e+01
 8.028700e-04   9.954545e+04   1.486662e+02
 8.062900e-04   9.832889e+04   1.511943e+02
 8.097100e-04   9.699649e+04   1.114879e+02
 8.131300e-04   9.582174e+04   1.201757e+02
 8.165500e-04   9.442558e+04   7.386846e+01
 8.199700e-04   9.347795e+04   8.160593e+01
 8.233900e-04   9.215435e+04   7.426954e+01
 8.268100e-04   9.086944e+04   9.173581e+01
 8.302300e-04   8.995800e+04   1.464171e+02
 8.336500e-04   8.855088e+04   1.780904e+02
 8.370700e-04   8.780681e+04   7.095929e+01
 8.404900e-04   8.648097e+04   1.324936e+02
 8.439100e-04   8.553919e+04   1.272412e+02
 8.473300e-04   8.447048e+04   1.038532e+02
 8.507500e-04   8.335765e+04   9.405032e+01
 8.541700e-04   8.249681e+04   7.028406e+01
 8.575900e-04   8.113678e+04   1.789445e+02
 8.610100e-04   8.045832e+04   4.683683e+01
 8.644300e-04   7.936178e+04   9.796677e+01
 8.678500e-04   7.864193e+04   1.184613e+02
 8.712700e-04   7.759603e+04   1.045246e+02
 8.746900e-04   7.671305e+04   6.276674e+01
 8.781100e-04   7.575764e+04   8.726860e+01
 8.815300e-04   7.477440e+04   1.060448e+02
 8.849500e-04   7.395773e+04   1.111013e+02
 8.883700e-04   7.307197e+04   1.581113e+02
 8.917900e-04   7.231240e+04   1.180108e+02
 8.952100e-04   7.143855e+04   7.195452e+01
 8.986300e-04   7.059133e+04   1.373722e+02
 9.020500e-04   6.961178e+04   1.933591e+02
 9.054700e-04   6.911791e+04   1.387169e+02
 9.088900e-04   6.798402e+04   1.787228e+02
 9.123100e-04   6.737442e+04   1.024061e+02
 9.157300e-04   6.654753e+04   1.325037e+02
 9.191500e-04   6.584023e+04   5.298514e+01
 9.225700e-04   6.519425e+04   1.286406e+02
 9.259900e-04   6.430786e+04   1.122320e+02
 9.294100e-04   6.377344e+04   1.386934e+02
 9.328300e-04   6.286502e+04   7.422072e+01
 9.362500e-04   6.229970e+04   5.932527e+01
 9.396700e-04   6.162246e+04   9.858414e+01
 9.430900e-04   6.088744e+04   1.318580e+02
 9.465100e-04   6.027772e+04   1.360254e+02
 9.499300e-04   5.957381e+04   4.691721e+01
 9.533500e-04   5.875498e+04   9.913464e+01
 9.567700e-04   5.826817e+04   1.056380e+02
 9.601900e-04   5.758905e+04   7.877280e+01
 9.636100e-04   5.713217e+04   1.166531e+02
 9.670300e-04   5.632887e+04   1.008811e+02
 9.704500e-04   5.565395e+04   1.199147e+02
 9.738700e-04   5.536836e+04   1.215936e+02
 9.772900e-04   5.468015e+04   5.333922e+01
 9.807100e-04   5.383436e+04   1.207379e+02
 9.841300e-04   5.347308e+04   1.059904e+02
 9.875500e-04   5.277575e+04   1.554702e+02
 9.909700e-04   5.227569e+04   4.756406e+01
 9.943900e-04   5.175266e+04   9.114089e+01
 9.978100e-04   5.116389e+04   5.666797e+01
 1.001230e-03   5.069442e+04   1.434571e+02
 1.004650e-03   5.017346e+04   7.959838e+01
 1.008070e-03   4.952951e+04   1.317795e+02
 1.011490e-03   4.911591e+04   7.245466e+01
 1.014910e-03   4.856622e+04   6.320171e+01
 1.018330e-03   4.813166e+04   9.163967e+01
 1.021750e-03   4.766461e+04   7.906600e+01
 1.025170e-03   4.708934e+04   7.967358e+01
 1.028590e-03   4.658416e+04   8.790956e+01
 1.032010e-03   4.624210e+04   2.533455e+02
 1.035430e-03   4.556987e+04   9.331183e+01
 1.038850e-03   4.530390e+04   6.316297e+01
 1.042270e-03   4.502724e+04   9.658755e+01
 1.045690e-03   4.421093e+04   1.133325e+02
 1.049110e-03   4.387103e+04   9.185266e+01
 1.052530e-03   4.360779e+04   1.679222e+02
 1.055950e-03   4.292152e+04   7.138581e+01
 1.059370e-03   4.236538e+04   1.397239e+02
 1.062790e-03   4.227288e+04   1.086854e+02
 1.066210e-03   4.178707e+04   9.259249e+01
 1.069630e-03   4.139226e+04   8.831475e+01
 1.073050e-03   4.098130e+04   6.833292e+01
 1.076470e-03   4.063876e+04   6.070239e+01
 1.079890e-03   4.007719e+04   6.834359e+01
 1.083310e-03   3.964014e+04   1.043389e+02
 1.086730e-03   3.936752e+04   6.048684e+01
 1.090150e-03   3.899786e+04   9.224419e+01
 1.093570e-03   3.876134e+04   8.875482e+01
 1.096990e-03   3.808254e+04   1.224242e+02
 1.100410e-03   3.782179e+04   7.643947e+01
 1.103830e-03   3.752228e+04   1.204610e+02
 1.107250e-03   3.719640e+04   1.322659e+02
 1.110670e-03   3.692219e+04   1.075609e+02
 1.114090e-03   3.634795e+04   6.851191e+01
 1.117510e-03   3.610605e+04   8.730300e+01
 1.120930e-03   3.571214e+04   7.025144e+01
 1.124350e-03   3.550232e+04   6.112682e+01
 1.127770e-03   3.499205e+04   6.785574e+01
 1.131190e-03   3.486109e+04   7.142262e+01
 1.134610e-03   3.437908e+04   6.110267e+01
 1.138030e-03   3.412141e+04   5.131207e+01
 1.141450e-03   3.395764e+04   1.036886e+02
 1.144870e-03   3.352545e+04   8.813724e+01
 1.148290e-03   3.320570e+04   5.146896e+01
 1.151710e-03   3.278527e+04   7.391603e+01
 1.155130e-03   3.270196e+04   6.855164e+01
 1.158550e-03   3.215358e+04   1.462467e+02
 1.161970e-03   3.215120e+04   1.189270e+02
 1.165390e-03   3.161404e+04   7.256825e+01
 1.168810e-03   3.146442e+04   7.148868e+01
 1.172230e-03   3.109760e+04   8.556569e+01
 1.175650e-03   3.095010e+04   5.543979e+01
 1.179070e-03   3.058091e+04   6.112141e+01
 1.182490e-03   3.040417e+04   1.113549e+02
 1.185910e-03   2.997187e+04   1.429547e+02
 1.189330e-03   2.977256e+04   7.905169e+01
 1.192750e-03   2.941386e+04   8.624061e+01
 1.196170e-03   2.912069e+04   7.162143e+01
 1.199590e-03   2.904191e+04   5.862564e+01
 1.203010e-03   2.873133e+04   7.397887e+01
 1.206430e-03   2.832538e+04   7.813622e+01
 1.209850e-03   2.831959e+04   7.469400e+01
 1.213270e-03   2.789231e+04   7.791853e+01
 1.216690e-03   2.787624e+04   1.167758e+02
 1.220110e-03   2.752170e+04   7.945720e+01
 1.223530e-03   2.720677e+04   7.352390e+01
 1.226950e-03   2.700399e+04   4.775643e+01
 1.230370e-03   2.674791e+04   6.258091e+01
 1.233790e-03   2.655621e+04   5.612527e+01
 1.237210e-03   2.636002e+04   9.149974e+01
 1.240630e-03   2.604414e+04   1.021575e+02
 1.244050e-03   2.595924e+04   8.969354e+01
 1.247470e-03   2.560939e+04   5.879409e+01
 1.250890e-03   2.536231e+04   8.049977e+01
 1.254310e-03   2.520934e+04   8.758822e+01
 1.257730e-03   2.512516e+04   8.743317e+01
 1.261150e-03   2.481532e+04   6.693307e+01
 1.264570e-03   2.445782e+04   7.450498e+01
 1.267990e-03   2.442242e+04   9.817293e+01
 1.271410e-03   2.422106e+04   7.735016e+01
 1.274830e-03   2.399232e+04   6.209544e+01
 1.278250e-03   2.370805e+04   7.191421e+01
 1.281670e-03   2.353986e+04   7.306403e+01
 1.285090e-03   2.328251e+04   6.225303e+01
 1.288510e-03   2.343026e+04   8.229800e+01
 1.291930e-03   2.288539e+04   5.951164e+01
 1.295350e-03   2.283927e+04   4.968336e+01
 1.298770e-03   2.264867e+04   8.072038e+01
 1.302190e-03   2.242536e+04   6.313095e+01
 1.305610e-03   2.233412e+04   7.227727e+01
 1.309030e-03   2.199703e+04   8.026821e+01
 1.312450e-03   2.196130e+04   7.368783e+01
 1.315870e-03   2.172098e+04   8.697491e+01
 1.319290e-03   2.144215e+04   9.522315e+01
 1.322710e-03   2.141764e+04   7.298032e+01
 1.326130e-03   2.119322e+04   6.580550e+01
 1.329550e-03   2.090879e+04   7.775833e+01
 1.332970e-03   2.093267e+04   5.874742e+01
 1.336390e-03   2.071460e+04   5.679262e+01
 1.339810e-03   2.067299e+04   5.795850e+01
 1.343230e-03   2.023530e+04   5.077001e+01
 1.346650e-03   2.034444e+04   5.607509e+01
 1.350070e-03   2.005781e+04   4.693437e+01
 1.353490e-03   1.987386e+04   6.240349e+01
 1.356910e-03   1.973234e+04   9.497366e+01
 1.360330e-03   1.952554e+04   7.863767e+01
 1.363750e-03   1.947595e+04   3.999275e+01
 1.367170e-03   1.930196e+04   5.414409e+01
 1.370590e-03   1.912070e+04   5.426132e+01
 1.374010e-03   1.902295e+04   7.087269e+01
 1.377430e-03   1.880483e+04   5.343407e+01
 1.380850e-03   1.877127e+04   7.959345e+01
 1.384270e-03   1.859489e+04   6.715640e+01
 1.387690e-03   1.836873e+04   4.747651e+01
 1.391110e-03   1.840769e+04   6.805952e+01
 1.394530e-03   1.806828e+04   1.017689e+02
 1.397950e-03   1.798390e+04   3.945828e+01
 1.401370e-03   1.779893e+04   5.497985e+01
 1.404790e-03   1.768766e+04   4.892463e+01
 1.408210e-03   1.756259e+04   6.218351e+01
 1.411630e-03   1.748323e+04   8.928829e+01
 1.415050e-03   1.722306e+04   4.538190e+01
 1.418470e-03   1.717555e+04   4.826976e+01
 1.421890e-03   1.717233e+04   4.885940e+01
 1.425310e-03   1.691411e+04   3.940870e+01
 1.428730e-03   1.673941e+04   5.553461e+01
 1.432150e-03   1.670988e+04   4.289274e+01
 1.435570e-03   1.641430e+04   5.236438e+01
 1.438990e-03   1.642761e+04   4.609094e+01
 1.442410e-03   1.627944e+04   3.934702e+01
 1.445830e-03   1.608255e+04   4.190621e+01
 1.449250e-03   1.599935e+04   5.547881e+01
 1.452670e-03   1.593389e+04   4.306261e+01
 1.456090e-03   1.583913e+04   4.685511e+01
 1.459510e-03   1.570912e+04   5.290168e+01
 1.462930e-03   1.553423e+04   4.984666e+01
 1.466350e-03   1.548183e+04   4.815612e+01
 1.469770e-03   1.539135e+04   4.935349e+01
 1.473190e-03   1.513462e+04   4.893559e+01
 1.476610e-03   1.517375e+04   4.230474e+01
 1.480030e-03   1.494629e+04   4.136656e+01
 1.483450e-03   1.488655e+04   4.597831e+01
 1.486870e-03   1.485263e+04   7.245231e+01
 1.490290e-03   1.460452e+04   5.470348e+01
 1.493710e-03   1.459983e+04   4.479165e+01
 1.497130e-03   1.448532e+04   3.426525e+01
 1.500550e-03   1.440863e+04   4.813637e+01
 1.503970e-03   1.425254e+04   5.029656e+01
 1.507390e-03   1.418960e+04   3.682147e+01
 1.510810e-03   1.409306e+04   4.431522e+01
 1.514230e-03   1.397800e+04   4.713019e+01
 1.517650e-03   1.380387e+04   4.716266e+01
 1.521070e-03   1.381484e+04   4.633878e+01
 1.524490e-03   1.366572e+04   4.540958e+01
 1.527910e-03   1.360099e+04   4.246025e+01
 1.531330e-03   1.343104e+04   3.470272e+01
 1.534750e-03   1.336630e+04   3.249559e+01
 1.538170e-03   1.316951e+04   3.941741e+01
 1.541590e-03   1.327488e+04   4.630573e+01
 1.545010e-03   1.313840e+04   5.023915e+01
 1.548430e-03   1.307262e+04   4.686066e+01
 1.551850e-03   1.287902e+04   3.704078e+01
 1.555270e-03   1.279500e+04   2.506802e+01
 1.558690e-03   1.273962e+04   5.694502e+01
 1.562110e-03   1.258996e+04   3.796700e+01
 1.565530e-03   1.260856e+04   2.951601e+01
 1.568950e-03   1.248176e+04   5.506726e+01
 1.572370e-03   1.235164e+04   7.142010e+01
 1.575790e-03   1.229080e+04   3.449826e+01
 1.579210e-03   1.217478e+04   6.886195e+01
 1.582630e-03   1.210458e+04   3.273527e+01
 1.586050e-03   1.196252e+04   4.162169e+01
 1.589470e-03   1.214116e+04   5.825521e+01
 1.592890e-03   1.175359e+04   7.047204e+01
 1.596310e-03   1.193266e+04   7.827180e+01
 1.599730e-03   1.174407e+04   3.994847e+01
 1.603150e-03   1.168285e+04   5.528302e+01
 1.606570e-03   1.157051e+04   3.104803e+01
 1.609990e-03   1.145361e+04   4.535883e+01
 1.613410e-03   1.137868e+04   4.727075e+01
 1.616830e-03   1.135936e+04   4.241866e+01
 1.620250e-03   1.129662e+04   3.378697e+01
 1.623670e-03   1.106407e+04   1.058403e+02
 1.627090e-03   1.112468e+04   3.359724e+01
 1.630510e-03   1.097363e+04   4.963833e+01
 1.633930e-03   1.099165e+04   4.532065e+01
 1.637350e-03   1.084387e+04   3.420562e+01
 1.640770e-03   1.082096e+04   2.834672e+01
 1.644190e-03   1.074712e+04   3.307782e+01
 1.647610e-03   1.064507e+04   3.015795e+01
 1.651030e-03   1.058179e+04   2.133992e+01
 1.654450e-03   1.052267e+04   3.407767e+01
 1.657870e-03   1.046208e+04   3.204369e+01
 1.661290e-03   1.043767e+04   3.283735e+01
 1.664710e-03   1.029748e+04   2.856220e+01
 1.668130e-03   1.027940e+04   1.858385e+01
 1.671550e-03   1.012591e+04   1.998773e+01
 1.674970e-03   1.006200e+04   1.034874e+02
 1.678390e-03   9.959902e+03   3.492660e+01
 1.681810e-03   1.001635e+04   3.006557e+01
 1.685230e-03   9.927258e+03   3.418177e+01
 1.688650e-03   9.882512e+03   3.455913e+01
 1.692070e-03   9.779641e+03   2.518522e+01
 1.695490e-03   9.722184e+03   2.575364e+01
 1.698910e-03   9.701423e+03   4.469899e+01
 1.702330e-03   9.649434e+03   2.492335e+01
 1.705750e-03   9.512157e+03   2.641293e+01
 1.709170e-03   9.492192e+03   2.463746e+01
 1.712590e-03   9.413906e+03   3.182971e+01
 1.716010e-03   9.468047e+03   5.039118e+01
 1.719430e-03   9.232635e+03   3.985846e+01
 1.722850e-03   9.243251e+03   1.742488e+01
 1.726270e-03   9.219529e+03   3.134506e+01
 1.729690e-03   9.131303e+03   2.554351e+01
 1.733110e-03   9.092858e+03   2.732695e+01
 1.736530e-03   9.017720e+03   3.048027e+01
 1.739950e-03   8.954936e+03   1.910929e+01
 1.743370e-03   8.915395e+03   2.972768e+01
 1.746790e-03   8.835686e+03   2.238721e+01
 1.750210e-03   8.792581e+03   3.718997e+01
 1.753630e-03   8.720398e+03   3.352223e+01
 1.757050e-03   8.666167e+03   2.222903e+01
 1.760470e-03   8.588923e+03   2.814319e+01
 1.763890e-03   8.576321e+03   1.936341e+01
 1.767310e-03   8.502292e+03   1.345038e+01
 1.770730e-03   8.444287e+03   3.350968e+01
 1.774150e-03   8.390219e+03   2.297928e+01
 1.777570e-03   8.343041e+03   3.067234e+01
 1.780990e-03   8.361035e+03   2.844413e+01
 1.784410e-03   8.281070e+03   3.047019e+01
 1.787830e-03   8.147702e+03   2.910605e+01
 1.791250e-03   8.154955e+03   2.326833e+01
 1.794670e-03   8.106592e+03   1.916002e+01
 1.798090e-03   7.976420e+03   6.918393e+01
 1.801510e-03   8.005911e+03   2.952995e+01
 1.804930e-03   7.965641e+03   2.149974e+01
 1.808350e-03   7.906833e+03   1.739002e+01
 1.811770e-03   7.984048e+03   7.878900e+01
 1.815190e-03   7.825405e+03   3.342795e+01
 1.818610e-03   7.738243e+03   3.267088e+01
 1.822030e-03   7.747404e+03   4.660703e+01
 1.825450e-03   7.715577e+03   3.181273e+01
 1.828870e-03   7.548823e+03   2.839638e+01
 1.832290e-03   7.570213e+03   3.747628e+01
 1.835710e-03   7.533677e+03   4.340986e+01
 1.839130e-03   7.544500e+03   3.132631e+01
 1.842550e-03   7.376148e+03   5.129590e+01
 1.845970e-03   7.442310e+03   4.377688e+01
 1.849390e-03   7.327564e+03   2.804943e+01
 1.852810e-03   7.248332e+03   4.382357e+01
 1.856230e-03   7.301682e+03   3.378124e+01
 1.859650e-03   7.205234e+03   3.763859e+01
 1.863070e-03   7.138651e+03   3.883186e+01
 1.866490e-03   7.185541e+03   4.639871e+01
 1.869910e-03   7.103246e+03   3.643456e+01
 1.873330e-03   6.987562e+03   4.125727e+01
 1.876750e-03   7.061192e+03   2.116789e+01
 1.880170e-03   6.897058e+03   3.557754e+01
 1.883590e-03   6.970170e+03   3.597976e+01
 1.887010e-03   6.878386e+03   2.148149e+01
 1.890430e-03   6.817292e+03   5.734005e+01
 1.893850e-03   6.818969e+03   5.300628e+01
 1.897270e-03   6.811777e+03   7.458084e+01
 1.900690e-03   6.723233e+03   2.882738e+01
 1.904110e-03   6.596974e+03   6.517859e+01
 1.907530e-03   6.725430e+03   1.228390e+02
 1.910950e-03   6.634713e+03   3.423965e+01
 1.914370e-03   6.513583e+03   4.388926e+01
 1.917790e-03   6.477212e+03   2.081927e+01
 1.921210e-03   6.482457e+03   2.152366e+01
 1.924630e-03   6.503391e+03   6.982764e+01
 1.928050e-03   6.392680e+03   2.698377e+01
 1.931470e-03   6.348956e+03   2.885539e+01
 1.934890e-03   6.340953e+03   4.836567e+01
 1.938310e-03   6.386910e+03   5.817507e+01
 1.941730e-03   6.291918e+03   2.630111e+01
 1.945150e-03   6.244839e+03   2.187135e+01
 1.948570e-03   6.113860e+03   3.731911e+01
 1.951990e-03   6.167176e+03   1.237269e+01
 1.955410e-03   6.118388e+03   1.175637e+01
 1.958830e-03   6.105542e+03   1.960611e+01
 1.962250e-03   6.033400e+03   1.846797e+01
 1.965670e-03   6.067234e+03   2.239261e+01
 1.969090e-03   5.983968e+03   1.649943e+01
 1.972510e-03   5.936519e+03   2.240372e+01
 1.975930e-03   5.935840e+03   1.564231e+01
 1.979350e-03   5.870353e+03   8.881763e+00
 1.982770e-03   5.855546e+03   1.453723e+01
 1.986190e-03   5.836657e+03   1.812787e+01
 1.989610e-03   5.796966e+03   1.988089e+01
 1.993030e-03   5.761082e+03   1.650064e+01
 1.996450e-03   5.313132e+03   2.077099e+02
 1.999870e-03   2.266499e+03   4.110118e+02
 2.003290e-03   0.000000e+00   0.000000e+00
 inf   0.000000e+00   0.000000e+00
