Eph_lab bin centers    value    Error 
-inf   3.758548e+00   4.321893e-02
 1.099000e+03   9.058947e-06   1.137782e-07
 1.297000e+03   7.638837e-06   1.390856e-07
 1.495000e+03   6.427746e-06   9.250922e-08
 1.693000e+03   5.788937e-06   1.001889e-07
 1.891000e+03   4.973867e-06   7.951624e-08
 2.089000e+03   4.605320e-06   9.793326e-08
 2.287000e+03   4.097128e-06   9.064776e-08
 2.485000e+03   3.816135e-06   4.299678e-08
 2.683000e+03   3.643881e-06   5.565020e-08
 2.881000e+03   3.221447e-06   5.856580e-08
 3.079000e+03   3.112861e-06   5.028905e-08
 3.277000e+03   2.999384e-06   7.573688e-08
 3.475000e+03   2.775397e-06   5.378479e-08
 3.673000e+03   2.578689e-06   4.449387e-08
 3.871000e+03   2.484350e-06   6.923405e-08
 4.069000e+03   2.326050e-06   3.408482e-08
 4.267000e+03   2.271810e-06   6.212640e-08
 4.465000e+03   2.083641e-06   4.126382e-08
 4.663000e+03   2.150377e-06   5.871608e-08
 4.861000e+03   1.910711e-06   4.149089e-08
 5.059000e+03   1.899815e-06   4.438163e-08
 5.257000e+03   1.842025e-06   4.993900e-08
 5.455000e+03   1.707943e-06   3.443040e-08
 5.653000e+03   1.717446e-06   5.065134e-08
 5.851000e+03   1.640980e-06   4.373951e-08
 6.049000e+03   1.580509e-06   2.304545e-08
 6.247000e+03   1.544294e-06   3.184016e-08
 6.445000e+03   1.473670e-06   4.406812e-08
 6.643000e+03   1.447563e-06   2.923963e-08
 6.841000e+03   1.435657e-06   5.377394e-08
 7.039000e+03   1.309943e-06   2.455744e-08
 7.237000e+03   1.308216e-06   3.069481e-08
 7.435000e+03   1.211990e-06   1.800690e-08
 7.633000e+03   1.253470e-06   4.055324e-08
 7.831000e+03   1.145207e-06   2.484987e-08
 8.029000e+03   1.185368e-06   3.227134e-08
 8.227000e+03   1.156430e-06   3.051580e-08
 8.425000e+03   1.102410e-06   2.837117e-08
 8.623000e+03   1.135927e-06   4.513577e-08
 8.821000e+03   1.097016e-06   2.097622e-08
 9.019000e+03   1.018231e-06   2.766963e-08
 9.217000e+03   1.008348e-06   3.009327e-08
 9.415000e+03   9.550363e-07   3.401590e-08
 9.613000e+03   1.053114e-06   2.656468e-08
 9.811000e+03   9.429179e-07   2.319881e-08
 1.000900e+04   1.001414e-06   4.196744e-08
 1.020700e+04   9.471347e-07   3.825941e-08
 1.040500e+04   9.479071e-07   2.428522e-08
 1.060300e+04   8.905899e-07   2.429981e-08
 1.080100e+04   8.274808e-07   2.996273e-08
 1.099900e+04   8.502405e-07   2.448356e-08
 1.119700e+04   8.581152e-07   3.156378e-08
 1.139500e+04   7.989232e-07   2.171017e-08
 1.159300e+04   7.405179e-07   2.233599e-08
 1.179100e+04   7.513423e-07   2.933364e-08
 1.198900e+04   8.197958e-07   3.051429e-08
 1.218700e+04   8.236466e-07   3.064595e-08
 1.238500e+04   7.327248e-07   2.408945e-08
 1.258300e+04   7.624371e-07   2.163289e-08
 1.278100e+04   6.410141e-07   2.548101e-08
 1.297900e+04   7.504145e-07   3.275053e-08
 1.317700e+04   6.831023e-07   2.158458e-08
 1.337500e+04   7.878467e-07   3.873670e-08
 1.357300e+04   6.748161e-07   3.557999e-08
 1.377100e+04   6.113785e-07   4.599538e-08
 1.396900e+04   6.573031e-07   2.654075e-08
 1.416700e+04   6.595355e-07   3.524208e-08
 1.436500e+04   6.153715e-07   3.460462e-08
 1.456300e+04   6.948939e-07   1.743599e-08
 1.476100e+04   6.874510e-07   2.916538e-08
 1.495900e+04   6.849035e-07   1.399412e-08
 1.515700e+04   6.295548e-07   2.957230e-08
 1.535500e+04   6.558318e-07   5.145572e-08
 1.555300e+04   6.214507e-07   1.823926e-08
 1.575100e+04   5.452083e-07   1.890344e-08
 1.594900e+04   6.076552e-07   1.689166e-08
 1.614700e+04   6.049625e-07   2.719633e-08
 1.634500e+04   5.986436e-07   3.892305e-08
 1.654300e+04   5.885669e-07   2.608996e-08
 1.674100e+04   6.526672e-07   3.229559e-08
 1.693900e+04   5.622951e-07   3.027562e-08
 1.713700e+04   5.337174e-07   4.212091e-08
 1.733500e+04   5.409550e-07   2.587618e-08
 1.753300e+04   5.707946e-07   3.527332e-08
 1.773100e+04   5.271585e-07   3.078333e-08
 1.792900e+04   5.709597e-07   2.190485e-08
 1.812700e+04   4.149294e-07   2.639440e-08
 1.832500e+04   4.487196e-07   3.138258e-08
 1.852300e+04   5.696819e-07   3.696768e-08
 1.872100e+04   5.321545e-07   3.775040e-08
 1.891900e+04   5.730148e-07   4.477009e-08
 1.911700e+04   5.399549e-07   3.848507e-08
 1.931500e+04   5.101384e-07   5.426281e-08
 1.951300e+04   5.516452e-07   4.790373e-08
 1.971100e+04   4.463866e-07   3.276987e-08
 1.990900e+04   4.867526e-07   3.177645e-08
 2.010700e+04   4.281596e-07   2.137013e-08
 2.030500e+04   4.721342e-07   3.253282e-08
 2.050300e+04   4.434600e-07   2.732518e-08
 2.070100e+04   4.918145e-07   4.430549e-08
 2.089900e+04   4.405276e-07   2.701533e-08
 2.109700e+04   5.515419e-07   4.692984e-08
 2.129500e+04   3.397457e-07   2.400191e-08
 2.149300e+04   5.638733e-07   6.959493e-08
 2.169100e+04   4.109098e-07   2.653013e-08
 2.188900e+04   4.646709e-07   4.439281e-08
 2.208700e+04   4.961574e-07   5.327688e-08
 2.228500e+04   4.600906e-07   5.952716e-08
 2.248300e+04   4.912835e-07   4.779628e-08
 2.268100e+04   3.938163e-07   2.569765e-08
 2.287900e+04   4.290925e-07   4.003149e-08
 2.307700e+04   4.750851e-07   4.027047e-08
 2.327500e+04   3.012455e-07   1.527993e-08
 2.347300e+04   4.957118e-07   7.418022e-08
 2.367100e+04   4.048160e-07   5.010519e-08
 2.386900e+04   4.162650e-07   3.861789e-08
 2.406700e+04   3.808990e-07   2.754810e-08
 2.426500e+04   3.776570e-07   3.671480e-08
 2.446300e+04   3.704265e-07   4.427266e-08
 2.466100e+04   3.868448e-07   5.045776e-08
 2.485900e+04   3.404544e-07   3.859865e-08
 2.505700e+04   4.628502e-07   5.064861e-08
 2.525500e+04   4.235688e-07   5.977045e-08
 2.545300e+04   3.556107e-07   4.350695e-08
 2.565100e+04   3.062755e-07   2.567181e-08
 2.584900e+04   3.820760e-07   5.562501e-08
 2.604700e+04   4.801111e-07   6.969421e-08
 2.624500e+04   3.439638e-07   2.843250e-08
 2.644300e+04   3.580250e-07   4.221201e-08
 2.664100e+04   3.980468e-07   4.775710e-08
 2.683900e+04   4.282610e-07   4.817353e-08
 2.703700e+04   5.175892e-07   8.542661e-08
 2.723500e+04   2.782121e-07   2.857776e-08
 2.743300e+04   3.765696e-07   4.990500e-08
 2.763100e+04   2.594218e-07   4.000058e-08
 2.782900e+04   3.060800e-07   5.324675e-08
 2.802700e+04   6.416274e-07   1.818659e-07
 2.822500e+04   2.778029e-07   4.605256e-08
 2.842300e+04   3.057118e-07   4.921237e-08
 2.862100e+04   3.604532e-07   4.837270e-08
 2.881900e+04   3.137833e-07   3.354686e-08
 2.901700e+04   2.216469e-07   2.525587e-08
 2.921500e+04   2.852643e-07   2.888595e-08
 2.941300e+04   3.593600e-07   4.473200e-08
 2.961100e+04   3.070958e-07   4.467721e-08
 2.980900e+04   2.485644e-07   3.506387e-08
 3.000700e+04   9.497015e-08   1.985688e-08
 3.020500e+04   0.000000e+00   0.000000e+00
 3.040300e+04   0.000000e+00   0.000000e+00
 3.060100e+04   0.000000e+00   0.000000e+00
 3.079900e+04   0.000000e+00   0.000000e+00
 3.099700e+04   0.000000e+00   0.000000e+00
 3.119500e+04   0.000000e+00   0.000000e+00
 3.139300e+04   0.000000e+00   0.000000e+00
 3.159100e+04   0.000000e+00   0.000000e+00
 3.178900e+04   0.000000e+00   0.000000e+00
 3.198700e+04   0.000000e+00   0.000000e+00
 3.218500e+04   0.000000e+00   0.000000e+00
 3.238300e+04   0.000000e+00   0.000000e+00
 3.258100e+04   0.000000e+00   0.000000e+00
 3.277900e+04   0.000000e+00   0.000000e+00
 3.297700e+04   0.000000e+00   0.000000e+00
 3.317500e+04   0.000000e+00   0.000000e+00
 3.337300e+04   0.000000e+00   0.000000e+00
 3.357100e+04   0.000000e+00   0.000000e+00
 3.376900e+04   0.000000e+00   0.000000e+00
 3.396700e+04   0.000000e+00   0.000000e+00
 3.416500e+04   0.000000e+00   0.000000e+00
 3.436300e+04   0.000000e+00   0.000000e+00
 3.456100e+04   0.000000e+00   0.000000e+00
 3.475900e+04   0.000000e+00   0.000000e+00
 3.495700e+04   0.000000e+00   0.000000e+00
 3.515500e+04   0.000000e+00   0.000000e+00
 3.535300e+04   0.000000e+00   0.000000e+00
 3.555100e+04   0.000000e+00   0.000000e+00
 3.574900e+04   0.000000e+00   0.000000e+00
 3.594700e+04   0.000000e+00   0.000000e+00
 3.614500e+04   0.000000e+00   0.000000e+00
 3.634300e+04   0.000000e+00   0.000000e+00
 3.654100e+04   0.000000e+00   0.000000e+00
 3.673900e+04   0.000000e+00   0.000000e+00
 3.693700e+04   0.000000e+00   0.000000e+00
 3.713500e+04   0.000000e+00   0.000000e+00
 3.733300e+04   0.000000e+00   0.000000e+00
 3.753100e+04   0.000000e+00   0.000000e+00
 3.772900e+04   0.000000e+00   0.000000e+00
 3.792700e+04   0.000000e+00   0.000000e+00
 3.812500e+04   0.000000e+00   0.000000e+00
 3.832300e+04   0.000000e+00   0.000000e+00
 3.852100e+04   0.000000e+00   0.000000e+00
 3.871900e+04   0.000000e+00   0.000000e+00
 3.891700e+04   0.000000e+00   0.000000e+00
 3.911500e+04   0.000000e+00   0.000000e+00
 3.931300e+04   0.000000e+00   0.000000e+00
 3.951100e+04   0.000000e+00   0.000000e+00
 3.970900e+04   0.000000e+00   0.000000e+00
 3.990700e+04   0.000000e+00   0.000000e+00
 4.010500e+04   0.000000e+00   0.000000e+00
 4.030300e+04   0.000000e+00   0.000000e+00
 4.050100e+04   0.000000e+00   0.000000e+00
 4.069900e+04   0.000000e+00   0.000000e+00
 4.089700e+04   0.000000e+00   0.000000e+00
 4.109500e+04   0.000000e+00   0.000000e+00
 4.129300e+04   0.000000e+00   0.000000e+00
 4.149100e+04   0.000000e+00   0.000000e+00
 4.168900e+04   0.000000e+00   0.000000e+00
 4.188700e+04   0.000000e+00   0.000000e+00
 4.208500e+04   0.000000e+00   0.000000e+00
 4.228300e+04   0.000000e+00   0.000000e+00
 4.248100e+04   0.000000e+00   0.000000e+00
 4.267900e+04   0.000000e+00   0.000000e+00
 4.287700e+04   0.000000e+00   0.000000e+00
 4.307500e+04   0.000000e+00   0.000000e+00
 4.327300e+04   0.000000e+00   0.000000e+00
 4.347100e+04   0.000000e+00   0.000000e+00
 4.366900e+04   0.000000e+00   0.000000e+00
 4.386700e+04   0.000000e+00   0.000000e+00
 4.406500e+04   0.000000e+00   0.000000e+00
 4.426300e+04   0.000000e+00   0.000000e+00
 4.446100e+04   0.000000e+00   0.000000e+00
 4.465900e+04   0.000000e+00   0.000000e+00
 4.485700e+04   0.000000e+00   0.000000e+00
 4.505500e+04   0.000000e+00   0.000000e+00
 4.525300e+04   0.000000e+00   0.000000e+00
 4.545100e+04   0.000000e+00   0.000000e+00
 4.564900e+04   0.000000e+00   0.000000e+00
 4.584700e+04   0.000000e+00   0.000000e+00
 4.604500e+04   0.000000e+00   0.000000e+00
 4.624300e+04   0.000000e+00   0.000000e+00
 4.644100e+04   0.000000e+00   0.000000e+00
 4.663900e+04   0.000000e+00   0.000000e+00
 4.683700e+04   0.000000e+00   0.000000e+00
 4.703500e+04   0.000000e+00   0.000000e+00
 4.723300e+04   0.000000e+00   0.000000e+00
 4.743100e+04   0.000000e+00   0.000000e+00
 4.762900e+04   0.000000e+00   0.000000e+00
 4.782700e+04   0.000000e+00   0.000000e+00
 4.802500e+04   0.000000e+00   0.000000e+00
 4.822300e+04   0.000000e+00   0.000000e+00
 4.842100e+04   0.000000e+00   0.000000e+00
 4.861900e+04   0.000000e+00   0.000000e+00
 4.881700e+04   0.000000e+00   0.000000e+00
 4.901500e+04   0.000000e+00   0.000000e+00
 4.921300e+04   0.000000e+00   0.000000e+00
 4.941100e+04   0.000000e+00   0.000000e+00
 4.960900e+04   0.000000e+00   0.000000e+00
 4.980700e+04   0.000000e+00   0.000000e+00
 5.000500e+04   0.000000e+00   0.000000e+00
 5.020300e+04   0.000000e+00   0.000000e+00
 5.040100e+04   0.000000e+00   0.000000e+00
 5.059900e+04   0.000000e+00   0.000000e+00
 5.079700e+04   0.000000e+00   0.000000e+00
 5.099500e+04   0.000000e+00   0.000000e+00
 5.119300e+04   0.000000e+00   0.000000e+00
 5.139100e+04   0.000000e+00   0.000000e+00
 5.158900e+04   0.000000e+00   0.000000e+00
 5.178700e+04   0.000000e+00   0.000000e+00
 5.198500e+04   0.000000e+00   0.000000e+00
 5.218300e+04   0.000000e+00   0.000000e+00
 5.238100e+04   0.000000e+00   0.000000e+00
 5.257900e+04   0.000000e+00   0.000000e+00
 5.277700e+04   0.000000e+00   0.000000e+00
 5.297500e+04   0.000000e+00   0.000000e+00
 5.317300e+04   0.000000e+00   0.000000e+00
 5.337100e+04   0.000000e+00   0.000000e+00
 5.356900e+04   0.000000e+00   0.000000e+00
 5.376700e+04   0.000000e+00   0.000000e+00
 5.396500e+04   0.000000e+00   0.000000e+00
 5.416300e+04   0.000000e+00   0.000000e+00
 5.436100e+04   0.000000e+00   0.000000e+00
 5.455900e+04   0.000000e+00   0.000000e+00
 5.475700e+04   0.000000e+00   0.000000e+00
 5.495500e+04   0.000000e+00   0.000000e+00
 5.515300e+04   0.000000e+00   0.000000e+00
 5.535100e+04   0.000000e+00   0.000000e+00
 5.554900e+04   0.000000e+00   0.000000e+00
 5.574700e+04   0.000000e+00   0.000000e+00
 5.594500e+04   0.000000e+00   0.000000e+00
 5.614300e+04   0.000000e+00   0.000000e+00
 5.634100e+04   0.000000e+00   0.000000e+00
 5.653900e+04   0.000000e+00   0.000000e+00
 5.673700e+04   0.000000e+00   0.000000e+00
 5.693500e+04   0.000000e+00   0.000000e+00
 5.713300e+04   0.000000e+00   0.000000e+00
 5.733100e+04   0.000000e+00   0.000000e+00
 5.752900e+04   0.000000e+00   0.000000e+00
 5.772700e+04   0.000000e+00   0.000000e+00
 5.792500e+04   0.000000e+00   0.000000e+00
 5.812300e+04   0.000000e+00   0.000000e+00
 5.832100e+04   0.000000e+00   0.000000e+00
 5.851900e+04   0.000000e+00   0.000000e+00
 5.871700e+04   0.000000e+00   0.000000e+00
 5.891500e+04   0.000000e+00   0.000000e+00
 5.911300e+04   0.000000e+00   0.000000e+00
 5.931100e+04   0.000000e+00   0.000000e+00
 5.950900e+04   0.000000e+00   0.000000e+00
 5.970700e+04   0.000000e+00   0.000000e+00
 5.990500e+04   0.000000e+00   0.000000e+00
 6.010300e+04   0.000000e+00   0.000000e+00
 6.030100e+04   0.000000e+00   0.000000e+00
 6.049900e+04   0.000000e+00   0.000000e+00
 6.069700e+04   0.000000e+00   0.000000e+00
 6.089500e+04   0.000000e+00   0.000000e+00
 6.109300e+04   0.000000e+00   0.000000e+00
 6.129100e+04   0.000000e+00   0.000000e+00
 6.148900e+04   0.000000e+00   0.000000e+00
 6.168700e+04   0.000000e+00   0.000000e+00
 6.188500e+04   0.000000e+00   0.000000e+00
 6.208300e+04   0.000000e+00   0.000000e+00
 6.228100e+04   0.000000e+00   0.000000e+00
 6.247900e+04   0.000000e+00   0.000000e+00
 6.267700e+04   0.000000e+00   0.000000e+00
 6.287500e+04   0.000000e+00   0.000000e+00
 6.307300e+04   0.000000e+00   0.000000e+00
 6.327100e+04   0.000000e+00   0.000000e+00
 6.346900e+04   0.000000e+00   0.000000e+00
 6.366700e+04   0.000000e+00   0.000000e+00
 6.386500e+04   0.000000e+00   0.000000e+00
 6.406300e+04   0.000000e+00   0.000000e+00
 6.426100e+04   0.000000e+00   0.000000e+00
 6.445900e+04   0.000000e+00   0.000000e+00
 6.465700e+04   0.000000e+00   0.000000e+00
 6.485500e+04   0.000000e+00   0.000000e+00
 6.505300e+04   0.000000e+00   0.000000e+00
 6.525100e+04   0.000000e+00   0.000000e+00
 6.544900e+04   0.000000e+00   0.000000e+00
 6.564700e+04   0.000000e+00   0.000000e+00
 6.584500e+04   0.000000e+00   0.000000e+00
 6.604300e+04   0.000000e+00   0.000000e+00
 6.624100e+04   0.000000e+00   0.000000e+00
 6.643900e+04   0.000000e+00   0.000000e+00
 6.663700e+04   0.000000e+00   0.000000e+00
 6.683500e+04   0.000000e+00   0.000000e+00
 6.703300e+04   0.000000e+00   0.000000e+00
 6.723100e+04   0.000000e+00   0.000000e+00
 6.742900e+04   0.000000e+00   0.000000e+00
 6.762700e+04   0.000000e+00   0.000000e+00
 6.782500e+04   0.000000e+00   0.000000e+00
 6.802300e+04   0.000000e+00   0.000000e+00
 6.822100e+04   0.000000e+00   0.000000e+00
 6.841900e+04   0.000000e+00   0.000000e+00
 6.861700e+04   0.000000e+00   0.000000e+00
 6.881500e+04   0.000000e+00   0.000000e+00
 6.901300e+04   0.000000e+00   0.000000e+00
 6.921100e+04   0.000000e+00   0.000000e+00
 6.940900e+04   0.000000e+00   0.000000e+00
 6.960700e+04   0.000000e+00   0.000000e+00
 6.980500e+04   0.000000e+00   0.000000e+00
 7.000300e+04   0.000000e+00   0.000000e+00
 7.020100e+04   0.000000e+00   0.000000e+00
 7.039900e+04   0.000000e+00   0.000000e+00
 7.059700e+04   0.000000e+00   0.000000e+00
 7.079500e+04   0.000000e+00   0.000000e+00
 7.099300e+04   0.000000e+00   0.000000e+00
 7.119100e+04   0.000000e+00   0.000000e+00
 7.138900e+04   0.000000e+00   0.000000e+00
 7.158700e+04   0.000000e+00   0.000000e+00
 7.178500e+04   0.000000e+00   0.000000e+00
 7.198300e+04   0.000000e+00   0.000000e+00
 7.218100e+04   0.000000e+00   0.000000e+00
 7.237900e+04   0.000000e+00   0.000000e+00
 7.257700e+04   0.000000e+00   0.000000e+00
 7.277500e+04   0.000000e+00   0.000000e+00
 7.297300e+04   0.000000e+00   0.000000e+00
 7.317100e+04   0.000000e+00   0.000000e+00
 7.336900e+04   0.000000e+00   0.000000e+00
 7.356700e+04   0.000000e+00   0.000000e+00
 7.376500e+04   0.000000e+00   0.000000e+00
 7.396300e+04   0.000000e+00   0.000000e+00
 7.416100e+04   0.000000e+00   0.000000e+00
 7.435900e+04   0.000000e+00   0.000000e+00
 7.455700e+04   0.000000e+00   0.000000e+00
 7.475500e+04   0.000000e+00   0.000000e+00
 7.495300e+04   0.000000e+00   0.000000e+00
 7.515100e+04   0.000000e+00   0.000000e+00
 7.534900e+04   0.000000e+00   0.000000e+00
 7.554700e+04   0.000000e+00   0.000000e+00
 7.574500e+04   0.000000e+00   0.000000e+00
 7.594300e+04   0.000000e+00   0.000000e+00
 7.614100e+04   0.000000e+00   0.000000e+00
 7.633900e+04   0.000000e+00   0.000000e+00
 7.653700e+04   0.000000e+00   0.000000e+00
 7.673500e+04   0.000000e+00   0.000000e+00
 7.693300e+04   0.000000e+00   0.000000e+00
 7.713100e+04   0.000000e+00   0.000000e+00
 7.732900e+04   0.000000e+00   0.000000e+00
 7.752700e+04   0.000000e+00   0.000000e+00
 7.772500e+04   0.000000e+00   0.000000e+00
 7.792300e+04   0.000000e+00   0.000000e+00
 7.812100e+04   0.000000e+00   0.000000e+00
 7.831900e+04   0.000000e+00   0.000000e+00
 7.851700e+04   0.000000e+00   0.000000e+00
 7.871500e+04   0.000000e+00   0.000000e+00
 7.891300e+04   0.000000e+00   0.000000e+00
 7.911100e+04   0.000000e+00   0.000000e+00
 7.930900e+04   0.000000e+00   0.000000e+00
 7.950700e+04   0.000000e+00   0.000000e+00
 7.970500e+04   0.000000e+00   0.000000e+00
 7.990300e+04   0.000000e+00   0.000000e+00
 8.010100e+04   0.000000e+00   0.000000e+00
 8.029900e+04   0.000000e+00   0.000000e+00
 8.049700e+04   0.000000e+00   0.000000e+00
 8.069500e+04   0.000000e+00   0.000000e+00
 8.089300e+04   0.000000e+00   0.000000e+00
 8.109100e+04   0.000000e+00   0.000000e+00
 8.128900e+04   0.000000e+00   0.000000e+00
 8.148700e+04   0.000000e+00   0.000000e+00
 8.168500e+04   0.000000e+00   0.000000e+00
 8.188300e+04   0.000000e+00   0.000000e+00
 8.208100e+04   0.000000e+00   0.000000e+00
 8.227900e+04   0.000000e+00   0.000000e+00
 8.247700e+04   0.000000e+00   0.000000e+00
 8.267500e+04   0.000000e+00   0.000000e+00
 8.287300e+04   0.000000e+00   0.000000e+00
 8.307100e+04   0.000000e+00   0.000000e+00
 8.326900e+04   0.000000e+00   0.000000e+00
 8.346700e+04   0.000000e+00   0.000000e+00
 8.366500e+04   0.000000e+00   0.000000e+00
 8.386300e+04   0.000000e+00   0.000000e+00
 8.406100e+04   0.000000e+00   0.000000e+00
 8.425900e+04   0.000000e+00   0.000000e+00
 8.445700e+04   0.000000e+00   0.000000e+00
 8.465500e+04   0.000000e+00   0.000000e+00
 8.485300e+04   0.000000e+00   0.000000e+00
 8.505100e+04   0.000000e+00   0.000000e+00
 8.524900e+04   0.000000e+00   0.000000e+00
 8.544700e+04   0.000000e+00   0.000000e+00
 8.564500e+04   0.000000e+00   0.000000e+00
 8.584300e+04   0.000000e+00   0.000000e+00
 8.604100e+04   0.000000e+00   0.000000e+00
 8.623900e+04   0.000000e+00   0.000000e+00
 8.643700e+04   0.000000e+00   0.000000e+00
 8.663500e+04   0.000000e+00   0.000000e+00
 8.683300e+04   0.000000e+00   0.000000e+00
 8.703100e+04   0.000000e+00   0.000000e+00
 8.722900e+04   0.000000e+00   0.000000e+00
 8.742700e+04   0.000000e+00   0.000000e+00
 8.762500e+04   0.000000e+00   0.000000e+00
 8.782300e+04   0.000000e+00   0.000000e+00
 8.802100e+04   0.000000e+00   0.000000e+00
 8.821900e+04   0.000000e+00   0.000000e+00
 8.841700e+04   0.000000e+00   0.000000e+00
 8.861500e+04   0.000000e+00   0.000000e+00
 8.881300e+04   0.000000e+00   0.000000e+00
 8.901100e+04   0.000000e+00   0.000000e+00
 8.920900e+04   0.000000e+00   0.000000e+00
 8.940700e+04   0.000000e+00   0.000000e+00
 8.960500e+04   0.000000e+00   0.000000e+00
 8.980300e+04   0.000000e+00   0.000000e+00
 9.000100e+04   0.000000e+00   0.000000e+00
 9.019900e+04   0.000000e+00   0.000000e+00
 9.039700e+04   0.000000e+00   0.000000e+00
 9.059500e+04   0.000000e+00   0.000000e+00
 9.079300e+04   0.000000e+00   0.000000e+00
 9.099100e+04   0.000000e+00   0.000000e+00
 9.118900e+04   0.000000e+00   0.000000e+00
 9.138700e+04   0.000000e+00   0.000000e+00
 9.158500e+04   0.000000e+00   0.000000e+00
 9.178300e+04   0.000000e+00   0.000000e+00
 9.198100e+04   0.000000e+00   0.000000e+00
 9.217900e+04   0.000000e+00   0.000000e+00
 9.237700e+04   0.000000e+00   0.000000e+00
 9.257500e+04   0.000000e+00   0.000000e+00
 9.277300e+04   0.000000e+00   0.000000e+00
 9.297100e+04   0.000000e+00   0.000000e+00
 9.316900e+04   0.000000e+00   0.000000e+00
 9.336700e+04   0.000000e+00   0.000000e+00
 9.356500e+04   0.000000e+00   0.000000e+00
 9.376300e+04   0.000000e+00   0.000000e+00
 9.396100e+04   0.000000e+00   0.000000e+00
 9.415900e+04   0.000000e+00   0.000000e+00
 9.435700e+04   0.000000e+00   0.000000e+00
 9.455500e+04   0.000000e+00   0.000000e+00
 9.475300e+04   0.000000e+00   0.000000e+00
 9.495100e+04   0.000000e+00   0.000000e+00
 9.514900e+04   0.000000e+00   0.000000e+00
 9.534700e+04   0.000000e+00   0.000000e+00
 9.554500e+04   0.000000e+00   0.000000e+00
 9.574300e+04   0.000000e+00   0.000000e+00
 9.594100e+04   0.000000e+00   0.000000e+00
 9.613900e+04   0.000000e+00   0.000000e+00
 9.633700e+04   0.000000e+00   0.000000e+00
 9.653500e+04   0.000000e+00   0.000000e+00
 9.673300e+04   0.000000e+00   0.000000e+00
 9.693100e+04   0.000000e+00   0.000000e+00
 9.712900e+04   0.000000e+00   0.000000e+00
 9.732700e+04   0.000000e+00   0.000000e+00
 9.752500e+04   0.000000e+00   0.000000e+00
 9.772300e+04   0.000000e+00   0.000000e+00
 9.792100e+04   0.000000e+00   0.000000e+00
 9.811900e+04   0.000000e+00   0.000000e+00
 9.831700e+04   0.000000e+00   0.000000e+00
 9.851500e+04   0.000000e+00   0.000000e+00
 9.871300e+04   0.000000e+00   0.000000e+00
 9.891100e+04   0.000000e+00   0.000000e+00
 9.910900e+04   0.000000e+00   0.000000e+00
 9.930700e+04   0.000000e+00   0.000000e+00
 9.950500e+04   0.000000e+00   0.000000e+00
 9.970300e+04   0.000000e+00   0.000000e+00
 9.990100e+04   0.000000e+00   0.000000e+00
 inf   0.000000e+00   0.000000e+00
