Q2_lab bin centers    value    Error 
-inf   0.000000e+00   0.000000e+00
 1.009990e+02   0.000000e+00   0.000000e+00
 3.009970e+02   0.000000e+00   0.000000e+00
 5.009950e+02   0.000000e+00   0.000000e+00
 7.009930e+02   0.000000e+00   0.000000e+00
 9.009910e+02   1.296820e-03   4.780246e-07
 1.100989e+03   2.181117e-01   9.313111e-07
 1.300987e+03   1.557845e-01   7.093165e-07
 1.500985e+03   1.168162e-01   8.563213e-07
 1.700983e+03   9.083046e-02   7.623658e-07
 1.900981e+03   7.264020e-02   5.494848e-07
 2.100979e+03   5.940769e-02   4.844513e-07
 2.300977e+03   4.948150e-02   3.883528e-07
 2.500975e+03   4.184537e-02   5.464224e-07
 2.700973e+03   3.584618e-02   5.432177e-07
 2.900971e+03   3.104900e-02   4.693213e-07
 3.100969e+03   2.715155e-02   3.846092e-07
 3.300967e+03   2.394251e-02   4.446413e-07
 3.500965e+03   2.126915e-02   4.550549e-07
 3.700963e+03   1.901768e-02   4.402601e-07
 3.900961e+03   1.710589e-02   4.311530e-07
 4.100959e+03   1.546578e-02   3.675284e-07
 4.300957e+03   1.405137e-02   4.020180e-07
 4.500955e+03   1.282005e-02   4.130706e-07
 4.700953e+03   1.174598e-02   3.889591e-07
 4.900951e+03   1.079685e-02   5.051594e-07
 5.100949e+03   9.959792e-03   3.865386e-07
 5.300947e+03   9.216930e-03   3.793491e-07
 5.500945e+03   8.552634e-03   4.156292e-07
 5.700943e+03   7.956781e-03   3.972701e-07
 5.900941e+03   7.421659e-03   4.929756e-07
 6.100939e+03   6.937771e-03   3.624194e-07
 6.300937e+03   6.499951e-03   3.971445e-07
 6.500935e+03   6.100935e-03   3.347622e-07
 6.700933e+03   5.739252e-03   2.529374e-07
 6.900931e+03   5.406648e-03   3.861948e-07
 7.100929e+03   5.103304e-03   3.238077e-07
 7.300927e+03   4.823686e-03   2.242145e-07
 7.500925e+03   4.567023e-03   2.872166e-07
 7.700923e+03   4.329494e-03   3.768932e-07
 7.900921e+03   4.110441e-03   2.804989e-07
 8.100919e+03   3.906689e-03   3.420640e-07
 8.300917e+03   3.718391e-03   2.600981e-07
 8.500915e+03   3.542570e-03   2.303635e-07
 8.700913e+03   3.379719e-03   3.682387e-07
 8.900911e+03   3.226611e-03   2.615812e-07
 9.100909e+03   3.084394e-03   3.045091e-07
 9.300907e+03   2.950440e-03   3.407599e-07
 9.500905e+03   2.826837e-03   3.335630e-07
 9.700903e+03   2.708180e-03   2.535757e-07
 9.900901e+03   2.598610e-03   2.266696e-07
 1.010090e+04   2.494804e-03   3.368856e-07
 1.030090e+04   2.397366e-03   3.135544e-07
 1.050090e+04   2.304977e-03   2.521070e-07
 1.070089e+04   2.218111e-03   1.857514e-07
 1.090089e+04   2.135582e-03   2.511810e-07
 1.110089e+04   2.058196e-03   2.048019e-07
 1.130089e+04   1.984733e-03   2.515343e-07
 1.150089e+04   1.915270e-03   2.408733e-07
 1.170088e+04   1.848029e-03   1.953091e-07
 1.190088e+04   1.785387e-03   3.428398e-07
 1.210088e+04   1.725688e-03   2.778525e-07
 1.230088e+04   1.669703e-03   3.744497e-07
 1.250088e+04   1.614314e-03   3.085719e-07
 1.270087e+04   1.562950e-03   2.319487e-07
 1.290087e+04   1.514164e-03   1.648874e-07
 1.310087e+04   1.466830e-03   1.742193e-07
 1.330087e+04   1.422225e-03   2.103677e-07
 1.350086e+04   1.379474e-03   2.598229e-07
 1.370086e+04   1.338572e-03   2.120016e-07
 1.390086e+04   1.299030e-03   2.389752e-07
 1.410086e+04   1.261360e-03   2.685282e-07
 1.430086e+04   1.225979e-03   1.915312e-07
 1.450085e+04   1.191781e-03   2.523816e-07
 1.470085e+04   1.158321e-03   2.436681e-07
 1.490085e+04   1.126940e-03   3.106385e-07
 1.510085e+04   1.095872e-03   2.776950e-07
 1.530085e+04   1.066999e-03   1.492553e-07
 1.550084e+04   1.038583e-03   1.909255e-07
 1.570084e+04   1.011754e-03   2.209833e-07
 1.590084e+04   9.859015e-04   1.747873e-07
 1.610084e+04   9.606530e-04   2.114083e-07
 1.630084e+04   9.368199e-04   2.382138e-07
 1.650083e+04   9.133488e-04   2.132319e-07
 1.670083e+04   8.911564e-04   2.021008e-07
 1.690083e+04   8.689306e-04   2.871645e-07
 1.710083e+04   8.490473e-04   2.708510e-07
 1.730083e+04   8.283180e-04   1.934126e-07
 1.750083e+04   8.089513e-04   2.320473e-07
 1.770082e+04   7.904289e-04   1.785798e-07
 1.790082e+04   7.720919e-04   1.957894e-07
 1.810082e+04   7.545691e-04   1.633116e-07
 1.830082e+04   7.378587e-04   1.771648e-07
 1.850081e+04   7.212566e-04   1.765417e-07
 1.870081e+04   7.054977e-04   1.727436e-07
 1.890081e+04   6.902226e-04   1.756016e-07
 1.910081e+04   6.750691e-04   2.108074e-07
 1.930081e+04   6.610522e-04   2.130068e-07
 1.950081e+04   6.468473e-04   1.986354e-07
 1.970080e+04   6.335632e-04   2.046362e-07
 1.990080e+04   6.200704e-04   1.806915e-07
 2.010080e+04   6.077235e-04   1.331526e-07
 2.030080e+04   5.949819e-04   1.295819e-07
 2.050079e+04   5.830201e-04   1.572656e-07
 2.070079e+04   5.720763e-04   1.905902e-07
 2.090079e+04   5.599927e-04   1.662536e-07
 2.110079e+04   5.492156e-04   1.401927e-07
 2.130079e+04   5.387792e-04   1.464212e-07
 2.150078e+04   5.283407e-04   1.251569e-07
 2.170078e+04   5.183271e-04   1.527347e-07
 2.190078e+04   5.083524e-04   1.763173e-07
 2.210078e+04   4.989858e-04   1.310685e-07
 2.230078e+04   4.896654e-04   1.423189e-07
 2.250078e+04   4.804614e-04   1.211206e-07
 2.270077e+04   4.718510e-04   1.190137e-07
 2.290077e+04   4.632630e-04   1.244736e-07
 2.310077e+04   4.547463e-04   1.619773e-07
 2.330077e+04   4.469732e-04   1.336296e-07
 2.350076e+04   4.389849e-04   1.114271e-07
 2.370076e+04   4.315520e-04   1.374760e-07
 2.390076e+04   4.235557e-04   1.173420e-07
 2.410076e+04   4.165351e-04   1.409213e-07
 2.430076e+04   4.095283e-04   1.522653e-07
 2.450076e+04   4.024675e-04   1.176869e-07
 2.470075e+04   3.956934e-04   1.246277e-07
 2.490075e+04   3.890673e-04   1.390707e-07
 2.510075e+04   3.824668e-04   1.421775e-07
 2.530075e+04   3.762140e-04   1.335578e-07
 2.550074e+04   3.700801e-04   1.107091e-07
 2.570074e+04   3.643607e-04   1.137724e-07
 2.590074e+04   3.581332e-04   1.507780e-07
 2.610074e+04   3.526161e-04   1.106968e-07
 2.630074e+04   3.468753e-04   1.322751e-07
 2.650074e+04   3.413643e-04   1.071410e-07
 2.670073e+04   3.361705e-04   1.163874e-07
 2.690073e+04   3.308946e-04   1.073367e-07
 2.710073e+04   3.258809e-04   9.794316e-08
 2.730073e+04   3.207803e-04   9.738518e-08
 2.750072e+04   3.160239e-04   1.011947e-07
 2.770072e+04   3.111132e-04   1.067123e-07
 2.790072e+04   3.065332e-04   8.737304e-08
 2.810072e+04   3.019646e-04   9.402432e-08
 2.830072e+04   2.975129e-04   1.126268e-07
 2.850072e+04   2.932519e-04   1.065539e-07
 2.870071e+04   2.888078e-04   1.109326e-07
 2.890071e+04   2.846827e-04   1.027502e-07
 2.910071e+04   2.804371e-04   9.838400e-08
 2.930071e+04   2.764859e-04   1.136236e-07
 2.950071e+04   2.725930e-04   9.701188e-08
 2.970070e+04   2.687156e-04   9.537378e-08
 2.990070e+04   2.650364e-04   1.075971e-07
 3.010070e+04   2.612253e-04   1.151862e-07
 3.030070e+04   2.574443e-04   8.640779e-08
 3.050069e+04   2.539030e-04   9.199584e-08
 3.070069e+04   2.504467e-04   1.079973e-07
 3.090069e+04   2.470374e-04   9.402934e-08
 3.110069e+04   2.435685e-04   1.131322e-07
 3.130069e+04   2.404510e-04   9.909178e-08
 3.150069e+04   2.370367e-04   1.070853e-07
 3.170068e+04   2.341021e-04   9.739500e-08
 3.190068e+04   2.307797e-04   7.262314e-08
 3.210068e+04   2.276373e-04   1.147783e-07
 3.230068e+04   2.247402e-04   1.306964e-07
 3.250067e+04   2.218195e-04   1.435579e-07
 3.270067e+04   2.188333e-04   1.057239e-07
 3.290067e+04   2.161542e-04   9.383926e-08
 3.310067e+04   2.133785e-04   1.154590e-07
 3.330067e+04   2.106321e-04   8.842419e-08
 3.350067e+04   2.078022e-04   1.123330e-07
 3.370066e+04   2.052687e-04   1.056481e-07
 3.390066e+04   2.025870e-04   1.100947e-07
 3.410066e+04   2.000336e-04   1.064808e-07
 3.430066e+04   1.977446e-04   1.159809e-07
 3.450065e+04   1.951093e-04   8.628580e-08
 3.470065e+04   1.928763e-04   1.165826e-07
 3.490065e+04   1.904011e-04   5.942313e-08
 3.510065e+04   1.882186e-04   1.072545e-07
 3.530065e+04   1.855113e-04   8.619042e-08
 3.550064e+04   1.836820e-04   9.807765e-08
 3.570064e+04   1.815011e-04   1.341793e-07
 3.590064e+04   1.792370e-04   1.462275e-07
 3.610064e+04   1.768703e-04   1.638933e-07
 3.630064e+04   1.749923e-04   1.060519e-07
 3.650064e+04   1.730669e-04   1.443755e-07
 3.670063e+04   1.707962e-04   2.449618e-07
 3.690063e+04   1.688917e-04   2.669602e-07
 3.710063e+04   1.671187e-04   1.150419e-07
 3.730063e+04   1.651043e-04   1.622932e-07
 3.750062e+04   1.629152e-04   1.201225e-07
 3.770062e+04   1.611879e-04   1.390009e-07
 3.790062e+04   1.594683e-04   3.564624e-07
 3.810062e+04   1.576148e-04   1.815929e-07
 3.830062e+04   1.552341e-04   3.642788e-07
 3.850061e+04   1.537939e-04   2.368900e-07
 3.870061e+04   1.519483e-04   1.266275e-07
 3.890061e+04   1.502882e-04   9.178687e-08
 3.910061e+04   1.487574e-04   1.062719e-07
 3.930061e+04   1.470242e-04   1.103821e-07
 3.950061e+04   1.447531e-04   1.561400e-07
 3.970060e+04   1.436320e-04   2.518647e-07
 3.990060e+04   1.404323e-04   2.211633e-06
 4.010060e+04   0.000000e+00   0.000000e+00
 4.030060e+04   0.000000e+00   0.000000e+00
 4.050060e+04   0.000000e+00   0.000000e+00
 4.070059e+04   0.000000e+00   0.000000e+00
 4.090059e+04   0.000000e+00   0.000000e+00
 4.110059e+04   0.000000e+00   0.000000e+00
 4.130059e+04   0.000000e+00   0.000000e+00
 4.150058e+04   0.000000e+00   0.000000e+00
 4.170058e+04   0.000000e+00   0.000000e+00
 4.190058e+04   0.000000e+00   0.000000e+00
 4.210058e+04   0.000000e+00   0.000000e+00
 4.230058e+04   0.000000e+00   0.000000e+00
 4.250057e+04   0.000000e+00   0.000000e+00
 4.270057e+04   0.000000e+00   0.000000e+00
 4.290057e+04   0.000000e+00   0.000000e+00
 4.310057e+04   0.000000e+00   0.000000e+00
 4.330057e+04   0.000000e+00   0.000000e+00
 4.350057e+04   0.000000e+00   0.000000e+00
 4.370056e+04   0.000000e+00   0.000000e+00
 4.390056e+04   0.000000e+00   0.000000e+00
 4.410056e+04   0.000000e+00   0.000000e+00
 4.430056e+04   0.000000e+00   0.000000e+00
 4.450056e+04   0.000000e+00   0.000000e+00
 4.470055e+04   0.000000e+00   0.000000e+00
 4.490055e+04   0.000000e+00   0.000000e+00
 4.510055e+04   0.000000e+00   0.000000e+00
 4.530055e+04   0.000000e+00   0.000000e+00
 4.550054e+04   0.000000e+00   0.000000e+00
 4.570054e+04   0.000000e+00   0.000000e+00
 4.590054e+04   0.000000e+00   0.000000e+00
 4.610054e+04   0.000000e+00   0.000000e+00
 4.630054e+04   0.000000e+00   0.000000e+00
 4.650054e+04   0.000000e+00   0.000000e+00
 4.670053e+04   0.000000e+00   0.000000e+00
 4.690053e+04   0.000000e+00   0.000000e+00
 4.710053e+04   0.000000e+00   0.000000e+00
 4.730053e+04   0.000000e+00   0.000000e+00
 4.750053e+04   0.000000e+00   0.000000e+00
 4.770052e+04   0.000000e+00   0.000000e+00
 4.790052e+04   0.000000e+00   0.000000e+00
 4.810052e+04   0.000000e+00   0.000000e+00
 4.830052e+04   0.000000e+00   0.000000e+00
 4.850051e+04   0.000000e+00   0.000000e+00
 4.870051e+04   0.000000e+00   0.000000e+00
 4.890051e+04   0.000000e+00   0.000000e+00
 4.910051e+04   0.000000e+00   0.000000e+00
 4.930051e+04   0.000000e+00   0.000000e+00
 4.950050e+04   0.000000e+00   0.000000e+00
 4.970050e+04   0.000000e+00   0.000000e+00
 4.990050e+04   0.000000e+00   0.000000e+00
 5.010050e+04   0.000000e+00   0.000000e+00
 5.030050e+04   0.000000e+00   0.000000e+00
 5.050050e+04   0.000000e+00   0.000000e+00
 5.070049e+04   0.000000e+00   0.000000e+00
 5.090049e+04   0.000000e+00   0.000000e+00
 5.110049e+04   0.000000e+00   0.000000e+00
 5.130049e+04   0.000000e+00   0.000000e+00
 5.150049e+04   0.000000e+00   0.000000e+00
 5.170048e+04   0.000000e+00   0.000000e+00
 5.190048e+04   0.000000e+00   0.000000e+00
 5.210048e+04   0.000000e+00   0.000000e+00
 5.230048e+04   0.000000e+00   0.000000e+00
 5.250047e+04   0.000000e+00   0.000000e+00
 5.270047e+04   0.000000e+00   0.000000e+00
 5.290047e+04   0.000000e+00   0.000000e+00
 5.310047e+04   0.000000e+00   0.000000e+00
 5.330047e+04   0.000000e+00   0.000000e+00
 5.350046e+04   0.000000e+00   0.000000e+00
 5.370046e+04   0.000000e+00   0.000000e+00
 5.390046e+04   0.000000e+00   0.000000e+00
 5.410046e+04   0.000000e+00   0.000000e+00
 5.430046e+04   0.000000e+00   0.000000e+00
 5.450046e+04   0.000000e+00   0.000000e+00
 5.470045e+04   0.000000e+00   0.000000e+00
 5.490045e+04   0.000000e+00   0.000000e+00
 5.510045e+04   0.000000e+00   0.000000e+00
 5.530045e+04   0.000000e+00   0.000000e+00
 5.550044e+04   0.000000e+00   0.000000e+00
 5.570044e+04   0.000000e+00   0.000000e+00
 5.590044e+04   0.000000e+00   0.000000e+00
 5.610044e+04   0.000000e+00   0.000000e+00
 5.630044e+04   0.000000e+00   0.000000e+00
 5.650043e+04   0.000000e+00   0.000000e+00
 5.670043e+04   0.000000e+00   0.000000e+00
 5.690043e+04   0.000000e+00   0.000000e+00
 5.710043e+04   0.000000e+00   0.000000e+00
 5.730043e+04   0.000000e+00   0.000000e+00
 5.750043e+04   0.000000e+00   0.000000e+00
 5.770042e+04   0.000000e+00   0.000000e+00
 5.790042e+04   0.000000e+00   0.000000e+00
 5.810042e+04   0.000000e+00   0.000000e+00
 5.830042e+04   0.000000e+00   0.000000e+00
 5.850042e+04   0.000000e+00   0.000000e+00
 5.870041e+04   0.000000e+00   0.000000e+00
 5.890041e+04   0.000000e+00   0.000000e+00
 5.910041e+04   0.000000e+00   0.000000e+00
 5.930041e+04   0.000000e+00   0.000000e+00
 5.950040e+04   0.000000e+00   0.000000e+00
 5.970040e+04   0.000000e+00   0.000000e+00
 5.990040e+04   0.000000e+00   0.000000e+00
 6.010040e+04   0.000000e+00   0.000000e+00
 6.030040e+04   0.000000e+00   0.000000e+00
 6.050039e+04   0.000000e+00   0.000000e+00
 6.070039e+04   0.000000e+00   0.000000e+00
 6.090039e+04   0.000000e+00   0.000000e+00
 6.110039e+04   0.000000e+00   0.000000e+00
 6.130039e+04   0.000000e+00   0.000000e+00
 6.150039e+04   0.000000e+00   0.000000e+00
 6.170038e+04   0.000000e+00   0.000000e+00
 6.190038e+04   0.000000e+00   0.000000e+00
 6.210038e+04   0.000000e+00   0.000000e+00
 6.230038e+04   0.000000e+00   0.000000e+00
 6.250038e+04   0.000000e+00   0.000000e+00
 6.270037e+04   0.000000e+00   0.000000e+00
 6.290037e+04   0.000000e+00   0.000000e+00
 6.310037e+04   0.000000e+00   0.000000e+00
 6.330037e+04   0.000000e+00   0.000000e+00
 6.350036e+04   0.000000e+00   0.000000e+00
 6.370036e+04   0.000000e+00   0.000000e+00
 6.390036e+04   0.000000e+00   0.000000e+00
 6.410036e+04   0.000000e+00   0.000000e+00
 6.430036e+04   0.000000e+00   0.000000e+00
 6.450036e+04   0.000000e+00   0.000000e+00
 6.470035e+04   0.000000e+00   0.000000e+00
 6.490035e+04   0.000000e+00   0.000000e+00
 6.510035e+04   0.000000e+00   0.000000e+00
 6.530035e+04   0.000000e+00   0.000000e+00
 6.550035e+04   0.000000e+00   0.000000e+00
 6.570034e+04   0.000000e+00   0.000000e+00
 6.590034e+04   0.000000e+00   0.000000e+00
 6.610034e+04   0.000000e+00   0.000000e+00
 6.630034e+04   0.000000e+00   0.000000e+00
 6.650034e+04   0.000000e+00   0.000000e+00
 6.670033e+04   0.000000e+00   0.000000e+00
 6.690033e+04   0.000000e+00   0.000000e+00
 6.710033e+04   0.000000e+00   0.000000e+00
 6.730033e+04   0.000000e+00   0.000000e+00
 6.750032e+04   0.000000e+00   0.000000e+00
 6.770032e+04   0.000000e+00   0.000000e+00
 6.790032e+04   0.000000e+00   0.000000e+00
 6.810032e+04   0.000000e+00   0.000000e+00
 6.830032e+04   0.000000e+00   0.000000e+00
 6.850032e+04   0.000000e+00   0.000000e+00
 6.870031e+04   0.000000e+00   0.000000e+00
 6.890031e+04   0.000000e+00   0.000000e+00
 6.910031e+04   0.000000e+00   0.000000e+00
 6.930031e+04   0.000000e+00   0.000000e+00
 6.950030e+04   0.000000e+00   0.000000e+00
 6.970030e+04   0.000000e+00   0.000000e+00
 6.990030e+04   0.000000e+00   0.000000e+00
 7.010030e+04   0.000000e+00   0.000000e+00
 7.030030e+04   0.000000e+00   0.000000e+00
 7.050029e+04   0.000000e+00   0.000000e+00
 7.070029e+04   0.000000e+00   0.000000e+00
 7.090029e+04   0.000000e+00   0.000000e+00
 7.110029e+04   0.000000e+00   0.000000e+00
 7.130029e+04   0.000000e+00   0.000000e+00
 7.150029e+04   0.000000e+00   0.000000e+00
 7.170028e+04   0.000000e+00   0.000000e+00
 7.190028e+04   0.000000e+00   0.000000e+00
 7.210028e+04   0.000000e+00   0.000000e+00
 7.230028e+04   0.000000e+00   0.000000e+00
 7.250027e+04   0.000000e+00   0.000000e+00
 7.270027e+04   0.000000e+00   0.000000e+00
 7.290027e+04   0.000000e+00   0.000000e+00
 7.310027e+04   0.000000e+00   0.000000e+00
 7.330027e+04   0.000000e+00   0.000000e+00
 7.350026e+04   0.000000e+00   0.000000e+00
 7.370026e+04   0.000000e+00   0.000000e+00
 7.390026e+04   0.000000e+00   0.000000e+00
 7.410026e+04   0.000000e+00   0.000000e+00
 7.430026e+04   0.000000e+00   0.000000e+00
 7.450026e+04   0.000000e+00   0.000000e+00
 7.470025e+04   0.000000e+00   0.000000e+00
 7.490025e+04   0.000000e+00   0.000000e+00
 7.510025e+04   0.000000e+00   0.000000e+00
 7.530025e+04   0.000000e+00   0.000000e+00
 7.550024e+04   0.000000e+00   0.000000e+00
 7.570024e+04   0.000000e+00   0.000000e+00
 7.590024e+04   0.000000e+00   0.000000e+00
 7.610024e+04   0.000000e+00   0.000000e+00
 7.630024e+04   0.000000e+00   0.000000e+00
 7.650024e+04   0.000000e+00   0.000000e+00
 7.670023e+04   0.000000e+00   0.000000e+00
 7.690023e+04   0.000000e+00   0.000000e+00
 7.710023e+04   0.000000e+00   0.000000e+00
 7.730023e+04   0.000000e+00   0.000000e+00
 7.750023e+04   0.000000e+00   0.000000e+00
 7.770022e+04   0.000000e+00   0.000000e+00
 7.790022e+04   0.000000e+00   0.000000e+00
 7.810022e+04   0.000000e+00   0.000000e+00
 7.830022e+04   0.000000e+00   0.000000e+00
 7.850021e+04   0.000000e+00   0.000000e+00
 7.870021e+04   0.000000e+00   0.000000e+00
 7.890021e+04   0.000000e+00   0.000000e+00
 7.910021e+04   0.000000e+00   0.000000e+00
 7.930021e+04   0.000000e+00   0.000000e+00
 7.950021e+04   0.000000e+00   0.000000e+00
 7.970020e+04   0.000000e+00   0.000000e+00
 7.990020e+04   0.000000e+00   0.000000e+00
 8.010020e+04   0.000000e+00   0.000000e+00
 8.030020e+04   0.000000e+00   0.000000e+00
 8.050020e+04   0.000000e+00   0.000000e+00
 8.070019e+04   0.000000e+00   0.000000e+00
 8.090019e+04   0.000000e+00   0.000000e+00
 8.110019e+04   0.000000e+00   0.000000e+00
 8.130019e+04   0.000000e+00   0.000000e+00
 8.150018e+04   0.000000e+00   0.000000e+00
 8.170018e+04   0.000000e+00   0.000000e+00
 8.190018e+04   0.000000e+00   0.000000e+00
 8.210018e+04   0.000000e+00   0.000000e+00
 8.230018e+04   0.000000e+00   0.000000e+00
 8.250018e+04   0.000000e+00   0.000000e+00
 8.270017e+04   0.000000e+00   0.000000e+00
 8.290017e+04   0.000000e+00   0.000000e+00
 8.310017e+04   0.000000e+00   0.000000e+00
 8.330017e+04   0.000000e+00   0.000000e+00
 8.350016e+04   0.000000e+00   0.000000e+00
 8.370016e+04   0.000000e+00   0.000000e+00
 8.390016e+04   0.000000e+00   0.000000e+00
 8.410016e+04   0.000000e+00   0.000000e+00
 8.430016e+04   0.000000e+00   0.000000e+00
 8.450015e+04   0.000000e+00   0.000000e+00
 8.470015e+04   0.000000e+00   0.000000e+00
 8.490015e+04   0.000000e+00   0.000000e+00
 8.510015e+04   0.000000e+00   0.000000e+00
 8.530015e+04   0.000000e+00   0.000000e+00
 8.550015e+04   0.000000e+00   0.000000e+00
 8.570014e+04   0.000000e+00   0.000000e+00
 8.590014e+04   0.000000e+00   0.000000e+00
 8.610014e+04   0.000000e+00   0.000000e+00
 8.630014e+04   0.000000e+00   0.000000e+00
 8.650013e+04   0.000000e+00   0.000000e+00
 8.670013e+04   0.000000e+00   0.000000e+00
 8.690013e+04   0.000000e+00   0.000000e+00
 8.710013e+04   0.000000e+00   0.000000e+00
 8.730013e+04   0.000000e+00   0.000000e+00
 8.750012e+04   0.000000e+00   0.000000e+00
 8.770012e+04   0.000000e+00   0.000000e+00
 8.790012e+04   0.000000e+00   0.000000e+00
 8.810012e+04   0.000000e+00   0.000000e+00
 8.830012e+04   0.000000e+00   0.000000e+00
 8.850012e+04   0.000000e+00   0.000000e+00
 8.870011e+04   0.000000e+00   0.000000e+00
 8.890011e+04   0.000000e+00   0.000000e+00
 8.910011e+04   0.000000e+00   0.000000e+00
 8.930011e+04   0.000000e+00   0.000000e+00
 8.950010e+04   0.000000e+00   0.000000e+00
 8.970010e+04   0.000000e+00   0.000000e+00
 8.990010e+04   0.000000e+00   0.000000e+00
 9.010010e+04   0.000000e+00   0.000000e+00
 9.030010e+04   0.000000e+00   0.000000e+00
 9.050010e+04   0.000000e+00   0.000000e+00
 9.070009e+04   0.000000e+00   0.000000e+00
 9.090009e+04   0.000000e+00   0.000000e+00
 9.110009e+04   0.000000e+00   0.000000e+00
 9.130009e+04   0.000000e+00   0.000000e+00
 9.150009e+04   0.000000e+00   0.000000e+00
 9.170008e+04   0.000000e+00   0.000000e+00
 9.190008e+04   0.000000e+00   0.000000e+00
 9.210008e+04   0.000000e+00   0.000000e+00
 9.230008e+04   0.000000e+00   0.000000e+00
 9.250007e+04   0.000000e+00   0.000000e+00
 9.270007e+04   0.000000e+00   0.000000e+00
 9.290007e+04   0.000000e+00   0.000000e+00
 9.310007e+04   0.000000e+00   0.000000e+00
 9.330007e+04   0.000000e+00   0.000000e+00
 9.350007e+04   0.000000e+00   0.000000e+00
 9.370006e+04   0.000000e+00   0.000000e+00
 9.390006e+04   0.000000e+00   0.000000e+00
 9.410006e+04   0.000000e+00   0.000000e+00
 9.430006e+04   0.000000e+00   0.000000e+00
 9.450005e+04   0.000000e+00   0.000000e+00
 9.470005e+04   0.000000e+00   0.000000e+00
 9.490005e+04   0.000000e+00   0.000000e+00
 9.510005e+04   0.000000e+00   0.000000e+00
 9.530005e+04   0.000000e+00   0.000000e+00
 9.550004e+04   0.000000e+00   0.000000e+00
 9.570004e+04   0.000000e+00   0.000000e+00
 9.590004e+04   0.000000e+00   0.000000e+00
 9.610004e+04   0.000000e+00   0.000000e+00
 9.630004e+04   0.000000e+00   0.000000e+00
 9.650004e+04   0.000000e+00   0.000000e+00
 9.670003e+04   0.000000e+00   0.000000e+00
 9.690003e+04   0.000000e+00   0.000000e+00
 9.710003e+04   0.000000e+00   0.000000e+00
 9.730003e+04   0.000000e+00   0.000000e+00
 9.750002e+04   0.000000e+00   0.000000e+00
 9.770002e+04   0.000000e+00   0.000000e+00
 9.790002e+04   0.000000e+00   0.000000e+00
 9.810002e+04   0.000000e+00   0.000000e+00
 9.830002e+04   0.000000e+00   0.000000e+00
 9.850001e+04   0.000000e+00   0.000000e+00
 9.870001e+04   0.000000e+00   0.000000e+00
 9.890001e+04   0.000000e+00   0.000000e+00
 9.910001e+04   0.000000e+00   0.000000e+00
 9.930001e+04   0.000000e+00   0.000000e+00
 9.950001e+04   0.000000e+00   0.000000e+00
 9.970000e+04   0.000000e+00   0.000000e+00
 9.990000e+04   0.000000e+00   0.000000e+00
 inf   0.000000e+00   0.000000e+00
