th3_lab bin centers    value    Error 
-inf   0.000000e+00   0.000000e+00
 2.967100e-04   0.000000e+00   0.000000e+00
 3.001300e-04   2.073318e+02   8.500704e+00
 3.035500e-04   4.667338e+02   2.169138e+01
 3.069700e-04   4.917165e+02   2.327017e+01
 3.103900e-04   5.243121e+02   1.857921e+01
 3.138100e-04   6.116176e+02   2.096112e+01
 3.172300e-04   1.297841e+06   2.821419e+01
 3.206500e-04   1.591019e+06   3.492287e+01
 3.240700e-04   1.541098e+06   3.626381e+01
 3.274900e-04   1.493184e+06   3.435634e+01
 3.309100e-04   1.447327e+06   4.508588e+01
 3.343300e-04   1.403346e+06   4.423731e+01
 3.377500e-04   1.361006e+06   3.988992e+01
 3.411700e-04   1.320429e+06   4.711485e+01
 3.445900e-04   1.281310e+06   3.952553e+01
 3.480100e-04   1.243973e+06   4.849462e+01
 3.514300e-04   1.207840e+06   4.489953e+01
 3.548500e-04   1.173215e+06   4.264911e+01
 3.582700e-04   1.139883e+06   4.776999e+01
 3.616900e-04   1.107752e+06   3.658395e+01
 3.651100e-04   1.076797e+06   2.779957e+01
 3.685300e-04   1.047178e+06   4.453096e+01
 3.719500e-04   1.018310e+06   4.055681e+01
 3.753700e-04   9.908531e+05   3.698690e+01
 3.787900e-04   9.640855e+05   2.768572e+01
 3.822100e-04   9.383431e+05   4.142374e+01
 3.856300e-04   9.136106e+05   3.860420e+01
 3.890500e-04   8.895580e+05   3.578505e+01
 3.924700e-04   8.665588e+05   4.532552e+01
 3.958900e-04   8.440804e+05   3.817242e+01
 3.993100e-04   8.226590e+05   3.775530e+01
 4.027300e-04   8.017860e+05   2.611993e+01
 4.061500e-04   7.815470e+05   3.868234e+01
 4.095700e-04   7.621440e+05   4.477206e+01
 4.129900e-04   7.432570e+05   3.219362e+01
 4.164100e-04   7.250672e+05   3.046750e+01
 4.198300e-04   7.074218e+05   2.835884e+01
 4.232500e-04   6.904202e+05   2.788453e+01
 4.266700e-04   6.738032e+05   3.106924e+01
 4.300900e-04   6.578315e+05   4.217545e+01
 4.335100e-04   6.422724e+05   3.516608e+01
 4.369300e-04   6.273388e+05   2.754222e+01
 4.403500e-04   6.128150e+05   3.918284e+01
 4.437700e-04   5.986174e+05   3.730254e+01
 4.471900e-04   5.849270e+05   3.846408e+01
 4.506100e-04   5.717128e+05   3.082071e+01
 4.540300e-04   5.587906e+05   3.107374e+01
 4.574500e-04   5.462854e+05   2.708493e+01
 4.608700e-04   5.342137e+05   3.890752e+01
 4.642900e-04   5.224950e+05   4.162488e+01
 4.677100e-04   5.109613e+05   2.884035e+01
 4.711300e-04   4.999149e+05   2.665027e+01
 4.745500e-04   4.891222e+05   2.769212e+01
 4.779700e-04   4.786554e+05   1.726252e+01
 4.813900e-04   4.684916e+05   2.483952e+01
 4.848100e-04   4.585771e+05   3.142586e+01
 4.882300e-04   4.489268e+05   2.847412e+01
 4.916500e-04   4.395936e+05   2.849490e+01
 4.950700e-04   4.305206e+05   4.110002e+01
 4.984900e-04   4.216945e+05   2.311364e+01
 5.019100e-04   4.130383e+05   3.960514e+01
 5.053300e-04   4.047124e+05   3.715712e+01
 5.087500e-04   3.965255e+05   2.387189e+01
 5.121700e-04   3.885586e+05   3.409171e+01
 5.155900e-04   3.808758e+05   3.009951e+01
 5.190100e-04   3.733483e+05   2.630493e+01
 5.224300e-04   3.660266e+05   2.579814e+01
 5.258500e-04   3.588989e+05   2.004181e+01
 5.292700e-04   3.518942e+05   2.404142e+01
 5.326900e-04   3.451664e+05   2.178339e+01
 5.361100e-04   3.386170e+05   3.088935e+01
 5.395300e-04   3.320656e+05   2.766461e+01
 5.429500e-04   3.258856e+05   3.213550e+01
 5.463700e-04   3.197041e+05   2.086361e+01
 5.497900e-04   3.137585e+05   2.673882e+01
 5.532100e-04   3.078736e+05   3.513967e+01
 5.566300e-04   3.022520e+05   2.788578e+01
 5.600500e-04   2.967126e+05   1.794059e+01
 5.634700e-04   2.912725e+05   2.132570e+01
 5.668900e-04   2.860092e+05   2.825537e+01
 5.703100e-04   2.808783e+05   2.469744e+01
 5.737300e-04   2.759148e+05   2.311906e+01
 5.771500e-04   2.709336e+05   2.252168e+01
 5.805700e-04   2.661182e+05   2.072431e+01
 5.839900e-04   2.614392e+05   1.870756e+01
 5.874100e-04   2.569147e+05   2.582822e+01
 5.908300e-04   2.523900e+05   2.609853e+01
 5.942500e-04   2.480616e+05   1.692007e+01
 5.976700e-04   2.437682e+05   2.511514e+01
 6.010900e-04   2.396310e+05   1.996589e+01
 6.045100e-04   2.354902e+05   2.632874e+01
 6.079300e-04   2.315333e+05   2.069838e+01
 6.113500e-04   2.276140e+05   2.231193e+01
 6.147700e-04   2.238952e+05   3.227827e+01
 6.181900e-04   2.200695e+05   2.532378e+01
 6.216100e-04   2.164505e+05   3.270724e+01
 6.250300e-04   2.129119e+05   2.412961e+01
 6.284500e-04   2.094034e+05   2.141154e+01
 6.318700e-04   2.060432e+05   1.830231e+01
 6.352900e-04   2.026363e+05   2.186611e+01
 6.387100e-04   1.993972e+05   1.863636e+01
 6.421300e-04   1.961919e+05   2.147052e+01
 6.455500e-04   1.930687e+05   2.580617e+01
 6.489700e-04   1.899750e+05   2.289810e+01
 6.523900e-04   1.870077e+05   2.684345e+01
 6.558100e-04   1.840636e+05   2.000908e+01
 6.592300e-04   1.811508e+05   2.297782e+01
 6.626500e-04   1.783462e+05   1.957160e+01
 6.660700e-04   1.756407e+05   2.049436e+01
 6.694900e-04   1.728260e+05   2.416903e+01
 6.729100e-04   1.702553e+05   2.942539e+01
 6.763300e-04   1.676475e+05   1.784309e+01
 6.797500e-04   1.650881e+05   2.834225e+01
 6.831700e-04   1.625995e+05   1.471852e+01
 6.865900e-04   1.601735e+05   1.817486e+01
 6.900100e-04   1.577613e+05   1.882481e+01
 6.934300e-04   1.554154e+05   1.305741e+01
 6.968500e-04   1.530766e+05   1.398764e+01
 7.002700e-04   1.508972e+05   2.808787e+01
 7.036900e-04   1.486142e+05   2.557077e+01
 7.071100e-04   1.464762e+05   1.764561e+01
 7.105300e-04   1.443371e+05   2.552103e+01
 7.139500e-04   1.422884e+05   1.697444e+01
 7.173700e-04   1.401939e+05   1.945356e+01
 7.207900e-04   1.381765e+05   1.886893e+01
 7.242100e-04   1.362551e+05   2.118308e+01
 7.276300e-04   1.342983e+05   1.926111e+01
 7.310500e-04   1.323750e+05   1.681683e+01
 7.344700e-04   1.305362e+05   1.599191e+01
 7.378900e-04   1.286882e+05   1.229102e+01
 7.413100e-04   1.268784e+05   1.276976e+01
 7.447300e-04   1.251621e+05   1.878165e+01
 7.481500e-04   1.234005e+05   1.792346e+01
 7.515700e-04   1.217147e+05   1.471959e+01
 7.549900e-04   1.200313e+05   2.396156e+01
 7.584100e-04   1.183869e+05   1.457834e+01
 7.618300e-04   1.168105e+05   1.491517e+01
 7.652500e-04   1.151995e+05   1.539469e+01
 7.686700e-04   1.136509e+05   1.637988e+01
 7.720900e-04   1.121009e+05   1.833010e+01
 7.755100e-04   1.106686e+05   2.106071e+01
 7.789300e-04   1.091145e+05   2.427686e+01
 7.823500e-04   1.077311e+05   2.980633e+01
 7.857700e-04   1.063396e+05   2.145118e+01
 7.891900e-04   1.048930e+05   1.472028e+01
 7.926100e-04   1.035463e+05   1.904621e+01
 7.960300e-04   1.021826e+05   2.009020e+01
 7.994500e-04   1.008669e+05   2.090580e+01
 8.028700e-04   9.951454e+04   1.565597e+01
 8.062900e-04   9.828045e+04   1.572855e+01
 8.097100e-04   9.701232e+04   1.560869e+01
 8.131300e-04   9.578342e+04   1.909600e+01
 8.165500e-04   9.455931e+04   1.629004e+01
 8.199700e-04   9.335235e+04   1.597374e+01
 8.233900e-04   9.215906e+04   1.398545e+01
 8.268100e-04   9.102861e+04   1.760441e+01
 8.302300e-04   8.987877e+04   1.591023e+01
 8.336500e-04   8.876442e+04   1.457993e+01
 8.370700e-04   8.764385e+04   1.671581e+01
 8.404900e-04   8.659428e+04   1.858605e+01
 8.439100e-04   8.552473e+04   2.268352e+01
 8.473300e-04   8.444608e+04   1.432796e+01
 8.507500e-04   8.343898e+04   1.186970e+01
 8.541700e-04   8.238978e+04   1.252256e+01
 8.575900e-04   8.140477e+04   1.280288e+01
 8.610100e-04   8.042473e+04   1.234988e+01
 8.644300e-04   7.943095e+04   1.379773e+01
 8.678500e-04   7.852035e+04   1.829820e+01
 8.712700e-04   7.757029e+04   1.960783e+01
 8.746900e-04   7.664896e+04   1.474205e+01
 8.781100e-04   7.572370e+04   1.113317e+01
 8.815300e-04   7.483134e+04   1.385769e+01
 8.849500e-04   7.395741e+04   1.148064e+01
 8.883700e-04   7.308874e+04   1.307564e+01
 8.917900e-04   7.226055e+04   1.199795e+01
 8.952100e-04   7.137959e+04   1.279853e+01
 8.986300e-04   7.057625e+04   1.561648e+01
 9.020500e-04   6.974579e+04   1.700525e+01
 9.054700e-04   6.897696e+04   1.765297e+01
 9.088900e-04   6.814514e+04   2.216603e+01
 9.123100e-04   6.740873e+04   1.423211e+01
 9.157300e-04   6.659877e+04   1.806959e+01
 9.191500e-04   6.585061e+04   1.525817e+01
 9.225700e-04   6.514108e+04   1.373556e+01
 9.259900e-04   6.436966e+04   1.506675e+01
 9.294100e-04   6.365881e+04   1.805074e+01
 9.328300e-04   6.295001e+04   1.779609e+01
 9.362500e-04   6.222676e+04   1.455910e+01
 9.396700e-04   6.154363e+04   1.251622e+01
 9.430900e-04   6.087764e+04   1.528503e+01
 9.465100e-04   6.020292e+04   2.072385e+01
 9.499300e-04   5.953335e+04   1.026521e+01
 9.533500e-04   5.886666e+04   1.534736e+01
 9.567700e-04   5.824169e+04   1.293107e+01
 9.601900e-04   5.760834e+04   1.392856e+01
 9.636100e-04   5.698828e+04   1.534674e+01
 9.670300e-04   5.637646e+04   1.057647e+01
 9.704500e-04   5.575303e+04   8.591133e+00
 9.738700e-04   5.516289e+04   9.043437e+00
 9.772900e-04   5.457284e+04   1.207403e+01
 9.807100e-04   5.397917e+04   1.640787e+01
 9.841300e-04   5.341619e+04   1.786684e+01
 9.875500e-04   5.282678e+04   1.125416e+01
 9.909700e-04   5.230222e+04   1.681104e+01
 9.943900e-04   5.173420e+04   1.534236e+01
 9.978100e-04   5.120444e+04   1.426244e+01
 1.001230e-03   5.066595e+04   1.312344e+01
 1.004650e-03   5.014253e+04   1.317675e+01
 1.008070e-03   4.962855e+04   9.931924e+00
 1.011490e-03   4.908271e+04   8.109386e+00
 1.014910e-03   4.859115e+04   1.254070e+01
 1.018330e-03   4.810067e+04   1.330346e+01
 1.021750e-03   4.758578e+04   1.138316e+01
 1.025170e-03   4.711685e+04   9.087792e+00
 1.028590e-03   4.662977e+04   1.624848e+01
 1.032010e-03   4.612639e+04   1.442834e+01
 1.035430e-03   4.567525e+04   1.415378e+01
 1.038850e-03   4.523869e+04   1.126316e+01
 1.042270e-03   4.477368e+04   1.019370e+01
 1.045690e-03   4.433183e+04   1.196813e+01
 1.049110e-03   4.385572e+04   1.520927e+01
 1.052530e-03   4.343394e+04   1.170608e+01
 1.055950e-03   4.300523e+04   1.188554e+01
 1.059370e-03   4.259419e+04   1.034966e+01
 1.062790e-03   4.215244e+04   1.014862e+01
 1.066210e-03   4.173575e+04   1.129202e+01
 1.069630e-03   4.133847e+04   1.124579e+01
 1.073050e-03   4.091961e+04   1.108238e+01
 1.076470e-03   4.052017e+04   1.416170e+01
 1.079890e-03   4.011950e+04   1.708154e+01
 1.083310e-03   3.975099e+04   9.544077e+00
 1.086730e-03   3.934301e+04   9.092184e+00
 1.090150e-03   3.897941e+04   1.270734e+01
 1.093570e-03   3.860079e+04   1.086817e+01
 1.096990e-03   3.822012e+04   1.200705e+01
 1.100410e-03   3.785352e+04   1.081595e+01
 1.103830e-03   3.749501e+04   9.770459e+00
 1.107250e-03   3.713532e+04   1.105724e+01
 1.110670e-03   3.678949e+04   9.779340e+00
 1.114090e-03   3.643228e+04   1.043277e+01
 1.117510e-03   3.609936e+04   1.093743e+01
 1.120930e-03   3.577037e+04   1.085585e+01
 1.124350e-03   3.542692e+04   9.374211e+00
 1.127770e-03   3.508918e+04   1.070651e+01
 1.131190e-03   3.477463e+04   1.123275e+01
 1.134610e-03   3.443978e+04   1.071657e+01
 1.138030e-03   3.411027e+04   9.022252e+00
 1.141450e-03   3.379396e+04   1.190452e+01
 1.144870e-03   3.350279e+04   6.295804e+00
 1.148290e-03   3.318007e+04   1.078996e+01
 1.151710e-03   3.288223e+04   1.257406e+01
 1.155130e-03   3.259658e+04   1.382269e+01
 1.158550e-03   3.229513e+04   9.273455e+00
 1.161970e-03   3.198906e+04   7.427750e+00
 1.165390e-03   3.170095e+04   1.111936e+01
 1.168810e-03   3.141807e+04   9.524864e+00
 1.172230e-03   3.110485e+04   7.689980e+00
 1.175650e-03   3.084413e+04   9.503597e+00
 1.179070e-03   3.058348e+04   9.535408e+00
 1.182490e-03   3.028965e+04   1.172653e+01
 1.185910e-03   3.004804e+04   1.043354e+01
 1.189330e-03   2.976127e+04   1.095588e+01
 1.192750e-03   2.950213e+04   1.097175e+01
 1.196170e-03   2.924263e+04   1.015117e+01
 1.199590e-03   2.897894e+04   1.026851e+01
 1.203010e-03   2.872414e+04   9.414303e+00
 1.206430e-03   2.846764e+04   9.596727e+00
 1.209850e-03   2.820668e+04   9.940154e+00
 1.213270e-03   2.797204e+04   1.222060e+01
 1.216690e-03   2.771750e+04   1.191532e+01
 1.220110e-03   2.748240e+04   7.962575e+00
 1.223530e-03   2.724046e+04   8.037053e+00
 1.226950e-03   2.703213e+04   9.654315e+00
 1.230370e-03   2.677309e+04   1.081393e+01
 1.233790e-03   2.654230e+04   8.564388e+00
 1.237210e-03   2.632015e+04   1.076378e+01
 1.240630e-03   2.609002e+04   1.368330e+01
 1.244050e-03   2.588232e+04   1.109213e+01
 1.247470e-03   2.565247e+04   8.625226e+00
 1.250890e-03   2.544406e+04   8.622200e+00
 1.254310e-03   2.521180e+04   9.565259e+00
 1.257730e-03   2.501046e+04   9.627263e+00
 1.261150e-03   2.478836e+04   9.626728e+00
 1.264570e-03   2.460523e+04   1.195490e+01
 1.267990e-03   2.438334e+04   9.715964e+00
 1.271410e-03   2.418007e+04   9.017080e+00
 1.274830e-03   2.395759e+04   1.050150e+01
 1.278250e-03   2.378079e+04   7.332142e+00
 1.281670e-03   2.358711e+04   9.853472e+00
 1.285090e-03   2.337123e+04   8.606748e+00
 1.288510e-03   2.319036e+04   7.581616e+00
 1.291930e-03   2.298856e+04   7.179826e+00
 1.295350e-03   2.280668e+04   9.785356e+00
 1.298770e-03   2.263647e+04   1.000101e+01
 1.302190e-03   2.243474e+04   7.320389e+00
 1.305610e-03   2.226810e+04   7.655662e+00
 1.309030e-03   2.205871e+04   1.000356e+01
 1.312450e-03   2.190817e+04   8.827039e+00
 1.315870e-03   2.170972e+04   6.689868e+00
 1.319290e-03   2.151303e+04   1.056661e+01
 1.322710e-03   2.138029e+04   9.554035e+00
 1.326130e-03   2.118576e+04   6.280457e+00
 1.329550e-03   2.102181e+04   8.576090e+00
 1.332970e-03   2.086271e+04   8.410979e+00
 1.336390e-03   2.068522e+04   1.072999e+01
 1.339810e-03   2.051549e+04   7.545812e+00
 1.343230e-03   2.035276e+04   7.443914e+00
 1.346650e-03   2.020394e+04   6.813423e+00
 1.350070e-03   2.003862e+04   6.906373e+00
 1.353490e-03   1.988514e+04   8.250067e+00
 1.356910e-03   1.972725e+04   7.202388e+00
 1.360330e-03   1.957258e+04   8.602579e+00
 1.363750e-03   1.941228e+04   1.067159e+01
 1.367170e-03   1.925217e+04   8.445246e+00
 1.370590e-03   1.912554e+04   7.741745e+00
 1.374010e-03   1.895745e+04   8.016593e+00
 1.377430e-03   1.881604e+04   8.533163e+00
 1.380850e-03   1.865359e+04   7.168221e+00
 1.384270e-03   1.851366e+04   1.046171e+01
 1.387690e-03   1.837926e+04   7.862544e+00
 1.391110e-03   1.825237e+04   8.406758e+00
 1.394530e-03   1.809271e+04   7.693695e+00
 1.397950e-03   1.795279e+04   8.562094e+00
 1.401370e-03   1.781357e+04   7.803535e+00
 1.404790e-03   1.768991e+04   7.620557e+00
 1.408210e-03   1.755349e+04   8.505668e+00
 1.411630e-03   1.742513e+04   9.274164e+00
 1.415050e-03   1.728491e+04   9.262507e+00
 1.418470e-03   1.716397e+04   1.148675e+01
 1.421890e-03   1.701691e+04   9.475883e+00
 1.425310e-03   1.690051e+04   8.101197e+00
 1.428730e-03   1.677171e+04   7.892203e+00
 1.432150e-03   1.665233e+04   9.778228e+00
 1.435570e-03   1.651022e+04   9.211461e+00
 1.438990e-03   1.639238e+04   9.170100e+00
 1.442410e-03   1.626761e+04   7.829485e+00
 1.445830e-03   1.615453e+04   7.870302e+00
 1.449250e-03   1.602447e+04   1.085923e+01
 1.452670e-03   1.592307e+04   9.339805e+00
 1.456090e-03   1.579245e+04   7.197938e+00
 1.459510e-03   1.568656e+04   8.999304e+00
 1.462930e-03   1.556130e+04   9.166067e+00
 1.466350e-03   1.544490e+04   7.263032e+00
 1.469770e-03   1.530935e+04   5.031815e+00
 1.473190e-03   1.523151e+04   6.429753e+00
 1.476610e-03   1.511037e+04   8.925498e+00
 1.480030e-03   1.501035e+04   6.883574e+00
 1.483450e-03   1.488425e+04   7.469455e+00
 1.486870e-03   1.478144e+04   7.060471e+00
 1.490290e-03   1.468558e+04   8.113129e+00
 1.493710e-03   1.457243e+04   8.199277e+00
 1.497130e-03   1.445482e+04   1.070727e+01
 1.500550e-03   1.436042e+04   6.105345e+00
 1.503970e-03   1.425747e+04   6.865805e+00
 1.507390e-03   1.416074e+04   7.166530e+00
 1.510810e-03   1.403968e+04   1.077979e+01
 1.514230e-03   1.395352e+04   7.324418e+00
 1.517650e-03   1.386955e+04   1.239202e+01
 1.521070e-03   1.374415e+04   5.788302e+00
 1.524490e-03   1.367332e+04   6.350982e+00
 1.527910e-03   1.355855e+04   7.361721e+00
 1.531330e-03   1.347866e+04   6.800540e+00
 1.534750e-03   1.337448e+04   8.796984e+00
 1.538170e-03   1.326326e+04   6.986773e+00
 1.541590e-03   1.318320e+04   6.973995e+00
 1.545010e-03   1.308926e+04   7.296318e+00
 1.548430e-03   1.299163e+04   6.002702e+00
 1.551850e-03   1.291501e+04   8.043707e+00
 1.555270e-03   1.282418e+04   9.646437e+00
 1.558690e-03   1.271905e+04   7.818566e+00
 1.562110e-03   1.264320e+04   7.581079e+00
 1.565530e-03   1.254953e+04   6.218524e+00
 1.568950e-03   1.245641e+04   5.664907e+00
 1.572370e-03   1.238428e+04   6.944167e+00
 1.575790e-03   1.229135e+04   6.663474e+00
 1.579210e-03   1.220128e+04   6.616884e+00
 1.582630e-03   1.213446e+04   6.502568e+00
 1.586050e-03   1.203703e+04   4.760059e+00
 1.589470e-03   1.194812e+04   7.441910e+00
 1.592890e-03   1.187678e+04   8.347874e+00
 1.596310e-03   1.180386e+04   8.759881e+00
 1.599730e-03   1.172712e+04   6.717856e+00
 1.603150e-03   1.162420e+04   8.475600e+00
 1.606570e-03   1.155448e+04   7.692536e+00
 1.609990e-03   1.149462e+04   1.067641e+01
 1.613410e-03   1.141100e+04   6.964505e+00
 1.616830e-03   1.130528e+04   1.138281e+01
 1.620250e-03   1.124770e+04   7.017351e+00
 1.623670e-03   1.117738e+04   6.982022e+00
 1.627090e-03   1.109256e+04   8.668415e+00
 1.630510e-03   1.102362e+04   1.026385e+01
 1.633930e-03   1.094788e+04   5.407103e+00
 1.637350e-03   1.088524e+04   5.258569e+00
 1.640770e-03   1.079677e+04   5.797342e+00
 1.644190e-03   1.073057e+04   8.570684e+00
 1.647610e-03   1.065581e+04   6.348206e+00
 1.651030e-03   1.058916e+04   6.034665e+00
 1.654450e-03   1.052154e+04   8.773919e+00
 1.657870e-03   1.044365e+04   7.302623e+00
 1.661290e-03   1.038554e+04   8.573897e+00
 1.664710e-03   1.031829e+04   7.804752e+00
 1.668130e-03   1.024463e+04   7.090265e+00
 1.671550e-03   1.019623e+04   7.724651e+00
 1.674970e-03   1.010383e+04   5.177457e+00
 1.678390e-03   1.004034e+04   7.821937e+00
 1.681810e-03   9.988666e+03   7.356502e+00
 1.685230e-03   9.923635e+03   5.346269e+00
 1.688650e-03   9.848127e+03   8.208018e+00
 1.692070e-03   9.796970e+03   7.691663e+00
 1.695490e-03   9.715080e+03   7.915888e+00
 1.698910e-03   9.667739e+03   6.394112e+00
 1.702330e-03   9.595734e+03   9.135652e+00
 1.705750e-03   9.547213e+03   5.844448e+00
 1.709170e-03   9.483932e+03   4.804424e+00
 1.712590e-03   9.403004e+03   8.368204e+00
 1.716010e-03   9.373891e+03   7.309713e+00
 1.719430e-03   9.293716e+03   5.379260e+00
 1.722850e-03   9.232187e+03   1.216149e+01
 1.726270e-03   9.177863e+03   6.017097e+00
 1.729690e-03   9.118430e+03   6.996882e+00
 1.733110e-03   9.057019e+03   8.243722e+00
 1.736530e-03   9.012710e+03   6.978049e+00
 1.739950e-03   8.943875e+03   8.590162e+00
 1.743370e-03   8.893991e+03   8.663194e+00
 1.746790e-03   8.839367e+03   1.104834e+01
 1.750210e-03   8.795056e+03   1.089441e+01
 1.753630e-03   8.707857e+03   1.222378e+01
 1.757050e-03   8.690239e+03   8.451365e+00
 1.760470e-03   8.607624e+03   7.301044e+00
 1.763890e-03   8.557523e+03   6.534891e+00
 1.767310e-03   8.509905e+03   1.080996e+01
 1.770730e-03   8.452713e+03   9.711602e+00
 1.774150e-03   8.407830e+03   5.578911e+00
 1.777570e-03   8.356040e+03   4.177863e+00
 1.780990e-03   8.295025e+03   8.287065e+00
 1.784410e-03   8.235718e+03   1.109868e+01
 1.787830e-03   8.192540e+03   7.206444e+00
 1.791250e-03   8.154538e+03   7.442071e+00
 1.794670e-03   8.094777e+03   1.311565e+01
 1.798090e-03   8.053736e+03   9.432050e+00
 1.801510e-03   8.007773e+03   1.114875e+01
 1.804930e-03   7.951971e+03   1.004677e+01
 1.808350e-03   7.898918e+03   1.204120e+01
 1.811770e-03   7.863344e+03   7.101550e+00
 1.815190e-03   7.801239e+03   1.086530e+01
 1.818610e-03   7.761558e+03   5.968195e+00
 1.822030e-03   7.691519e+03   8.391058e+00
 1.825450e-03   7.685052e+03   1.062217e+01
 1.828870e-03   7.600824e+03   7.801320e+00
 1.832290e-03   7.567442e+03   1.209843e+01
 1.835710e-03   7.525594e+03   8.881367e+00
 1.839130e-03   7.480964e+03   8.697644e+00
 1.842550e-03   7.435562e+03   5.339092e+00
 1.845970e-03   7.400409e+03   9.471786e+00
 1.849390e-03   7.331861e+03   1.564590e+01
 1.852810e-03   7.305686e+03   8.881622e+00
 1.856230e-03   7.244656e+03   1.022525e+01
 1.859650e-03   7.219086e+03   6.643283e+00
 1.863070e-03   7.178004e+03   6.044575e+00
 1.866490e-03   7.126095e+03   6.607315e+00
 1.869910e-03   7.100188e+03   8.787949e+00
 1.873330e-03   7.037354e+03   6.949640e+00
 1.876750e-03   7.001599e+03   6.301808e+00
 1.880170e-03   6.968346e+03   7.584928e+00
 1.883590e-03   6.918224e+03   7.440421e+00
 1.887010e-03   6.886012e+03   7.636520e+00
 1.890430e-03   6.828678e+03   1.485755e+01
 1.893850e-03   6.808749e+03   9.009721e+00
 1.897270e-03   6.741440e+03   1.218531e+01
 1.900690e-03   6.728062e+03   2.401075e+01
 1.904110e-03   6.679771e+03   5.616714e+00
 1.907530e-03   6.633910e+03   8.291700e+00
 1.910950e-03   6.601889e+03   7.790585e+00
 1.914370e-03   6.570924e+03   7.138225e+00
 1.917790e-03   6.513433e+03   9.334310e+00
 1.921210e-03   6.445693e+03   2.609353e+01
 1.924630e-03   6.490959e+03   2.371715e+01
 1.928050e-03   6.404832e+03   6.155534e+00
 1.931470e-03   6.385772e+03   1.551521e+01
 1.934890e-03   6.327582e+03   1.159939e+01
 1.938310e-03   6.292173e+03   6.420149e+00
 1.941730e-03   6.272075e+03   8.910644e+00
 1.945150e-03   6.222802e+03   1.099129e+01
 1.948570e-03   6.197969e+03   7.579914e+00
 1.951990e-03   6.167514e+03   7.026592e+00
 1.955410e-03   6.114607e+03   1.123728e+01
 1.958830e-03   6.060666e+03   1.363641e+01
 1.962250e-03   6.061075e+03   9.609167e+00
 1.965670e-03   6.034867e+03   1.109326e+01
 1.969090e-03   5.982463e+03   7.404904e+00
 1.972510e-03   5.961543e+03   1.280543e+01
 1.975930e-03   5.918985e+03   5.704348e+00
 1.979350e-03   5.901515e+03   7.721614e+00
 1.982770e-03   5.830215e+03   1.846043e+01
 1.986190e-03   5.817994e+03   8.198879e+00
 1.989610e-03   5.790392e+03   6.840440e+00
 1.993030e-03   5.714589e+03   3.635376e+01
 1.996450e-03   5.767959e+03   7.095873e+01
 1.999870e-03   2.989599e+03   3.786630e+01
 2.003290e-03   0.000000e+00   0.000000e+00
 inf   0.000000e+00   0.000000e+00
