Q2_lab bin centers    value    Error 
-inf   0.000000e+00   0.000000e+00
 1.009990e+02   0.000000e+00   0.000000e+00
 3.009970e+02   0.000000e+00   0.000000e+00
 5.009950e+02   0.000000e+00   0.000000e+00
 7.009930e+02   0.000000e+00   0.000000e+00
 9.009910e+02   1.304205e-03   4.929061e-06
 1.100989e+03   2.181275e-01   1.462017e-05
 1.300987e+03   1.557685e-01   5.637397e-06
 1.500985e+03   1.167998e-01   8.523883e-06
 1.700983e+03   9.083648e-02   1.098032e-05
 1.900981e+03   7.264466e-02   3.625925e-06
 2.100979e+03   5.939661e-02   5.067940e-06
 2.300977e+03   4.948984e-02   5.895176e-06
 2.500975e+03   4.184328e-02   5.313679e-06
 2.700973e+03   3.583948e-02   3.910230e-06
 2.900971e+03   3.104932e-02   4.577967e-06
 3.100969e+03   2.714684e-02   3.032157e-06
 3.300967e+03   2.393954e-02   3.426255e-06
 3.500965e+03   2.127911e-02   6.127343e-06
 3.700963e+03   1.901294e-02   2.698745e-06
 3.900961e+03   1.710349e-02   4.254238e-06
 4.100959e+03   1.546853e-02   2.602383e-06
 4.300957e+03   1.404918e-02   4.955569e-06
 4.500955e+03   1.282226e-02   4.673635e-06
 4.700953e+03   1.173989e-02   2.564904e-06
 4.900951e+03   1.079797e-02   1.342653e-06
 5.100949e+03   9.957840e-03   3.344870e-06
 5.300947e+03   9.220790e-03   2.636914e-06
 5.500945e+03   8.548464e-03   2.682238e-06
 5.700943e+03   7.957851e-03   1.999739e-06
 5.900941e+03   7.418271e-03   2.049573e-06
 6.100939e+03   6.941956e-03   2.862313e-06
 6.300937e+03   6.493246e-03   4.494489e-06
 6.500935e+03   6.105340e-03   3.414904e-06
 6.700933e+03   5.734763e-03   2.467169e-06
 6.900931e+03   5.407727e-03   3.712889e-06
 7.100929e+03   5.100693e-03   3.380745e-06
 7.300927e+03   4.826409e-03   4.754851e-06
 7.500925e+03   4.567983e-03   3.889382e-06
 7.700923e+03   4.325900e-03   1.981465e-06
 7.900921e+03   4.110106e-03   1.830410e-06
 8.100919e+03   3.906807e-03   1.127725e-06
 8.300917e+03   3.718815e-03   2.387763e-06
 8.500915e+03   3.538520e-03   2.394366e-06
 8.700913e+03   3.382750e-03   4.133052e-06
 8.900911e+03   3.227709e-03   3.426184e-06
 9.100909e+03   3.085630e-03   4.492651e-06
 9.300907e+03   2.949227e-03   9.737875e-07
 9.500905e+03   2.826588e-03   4.886393e-06
 9.700903e+03   2.704924e-03   3.746910e-06
 9.900901e+03   2.595437e-03   4.209921e-06
 1.010090e+04   2.499301e-03   3.870069e-06
 1.030090e+04   2.391717e-03   2.844615e-06
 1.050090e+04   2.310423e-03   4.179396e-06
 1.070089e+04   2.216117e-03   4.442380e-06
 1.090089e+04   2.134120e-03   1.571838e-06
 1.110089e+04   2.057988e-03   1.089362e-06
 1.130089e+04   1.985764e-03   2.105685e-06
 1.150089e+04   1.912926e-03   1.449390e-06
 1.170088e+04   1.848727e-03   1.491075e-06
 1.190088e+04   1.784845e-03   2.989938e-06
 1.210088e+04   1.726414e-03   8.880217e-07
 1.230088e+04   1.668656e-03   2.590975e-06
 1.250088e+04   1.611656e-03   2.193873e-06
 1.270087e+04   1.565231e-03   1.739851e-06
 1.290087e+04   1.514704e-03   1.934494e-06
 1.310087e+04   1.466205e-03   1.530391e-06
 1.330087e+04   1.422231e-03   1.216647e-06
 1.350086e+04   1.380565e-03   2.683888e-06
 1.370086e+04   1.338554e-03   1.943546e-06
 1.390086e+04   1.297563e-03   1.851912e-06
 1.410086e+04   1.258616e-03   1.586409e-06
 1.430086e+04   1.229999e-03   2.459817e-06
 1.450085e+04   1.188909e-03   2.470953e-06
 1.470085e+04   1.157125e-03   1.450587e-06
 1.490085e+04   1.128391e-03   1.664934e-06
 1.510085e+04   1.096790e-03   2.349424e-06
 1.530085e+04   1.065833e-03   1.200925e-06
 1.550084e+04   1.038408e-03   7.231081e-07
 1.570084e+04   1.011624e-03   6.744308e-07
 1.590084e+04   9.877265e-04   1.761083e-06
 1.610084e+04   9.572151e-04   2.578611e-06
 1.630084e+04   9.386857e-04   1.714504e-06
 1.650083e+04   9.010056e-04   1.251651e-05
 1.670083e+04   8.903675e-04   1.462361e-06
 1.690083e+04   8.650028e-04   3.724463e-06
 1.710083e+04   8.535246e-04   4.915319e-06
 1.730083e+04   8.254510e-04   2.138965e-06
 1.750083e+04   8.090800e-04   1.731149e-06
 1.770082e+04   7.876418e-04   2.409228e-06
 1.790082e+04   7.734720e-04   1.026868e-06
 1.810082e+04   7.523740e-04   1.239064e-06
 1.830082e+04   7.363774e-04   1.516468e-06
 1.850081e+04   7.235070e-04   1.127858e-06
 1.870081e+04   7.069559e-04   1.384931e-06
 1.890081e+04   6.899856e-04   1.655049e-06
 1.910081e+04   6.738142e-04   1.579628e-06
 1.930081e+04   6.628799e-04   2.443952e-06
 1.950081e+04   6.449996e-04   1.111684e-06
 1.970080e+04   6.321732e-04   1.256350e-06
 1.990080e+04   6.191848e-04   9.858965e-07
 2.010080e+04   6.069675e-04   1.318756e-06
 2.030080e+04   5.942718e-04   2.247724e-06
 2.050079e+04   5.842702e-04   1.515513e-06
 2.070079e+04   5.713053e-04   1.940783e-06
 2.090079e+04   5.610210e-04   1.930675e-06
 2.110079e+04   5.506557e-04   1.879033e-06
 2.130079e+04   5.354825e-04   1.407441e-06
 2.150078e+04   5.300907e-04   1.941235e-06
 2.170078e+04   5.184595e-04   1.889635e-06
 2.190078e+04   5.078990e-04   1.036471e-06
 2.210078e+04   4.975377e-04   9.221062e-07
 2.230078e+04   4.912187e-04   9.178651e-07
 2.250078e+04   4.943629e-04   1.276979e-05
 2.270077e+04   4.717743e-04   1.271291e-06
 2.290077e+04   4.633417e-04   1.150150e-06
 2.310077e+04   4.425764e-04   1.426915e-05
 2.330077e+04   4.448330e-04   2.449389e-06
 2.350076e+04   4.392495e-04   2.025401e-06
 2.370076e+04   4.302632e-04   1.387187e-06
 2.390076e+04   4.231218e-04   9.898372e-07
 2.410076e+04   4.165813e-04   1.623165e-06
 2.430076e+04   4.101067e-04   1.582189e-06
 2.450076e+04   4.025580e-04   1.985184e-06
 2.470075e+04   3.967708e-04   8.704225e-07
 2.490075e+04   3.880887e-04   9.835156e-07
 2.510075e+04   3.836354e-04   1.694403e-06
 2.530075e+04   3.752940e-04   1.249964e-06
 2.550074e+04   3.698203e-04   9.461713e-07
 2.570074e+04   3.640383e-04   9.039130e-07
 2.590074e+04   3.571153e-04   1.086295e-06
 2.610074e+04   3.540066e-04   9.745893e-07
 2.630074e+04   3.502755e-04   4.159032e-06
 2.650074e+04   3.390616e-04   2.561213e-06
 2.670073e+04   3.359467e-04   1.833126e-06
 2.690073e+04   3.308574e-04   8.612004e-07
 2.710073e+04   3.251556e-04   9.117540e-07
 2.730073e+04   3.213921e-04   1.571660e-06
 2.750072e+04   3.154515e-04   9.760861e-07
 2.770072e+04   3.097455e-04   1.799770e-06
 2.790072e+04   3.055552e-04   6.989255e-07
 2.810072e+04   3.034589e-04   1.172378e-06
 2.830072e+04   2.968281e-04   8.720843e-07
 2.850072e+04   2.918140e-04   1.365302e-06
 2.870071e+04   2.881908e-04   8.776738e-07
 2.890071e+04   2.889344e-04   3.780902e-06
 2.910071e+04   2.772308e-04   3.370299e-06
 2.930071e+04   2.757920e-04   6.295033e-07
 2.950071e+04   2.721971e-04   5.808674e-07
 2.970070e+04   2.694045e-04   9.095225e-07
 2.990070e+04   2.651249e-04   9.756622e-07
 3.010070e+04   2.629695e-04   2.801729e-06
 3.030070e+04   2.579205e-04   9.803390e-07
 3.050069e+04   2.535603e-04   7.523304e-07
 3.070069e+04   2.483231e-04   2.597723e-06
 3.090069e+04   2.458265e-04   1.048165e-06
 3.110069e+04   2.426738e-04   5.617148e-07
 3.130069e+04   2.400350e-04   5.781551e-07
 3.150069e+04   2.377777e-04   1.251156e-06
 3.170068e+04   2.421898e-04   7.178787e-06
 3.190068e+04   2.238008e-04   8.295702e-06
 3.210068e+04   2.265913e-04   1.153194e-06
 3.230068e+04   2.274690e-04   2.351890e-06
 3.250067e+04   2.182367e-04   2.946939e-06
 3.270067e+04   2.189242e-04   4.021036e-07
 3.290067e+04   2.158654e-04   5.468612e-07
 3.310067e+04   2.123902e-04   4.686645e-07
 3.330067e+04   2.105938e-04   4.535971e-07
 3.350067e+04   2.078412e-04   4.505533e-07
 3.370066e+04   2.125927e-04   6.086212e-06
 3.390066e+04   2.016961e-04   4.975521e-07
 3.410066e+04   1.933760e-04   5.905244e-06
 3.430066e+04   1.976322e-04   1.801774e-06
 3.450065e+04   1.951769e-04   4.359444e-07
 3.470065e+04   1.908268e-04   1.637474e-06
 3.490065e+04   1.913750e-04   7.659263e-07
 3.510065e+04   1.861717e-04   1.686490e-06
 3.530065e+04   1.883819e-04   3.163861e-06
 3.550064e+04   1.800913e-04   3.495574e-06
 3.570064e+04   1.723218e-04   2.112777e-05
 3.590064e+04   1.602138e-04   1.770620e-05
 3.610064e+04   3.232959e-04   1.482326e-04
 3.630064e+04   1.656478e-04   1.986569e-05
 3.650064e+04   1.491384e-04   1.726990e-05
 3.670063e+04   1.571487e-04   1.766962e-05
 3.690063e+04   1.515878e-04   1.666760e-05
 3.710063e+04   1.628234e-04   2.163927e-05
 3.730063e+04   1.459740e-04   1.633640e-05
 3.750062e+04   2.209038e-04   5.952256e-05
 3.770062e+04   1.446672e-04   1.599961e-05
 3.790062e+04   2.205864e-04   5.842597e-05
 3.810062e+04   1.477379e-04   1.690298e-05
 3.830062e+04   1.441400e-04   1.585020e-05
 3.850061e+04   1.348751e-04   1.529084e-05
 3.870061e+04   1.359275e-04   1.521387e-05
 3.890061e+04   2.107273e-04   5.429740e-05
 3.910061e+04   1.301645e-04   1.518029e-05
 3.930061e+04   1.311490e-04   1.459054e-05
 3.950061e+04   1.274722e-04   1.453273e-05
 3.970060e+04   1.941607e-04   5.305713e-05
 3.990060e+04   1.206013e-04   1.376262e-05
 4.010060e+04   0.000000e+00   0.000000e+00
 4.030060e+04   0.000000e+00   0.000000e+00
 4.050060e+04   0.000000e+00   0.000000e+00
 4.070059e+04   0.000000e+00   0.000000e+00
 4.090059e+04   0.000000e+00   0.000000e+00
 4.110059e+04   0.000000e+00   0.000000e+00
 4.130059e+04   0.000000e+00   0.000000e+00
 4.150058e+04   0.000000e+00   0.000000e+00
 4.170058e+04   0.000000e+00   0.000000e+00
 4.190058e+04   0.000000e+00   0.000000e+00
 4.210058e+04   0.000000e+00   0.000000e+00
 4.230058e+04   0.000000e+00   0.000000e+00
 4.250057e+04   0.000000e+00   0.000000e+00
 4.270057e+04   0.000000e+00   0.000000e+00
 4.290057e+04   0.000000e+00   0.000000e+00
 4.310057e+04   0.000000e+00   0.000000e+00
 4.330057e+04   0.000000e+00   0.000000e+00
 4.350057e+04   0.000000e+00   0.000000e+00
 4.370056e+04   0.000000e+00   0.000000e+00
 4.390056e+04   0.000000e+00   0.000000e+00
 4.410056e+04   0.000000e+00   0.000000e+00
 4.430056e+04   0.000000e+00   0.000000e+00
 4.450056e+04   0.000000e+00   0.000000e+00
 4.470055e+04   0.000000e+00   0.000000e+00
 4.490055e+04   0.000000e+00   0.000000e+00
 4.510055e+04   0.000000e+00   0.000000e+00
 4.530055e+04   0.000000e+00   0.000000e+00
 4.550054e+04   0.000000e+00   0.000000e+00
 4.570054e+04   0.000000e+00   0.000000e+00
 4.590054e+04   0.000000e+00   0.000000e+00
 4.610054e+04   0.000000e+00   0.000000e+00
 4.630054e+04   0.000000e+00   0.000000e+00
 4.650054e+04   0.000000e+00   0.000000e+00
 4.670053e+04   0.000000e+00   0.000000e+00
 4.690053e+04   0.000000e+00   0.000000e+00
 4.710053e+04   0.000000e+00   0.000000e+00
 4.730053e+04   0.000000e+00   0.000000e+00
 4.750053e+04   0.000000e+00   0.000000e+00
 4.770052e+04   0.000000e+00   0.000000e+00
 4.790052e+04   0.000000e+00   0.000000e+00
 4.810052e+04   0.000000e+00   0.000000e+00
 4.830052e+04   0.000000e+00   0.000000e+00
 4.850051e+04   0.000000e+00   0.000000e+00
 4.870051e+04   0.000000e+00   0.000000e+00
 4.890051e+04   0.000000e+00   0.000000e+00
 4.910051e+04   0.000000e+00   0.000000e+00
 4.930051e+04   0.000000e+00   0.000000e+00
 4.950050e+04   0.000000e+00   0.000000e+00
 4.970050e+04   0.000000e+00   0.000000e+00
 4.990050e+04   0.000000e+00   0.000000e+00
 5.010050e+04   0.000000e+00   0.000000e+00
 5.030050e+04   0.000000e+00   0.000000e+00
 5.050050e+04   0.000000e+00   0.000000e+00
 5.070049e+04   0.000000e+00   0.000000e+00
 5.090049e+04   0.000000e+00   0.000000e+00
 5.110049e+04   0.000000e+00   0.000000e+00
 5.130049e+04   0.000000e+00   0.000000e+00
 5.150049e+04   0.000000e+00   0.000000e+00
 5.170048e+04   0.000000e+00   0.000000e+00
 5.190048e+04   0.000000e+00   0.000000e+00
 5.210048e+04   0.000000e+00   0.000000e+00
 5.230048e+04   0.000000e+00   0.000000e+00
 5.250047e+04   0.000000e+00   0.000000e+00
 5.270047e+04   0.000000e+00   0.000000e+00
 5.290047e+04   0.000000e+00   0.000000e+00
 5.310047e+04   0.000000e+00   0.000000e+00
 5.330047e+04   0.000000e+00   0.000000e+00
 5.350046e+04   0.000000e+00   0.000000e+00
 5.370046e+04   0.000000e+00   0.000000e+00
 5.390046e+04   0.000000e+00   0.000000e+00
 5.410046e+04   0.000000e+00   0.000000e+00
 5.430046e+04   0.000000e+00   0.000000e+00
 5.450046e+04   0.000000e+00   0.000000e+00
 5.470045e+04   0.000000e+00   0.000000e+00
 5.490045e+04   0.000000e+00   0.000000e+00
 5.510045e+04   0.000000e+00   0.000000e+00
 5.530045e+04   0.000000e+00   0.000000e+00
 5.550044e+04   0.000000e+00   0.000000e+00
 5.570044e+04   0.000000e+00   0.000000e+00
 5.590044e+04   0.000000e+00   0.000000e+00
 5.610044e+04   0.000000e+00   0.000000e+00
 5.630044e+04   0.000000e+00   0.000000e+00
 5.650043e+04   0.000000e+00   0.000000e+00
 5.670043e+04   0.000000e+00   0.000000e+00
 5.690043e+04   0.000000e+00   0.000000e+00
 5.710043e+04   0.000000e+00   0.000000e+00
 5.730043e+04   0.000000e+00   0.000000e+00
 5.750043e+04   0.000000e+00   0.000000e+00
 5.770042e+04   0.000000e+00   0.000000e+00
 5.790042e+04   0.000000e+00   0.000000e+00
 5.810042e+04   0.000000e+00   0.000000e+00
 5.830042e+04   0.000000e+00   0.000000e+00
 5.850042e+04   0.000000e+00   0.000000e+00
 5.870041e+04   0.000000e+00   0.000000e+00
 5.890041e+04   0.000000e+00   0.000000e+00
 5.910041e+04   0.000000e+00   0.000000e+00
 5.930041e+04   0.000000e+00   0.000000e+00
 5.950040e+04   0.000000e+00   0.000000e+00
 5.970040e+04   0.000000e+00   0.000000e+00
 5.990040e+04   0.000000e+00   0.000000e+00
 6.010040e+04   0.000000e+00   0.000000e+00
 6.030040e+04   0.000000e+00   0.000000e+00
 6.050039e+04   0.000000e+00   0.000000e+00
 6.070039e+04   0.000000e+00   0.000000e+00
 6.090039e+04   0.000000e+00   0.000000e+00
 6.110039e+04   0.000000e+00   0.000000e+00
 6.130039e+04   0.000000e+00   0.000000e+00
 6.150039e+04   0.000000e+00   0.000000e+00
 6.170038e+04   0.000000e+00   0.000000e+00
 6.190038e+04   0.000000e+00   0.000000e+00
 6.210038e+04   0.000000e+00   0.000000e+00
 6.230038e+04   0.000000e+00   0.000000e+00
 6.250038e+04   0.000000e+00   0.000000e+00
 6.270037e+04   0.000000e+00   0.000000e+00
 6.290037e+04   0.000000e+00   0.000000e+00
 6.310037e+04   0.000000e+00   0.000000e+00
 6.330037e+04   0.000000e+00   0.000000e+00
 6.350036e+04   0.000000e+00   0.000000e+00
 6.370036e+04   0.000000e+00   0.000000e+00
 6.390036e+04   0.000000e+00   0.000000e+00
 6.410036e+04   0.000000e+00   0.000000e+00
 6.430036e+04   0.000000e+00   0.000000e+00
 6.450036e+04   0.000000e+00   0.000000e+00
 6.470035e+04   0.000000e+00   0.000000e+00
 6.490035e+04   0.000000e+00   0.000000e+00
 6.510035e+04   0.000000e+00   0.000000e+00
 6.530035e+04   0.000000e+00   0.000000e+00
 6.550035e+04   0.000000e+00   0.000000e+00
 6.570034e+04   0.000000e+00   0.000000e+00
 6.590034e+04   0.000000e+00   0.000000e+00
 6.610034e+04   0.000000e+00   0.000000e+00
 6.630034e+04   0.000000e+00   0.000000e+00
 6.650034e+04   0.000000e+00   0.000000e+00
 6.670033e+04   0.000000e+00   0.000000e+00
 6.690033e+04   0.000000e+00   0.000000e+00
 6.710033e+04   0.000000e+00   0.000000e+00
 6.730033e+04   0.000000e+00   0.000000e+00
 6.750032e+04   0.000000e+00   0.000000e+00
 6.770032e+04   0.000000e+00   0.000000e+00
 6.790032e+04   0.000000e+00   0.000000e+00
 6.810032e+04   0.000000e+00   0.000000e+00
 6.830032e+04   0.000000e+00   0.000000e+00
 6.850032e+04   0.000000e+00   0.000000e+00
 6.870031e+04   0.000000e+00   0.000000e+00
 6.890031e+04   0.000000e+00   0.000000e+00
 6.910031e+04   0.000000e+00   0.000000e+00
 6.930031e+04   0.000000e+00   0.000000e+00
 6.950030e+04   0.000000e+00   0.000000e+00
 6.970030e+04   0.000000e+00   0.000000e+00
 6.990030e+04   0.000000e+00   0.000000e+00
 7.010030e+04   0.000000e+00   0.000000e+00
 7.030030e+04   0.000000e+00   0.000000e+00
 7.050029e+04   0.000000e+00   0.000000e+00
 7.070029e+04   0.000000e+00   0.000000e+00
 7.090029e+04   0.000000e+00   0.000000e+00
 7.110029e+04   0.000000e+00   0.000000e+00
 7.130029e+04   0.000000e+00   0.000000e+00
 7.150029e+04   0.000000e+00   0.000000e+00
 7.170028e+04   0.000000e+00   0.000000e+00
 7.190028e+04   0.000000e+00   0.000000e+00
 7.210028e+04   0.000000e+00   0.000000e+00
 7.230028e+04   0.000000e+00   0.000000e+00
 7.250027e+04   0.000000e+00   0.000000e+00
 7.270027e+04   0.000000e+00   0.000000e+00
 7.290027e+04   0.000000e+00   0.000000e+00
 7.310027e+04   0.000000e+00   0.000000e+00
 7.330027e+04   0.000000e+00   0.000000e+00
 7.350026e+04   0.000000e+00   0.000000e+00
 7.370026e+04   0.000000e+00   0.000000e+00
 7.390026e+04   0.000000e+00   0.000000e+00
 7.410026e+04   0.000000e+00   0.000000e+00
 7.430026e+04   0.000000e+00   0.000000e+00
 7.450026e+04   0.000000e+00   0.000000e+00
 7.470025e+04   0.000000e+00   0.000000e+00
 7.490025e+04   0.000000e+00   0.000000e+00
 7.510025e+04   0.000000e+00   0.000000e+00
 7.530025e+04   0.000000e+00   0.000000e+00
 7.550024e+04   0.000000e+00   0.000000e+00
 7.570024e+04   0.000000e+00   0.000000e+00
 7.590024e+04   0.000000e+00   0.000000e+00
 7.610024e+04   0.000000e+00   0.000000e+00
 7.630024e+04   0.000000e+00   0.000000e+00
 7.650024e+04   0.000000e+00   0.000000e+00
 7.670023e+04   0.000000e+00   0.000000e+00
 7.690023e+04   0.000000e+00   0.000000e+00
 7.710023e+04   0.000000e+00   0.000000e+00
 7.730023e+04   0.000000e+00   0.000000e+00
 7.750023e+04   0.000000e+00   0.000000e+00
 7.770022e+04   0.000000e+00   0.000000e+00
 7.790022e+04   0.000000e+00   0.000000e+00
 7.810022e+04   0.000000e+00   0.000000e+00
 7.830022e+04   0.000000e+00   0.000000e+00
 7.850021e+04   0.000000e+00   0.000000e+00
 7.870021e+04   0.000000e+00   0.000000e+00
 7.890021e+04   0.000000e+00   0.000000e+00
 7.910021e+04   0.000000e+00   0.000000e+00
 7.930021e+04   0.000000e+00   0.000000e+00
 7.950021e+04   0.000000e+00   0.000000e+00
 7.970020e+04   0.000000e+00   0.000000e+00
 7.990020e+04   0.000000e+00   0.000000e+00
 8.010020e+04   0.000000e+00   0.000000e+00
 8.030020e+04   0.000000e+00   0.000000e+00
 8.050020e+04   0.000000e+00   0.000000e+00
 8.070019e+04   0.000000e+00   0.000000e+00
 8.090019e+04   0.000000e+00   0.000000e+00
 8.110019e+04   0.000000e+00   0.000000e+00
 8.130019e+04   0.000000e+00   0.000000e+00
 8.150018e+04   0.000000e+00   0.000000e+00
 8.170018e+04   0.000000e+00   0.000000e+00
 8.190018e+04   0.000000e+00   0.000000e+00
 8.210018e+04   0.000000e+00   0.000000e+00
 8.230018e+04   0.000000e+00   0.000000e+00
 8.250018e+04   0.000000e+00   0.000000e+00
 8.270017e+04   0.000000e+00   0.000000e+00
 8.290017e+04   0.000000e+00   0.000000e+00
 8.310017e+04   0.000000e+00   0.000000e+00
 8.330017e+04   0.000000e+00   0.000000e+00
 8.350016e+04   0.000000e+00   0.000000e+00
 8.370016e+04   0.000000e+00   0.000000e+00
 8.390016e+04   0.000000e+00   0.000000e+00
 8.410016e+04   0.000000e+00   0.000000e+00
 8.430016e+04   0.000000e+00   0.000000e+00
 8.450015e+04   0.000000e+00   0.000000e+00
 8.470015e+04   0.000000e+00   0.000000e+00
 8.490015e+04   0.000000e+00   0.000000e+00
 8.510015e+04   0.000000e+00   0.000000e+00
 8.530015e+04   0.000000e+00   0.000000e+00
 8.550015e+04   0.000000e+00   0.000000e+00
 8.570014e+04   0.000000e+00   0.000000e+00
 8.590014e+04   0.000000e+00   0.000000e+00
 8.610014e+04   0.000000e+00   0.000000e+00
 8.630014e+04   0.000000e+00   0.000000e+00
 8.650013e+04   0.000000e+00   0.000000e+00
 8.670013e+04   0.000000e+00   0.000000e+00
 8.690013e+04   0.000000e+00   0.000000e+00
 8.710013e+04   0.000000e+00   0.000000e+00
 8.730013e+04   0.000000e+00   0.000000e+00
 8.750012e+04   0.000000e+00   0.000000e+00
 8.770012e+04   0.000000e+00   0.000000e+00
 8.790012e+04   0.000000e+00   0.000000e+00
 8.810012e+04   0.000000e+00   0.000000e+00
 8.830012e+04   0.000000e+00   0.000000e+00
 8.850012e+04   0.000000e+00   0.000000e+00
 8.870011e+04   0.000000e+00   0.000000e+00
 8.890011e+04   0.000000e+00   0.000000e+00
 8.910011e+04   0.000000e+00   0.000000e+00
 8.930011e+04   0.000000e+00   0.000000e+00
 8.950010e+04   0.000000e+00   0.000000e+00
 8.970010e+04   0.000000e+00   0.000000e+00
 8.990010e+04   0.000000e+00   0.000000e+00
 9.010010e+04   0.000000e+00   0.000000e+00
 9.030010e+04   0.000000e+00   0.000000e+00
 9.050010e+04   0.000000e+00   0.000000e+00
 9.070009e+04   0.000000e+00   0.000000e+00
 9.090009e+04   0.000000e+00   0.000000e+00
 9.110009e+04   0.000000e+00   0.000000e+00
 9.130009e+04   0.000000e+00   0.000000e+00
 9.150009e+04   0.000000e+00   0.000000e+00
 9.170008e+04   0.000000e+00   0.000000e+00
 9.190008e+04   0.000000e+00   0.000000e+00
 9.210008e+04   0.000000e+00   0.000000e+00
 9.230008e+04   0.000000e+00   0.000000e+00
 9.250007e+04   0.000000e+00   0.000000e+00
 9.270007e+04   0.000000e+00   0.000000e+00
 9.290007e+04   0.000000e+00   0.000000e+00
 9.310007e+04   0.000000e+00   0.000000e+00
 9.330007e+04   0.000000e+00   0.000000e+00
 9.350007e+04   0.000000e+00   0.000000e+00
 9.370006e+04   0.000000e+00   0.000000e+00
 9.390006e+04   0.000000e+00   0.000000e+00
 9.410006e+04   0.000000e+00   0.000000e+00
 9.430006e+04   0.000000e+00   0.000000e+00
 9.450005e+04   0.000000e+00   0.000000e+00
 9.470005e+04   0.000000e+00   0.000000e+00
 9.490005e+04   0.000000e+00   0.000000e+00
 9.510005e+04   0.000000e+00   0.000000e+00
 9.530005e+04   0.000000e+00   0.000000e+00
 9.550004e+04   0.000000e+00   0.000000e+00
 9.570004e+04   0.000000e+00   0.000000e+00
 9.590004e+04   0.000000e+00   0.000000e+00
 9.610004e+04   0.000000e+00   0.000000e+00
 9.630004e+04   0.000000e+00   0.000000e+00
 9.650004e+04   0.000000e+00   0.000000e+00
 9.670003e+04   0.000000e+00   0.000000e+00
 9.690003e+04   0.000000e+00   0.000000e+00
 9.710003e+04   0.000000e+00   0.000000e+00
 9.730003e+04   0.000000e+00   0.000000e+00
 9.750002e+04   0.000000e+00   0.000000e+00
 9.770002e+04   0.000000e+00   0.000000e+00
 9.790002e+04   0.000000e+00   0.000000e+00
 9.810002e+04   0.000000e+00   0.000000e+00
 9.830002e+04   0.000000e+00   0.000000e+00
 9.850001e+04   0.000000e+00   0.000000e+00
 9.870001e+04   0.000000e+00   0.000000e+00
 9.890001e+04   0.000000e+00   0.000000e+00
 9.910001e+04   0.000000e+00   0.000000e+00
 9.930001e+04   0.000000e+00   0.000000e+00
 9.950001e+04   0.000000e+00   0.000000e+00
 9.970000e+04   0.000000e+00   0.000000e+00
 9.990000e+04   0.000000e+00   0.000000e+00
 inf   0.000000e+00   0.000000e+00
