costh3_lab bin centers    value    Error 
-inf   0.000000e+00   0.000000e+00
 9.999980e-01   2.630548e+06   1.052396e+05
 9.999980e-01   2.796079e+06   6.516994e+04
 9.999980e-01   2.634790e+06   1.085982e+05
 9.999980e-01   2.696057e+06   8.616842e+04
 9.999980e-01   2.706933e+06   7.629920e+04
 9.999980e-01   2.784534e+06   4.238441e+04
 9.999980e-01   2.823357e+06   2.034330e+04
 9.999980e-01   2.819268e+06   3.913534e+04
 9.999980e-01   2.908188e+06   3.266553e+04
 9.999980e-01   2.873170e+06   1.990835e+04
 9.999980e-01   2.877818e+06   5.952525e+03
 9.999980e-01   2.899806e+06   5.151413e+03
 9.999980e-01   2.885218e+06   4.622792e+03
 9.999980e-01   2.890118e+06   5.313982e+03
 9.999980e-01   2.918083e+06   9.521970e+03
 9.999980e-01   2.910192e+06   7.007542e+03
 9.999980e-01   2.899193e+06   1.484166e+04
 9.999980e-01   2.929139e+06   9.774353e+03
 9.999980e-01   2.923360e+06   9.532916e+03
 9.999980e-01   2.929163e+06   1.035551e+04
 9.999980e-01   2.963434e+06   1.340718e+04
 9.999980e-01   2.940326e+06   1.102355e+04
 9.999980e-01   2.955623e+06   9.582662e+03
 9.999980e-01   2.971987e+06   4.505815e+03
 9.999980e-01   2.958583e+06   8.797189e+03
 9.999981e-01   2.968882e+06   9.013162e+03
 9.999981e-01   2.978857e+06   9.960887e+03
 9.999981e-01   2.996094e+06   9.517079e+03
 9.999981e-01   2.992042e+06   8.066407e+03
 9.999981e-01   3.010243e+06   5.855253e+03
 9.999981e-01   3.006717e+06   1.471093e+04
 9.999981e-01   3.000743e+06   1.374644e+04
 9.999981e-01   3.035523e+06   1.180805e+04
 9.999981e-01   3.030362e+06   9.257193e+03
 9.999981e-01   3.002170e+06   1.096899e+04
 9.999981e-01   3.050968e+06   7.537849e+03
 9.999981e-01   3.062031e+06   8.920851e+03
 9.999981e-01   3.045111e+06   1.487140e+04
 9.999981e-01   3.057577e+06   1.247290e+04
 9.999981e-01   3.066052e+06   9.048911e+03
 9.999981e-01   3.073279e+06   8.966140e+03
 9.999981e-01   3.083415e+06   1.026064e+04
 9.999981e-01   3.097159e+06   1.433588e+04
 9.999981e-01   3.107127e+06   1.009188e+04
 9.999981e-01   3.088361e+06   1.289018e+04
 9.999981e-01   3.104160e+06   1.370799e+04
 9.999981e-01   3.121742e+06   1.730300e+04
 9.999981e-01   3.110106e+06   1.764201e+04
 9.999981e-01   3.125022e+06   1.959346e+04
 9.999981e-01   3.142261e+06   1.878334e+04
 9.999981e-01   3.127887e+06   1.658015e+04
 9.999981e-01   3.171970e+06   8.867010e+03
 9.999981e-01   3.158039e+06   1.264848e+04
 9.999981e-01   3.181221e+06   1.466845e+04
 9.999981e-01   3.141339e+06   1.497622e+04
 9.999981e-01   3.157799e+06   1.471675e+04
 9.999981e-01   3.219574e+06   1.193138e+04
 9.999981e-01   3.173628e+06   1.981155e+04
 9.999981e-01   3.221340e+06   1.239704e+04
 9.999981e-01   3.191359e+06   1.306801e+04
 9.999981e-01   3.220182e+06   1.948678e+04
 9.999981e-01   3.224605e+06   1.152595e+04
 9.999981e-01   3.229832e+06   1.056061e+04
 9.999981e-01   3.245555e+06   1.252422e+04
 9.999981e-01   3.235594e+06   6.540969e+03
 9.999981e-01   3.253440e+06   1.526754e+04
 9.999981e-01   3.236491e+06   2.360001e+04
 9.999981e-01   3.267837e+06   1.607196e+04
 9.999981e-01   3.293948e+06   2.344278e+04
 9.999981e-01   3.271246e+06   2.306321e+04
 9.999981e-01   3.284173e+06   2.628687e+04
 9.999981e-01   3.308733e+06   2.470667e+04
 9.999981e-01   3.309887e+06   1.245964e+04
 9.999981e-01   3.297654e+06   1.608141e+04
 9.999981e-01   3.344233e+06   2.026711e+04
 9.999982e-01   3.308456e+06   1.589754e+04
 9.999982e-01   3.279838e+06   2.511996e+04
 9.999982e-01   3.348388e+06   1.819746e+04
 9.999982e-01   3.364595e+06   1.699445e+04
 9.999982e-01   3.354151e+06   1.374673e+04
 9.999982e-01   3.370427e+06   1.119066e+04
 9.999982e-01   3.401341e+06   1.774370e+04
 9.999982e-01   3.364380e+06   1.196137e+04
 9.999982e-01   3.378040e+06   9.730251e+03
 9.999982e-01   3.397224e+06   1.040834e+04
 9.999982e-01   3.440044e+06   1.034599e+04
 9.999982e-01   3.424455e+06   1.886864e+04
 9.999982e-01   3.407553e+06   1.234774e+04
 9.999982e-01   3.404656e+06   1.668577e+04
 9.999982e-01   3.451168e+06   1.285998e+04
 9.999982e-01   3.467287e+06   1.224643e+04
 9.999982e-01   3.445113e+06   1.745093e+04
 9.999982e-01   3.454658e+06   1.102373e+04
 9.999982e-01   3.484582e+06   1.268384e+04
 9.999982e-01   3.463461e+06   1.499055e+04
 9.999982e-01   3.463385e+06   1.573614e+04
 9.999982e-01   3.491232e+06   1.488456e+04
 9.999982e-01   3.499665e+06   1.162463e+04
 9.999982e-01   3.506142e+06   1.514907e+04
 9.999982e-01   3.541547e+06   1.561983e+04
 9.999982e-01   3.522583e+06   1.321397e+04
 9.999982e-01   3.532342e+06   8.481075e+03
 9.999982e-01   3.562482e+06   1.618397e+04
 9.999982e-01   3.555406e+06   1.703959e+04
 9.999982e-01   3.558029e+06   2.151151e+04
 9.999982e-01   3.557668e+06   1.568700e+04
 9.999982e-01   3.570679e+06   1.442602e+04
 9.999982e-01   3.576559e+06   1.241122e+04
 9.999982e-01   3.605168e+06   1.625060e+04
 9.999982e-01   3.618447e+06   1.261899e+04
 9.999982e-01   3.602243e+06   1.635447e+04
 9.999982e-01   3.622126e+06   1.635056e+04
 9.999982e-01   3.659338e+06   9.864084e+03
 9.999982e-01   3.649752e+06   1.667549e+04
 9.999982e-01   3.640900e+06   1.165813e+04
 9.999982e-01   3.657968e+06   1.174025e+04
 9.999982e-01   3.661180e+06   1.079240e+04
 9.999982e-01   3.678326e+06   1.167188e+04
 9.999982e-01   3.675265e+06   1.198307e+04
 9.999982e-01   3.676593e+06   1.164933e+04
 9.999982e-01   3.690696e+06   1.194382e+04
 9.999982e-01   3.744463e+06   1.179847e+04
 9.999982e-01   3.741011e+06   1.113088e+04
 9.999982e-01   3.721467e+06   1.422637e+04
 9.999982e-01   3.746623e+06   9.882003e+03
 9.999983e-01   3.782576e+06   1.273313e+04
 9.999983e-01   3.744912e+06   1.317791e+04
 9.999983e-01   3.771376e+06   1.193178e+04
 9.999983e-01   3.782220e+06   1.157903e+04
 9.999983e-01   3.772804e+06   1.314911e+04
 9.999983e-01   3.820625e+06   1.008329e+04
 9.999983e-01   3.798525e+06   1.263959e+04
 9.999983e-01   3.811655e+06   9.250453e+03
 9.999983e-01   3.790356e+06   1.212266e+04
 9.999983e-01   3.817328e+06   1.011628e+04
 9.999983e-01   3.846694e+06   1.127263e+04
 9.999983e-01   3.849037e+06   1.159340e+04
 9.999983e-01   3.865591e+06   1.349817e+04
 9.999983e-01   3.880491e+06   1.177649e+04
 9.999983e-01   3.870232e+06   1.096391e+04
 9.999983e-01   3.895773e+06   1.357381e+04
 9.999983e-01   3.898929e+06   1.130502e+04
 9.999983e-01   3.895291e+06   1.434764e+04
 9.999983e-01   3.961733e+06   1.202625e+04
 9.999983e-01   3.918230e+06   1.265390e+04
 9.999983e-01   3.938289e+06   1.352414e+04
 9.999983e-01   3.911089e+06   1.074870e+04
 9.999983e-01   3.948876e+06   1.128791e+04
 9.999983e-01   4.017834e+06   1.084982e+04
 9.999983e-01   3.990330e+06   1.144957e+04
 9.999983e-01   3.982006e+06   1.108697e+04
 9.999983e-01   3.973105e+06   1.402763e+04
 9.999983e-01   4.002863e+06   1.215645e+04
 9.999983e-01   4.032630e+06   1.128273e+04
 9.999983e-01   4.030945e+06   1.126987e+04
 9.999983e-01   4.055967e+06   9.282355e+03
 9.999983e-01   4.025170e+06   9.823099e+03
 9.999983e-01   4.050473e+06   1.771862e+04
 9.999983e-01   4.058706e+06   1.245916e+04
 9.999983e-01   4.075086e+06   1.233838e+04
 9.999983e-01   4.085836e+06   1.137272e+04
 9.999983e-01   4.108903e+06   1.491313e+04
 9.999983e-01   4.117503e+06   1.240392e+04
 9.999983e-01   4.122316e+06   1.354310e+04
 9.999983e-01   4.132705e+06   8.434868e+03
 9.999983e-01   4.137491e+06   1.380248e+04
 9.999983e-01   4.129378e+06   9.955630e+03
 9.999983e-01   4.135615e+06   1.508911e+04
 9.999983e-01   4.161076e+06   1.224483e+04
 9.999983e-01   4.218266e+06   1.560460e+04
 9.999983e-01   4.189946e+06   1.458128e+04
 9.999983e-01   4.216861e+06   1.502685e+04
 9.999983e-01   4.226316e+06   1.658483e+04
 9.999983e-01   4.235586e+06   1.297558e+04
 9.999983e-01   4.187411e+06   1.166218e+04
 9.999984e-01   4.230727e+06   1.378085e+04
 9.999984e-01   4.279440e+06   1.487700e+04
 9.999984e-01   4.274202e+06   1.513537e+04
 9.999984e-01   4.298639e+06   1.398716e+04
 9.999984e-01   4.270488e+06   1.359911e+04
 9.999984e-01   4.307924e+06   1.164944e+04
 9.999984e-01   4.295347e+06   1.430670e+04
 9.999984e-01   4.320350e+06   8.182966e+03
 9.999984e-01   4.342142e+06   1.548724e+04
 9.999984e-01   4.352341e+06   1.355488e+04
 9.999984e-01   4.387199e+06   1.508681e+04
 9.999984e-01   4.362942e+06   1.411672e+04
 9.999984e-01   4.383996e+06   1.271691e+04
 9.999984e-01   4.377863e+06   1.712079e+04
 9.999984e-01   4.367683e+06   1.448465e+04
 9.999984e-01   4.444586e+06   1.077639e+04
 9.999984e-01   4.413912e+06   1.066159e+04
 9.999984e-01   4.421542e+06   1.409578e+04
 9.999984e-01   4.458514e+06   1.455852e+04
 9.999984e-01   4.488315e+06   1.636580e+04
 9.999984e-01   4.462244e+06   1.318183e+04
 9.999984e-01   4.482056e+06   1.482785e+04
 9.999984e-01   4.506536e+06   1.321316e+04
 9.999984e-01   4.513357e+06   1.808203e+04
 9.999984e-01   4.522247e+06   1.791784e+04
 9.999984e-01   4.521420e+06   1.513737e+04
 9.999984e-01   4.521962e+06   1.575542e+04
 9.999984e-01   4.599326e+06   1.662143e+04
 9.999984e-01   4.550382e+06   1.447596e+04
 9.999984e-01   4.607128e+06   1.629737e+04
 9.999984e-01   4.622934e+06   1.270768e+04
 9.999984e-01   4.581882e+06   1.416689e+04
 9.999984e-01   4.611225e+06   1.810718e+04
 9.999984e-01   4.622402e+06   1.714620e+04
 9.999984e-01   4.663208e+06   1.501951e+04
 9.999984e-01   4.654128e+06   1.809214e+04
 9.999984e-01   4.680105e+06   1.472125e+04
 9.999984e-01   4.676477e+06   1.738887e+04
 9.999984e-01   4.702756e+06   1.502211e+04
 9.999984e-01   4.697027e+06   2.088761e+04
 9.999984e-01   4.706758e+06   1.747451e+04
 9.999984e-01   4.740456e+06   1.627238e+04
 9.999984e-01   4.766209e+06   1.411176e+04
 9.999984e-01   4.772161e+06   1.256688e+04
 9.999984e-01   4.776679e+06   1.579990e+04
 9.999984e-01   4.769532e+06   1.812572e+04
 9.999984e-01   4.788254e+06   1.421522e+04
 9.999984e-01   4.800451e+06   1.377136e+04
 9.999984e-01   4.857472e+06   1.450756e+04
 9.999984e-01   4.831583e+06   1.500771e+04
 9.999985e-01   4.845895e+06   1.571216e+04
 9.999985e-01   4.872114e+06   1.351388e+04
 9.999985e-01   4.833886e+06   1.594906e+04
 9.999985e-01   4.898847e+06   1.447246e+04
 9.999985e-01   4.905506e+06   2.036967e+04
 9.999985e-01   4.949601e+06   1.949161e+04
 9.999985e-01   4.909712e+06   1.926860e+04
 9.999985e-01   4.922416e+06   1.605375e+04
 9.999985e-01   4.959970e+06   1.557718e+04
 9.999985e-01   4.974976e+06   1.743473e+04
 9.999985e-01   4.982305e+06   1.482646e+04
 9.999985e-01   5.007775e+06   1.416184e+04
 9.999985e-01   4.978975e+06   1.467912e+04
 9.999985e-01   5.024209e+06   1.647853e+04
 9.999985e-01   5.048959e+06   1.822057e+04
 9.999985e-01   5.052878e+06   1.343601e+04
 9.999985e-01   5.086567e+06   2.118721e+04
 9.999985e-01   5.082888e+06   1.713195e+04
 9.999985e-01   5.086099e+06   1.470617e+04
 9.999985e-01   5.114175e+06   1.816474e+04
 9.999985e-01   5.108825e+06   1.946759e+04
 9.999985e-01   5.154747e+06   1.457197e+04
 9.999985e-01   5.180154e+06   1.568808e+04
 9.999985e-01   5.116596e+06   1.918821e+04
 9.999985e-01   5.195026e+06   1.996036e+04
 9.999985e-01   5.211071e+06   1.874597e+04
 9.999985e-01   5.175109e+06   1.717211e+04
 9.999985e-01   5.244867e+06   1.892584e+04
 9.999985e-01   5.214118e+06   1.760583e+04
 9.999985e-01   5.248272e+06   1.920391e+04
 9.999985e-01   5.272339e+06   1.555546e+04
 9.999985e-01   5.277714e+06   1.598818e+04
 9.999985e-01   5.302975e+06   1.815904e+04
 9.999985e-01   5.289897e+06   1.905737e+04
 9.999985e-01   5.372285e+06   1.794727e+04
 9.999985e-01   5.372780e+06   1.287440e+04
 9.999985e-01   5.337361e+06   1.851994e+04
 9.999985e-01   5.383590e+06   1.872246e+04
 9.999985e-01   5.386884e+06   1.987398e+04
 9.999985e-01   5.405949e+06   2.263214e+04
 9.999985e-01   5.407074e+06   1.924453e+04
 9.999985e-01   5.458354e+06   1.955431e+04
 9.999985e-01   5.464307e+06   2.251328e+04
 9.999985e-01   5.449254e+06   2.233070e+04
 9.999985e-01   5.503580e+06   2.149398e+04
 9.999985e-01   5.493336e+06   1.908148e+04
 9.999985e-01   5.547928e+06   1.617091e+04
 9.999985e-01   5.474478e+06   1.744040e+04
 9.999985e-01   5.561769e+06   1.834815e+04
 9.999985e-01   5.546535e+06   1.959255e+04
 9.999986e-01   5.572812e+06   2.147887e+04
 9.999986e-01   5.601479e+06   2.147010e+04
 9.999986e-01   5.607744e+06   2.222147e+04
 9.999986e-01   5.633975e+06   1.954070e+04
 9.999986e-01   5.609774e+06   2.161174e+04
 9.999986e-01   5.648849e+06   2.163487e+04
 9.999986e-01   5.685993e+06   2.263443e+04
 9.999986e-01   5.689853e+06   1.985696e+04
 9.999986e-01   5.700441e+06   1.926717e+04
 9.999986e-01   5.735860e+06   2.162342e+04
 9.999986e-01   5.733137e+06   1.958849e+04
 9.999986e-01   5.775724e+06   1.809138e+04
 9.999986e-01   5.775712e+06   1.970721e+04
 9.999986e-01   5.847748e+06   2.132354e+04
 9.999986e-01   5.802903e+06   2.155937e+04
 9.999986e-01   5.810279e+06   1.811701e+04
 9.999986e-01   5.869501e+06   1.873164e+04
 9.999986e-01   5.880805e+06   2.111598e+04
 9.999986e-01   5.884473e+06   1.858605e+04
 9.999986e-01   5.929688e+06   1.947495e+04
 9.999986e-01   5.916862e+06   2.155247e+04
 9.999986e-01   5.893015e+06   2.599977e+04
 9.999986e-01   5.971513e+06   1.418050e+04
 9.999986e-01   5.935585e+06   1.943378e+04
 9.999986e-01   5.976676e+06   2.236445e+04
 9.999986e-01   6.015247e+06   2.100027e+04
 9.999986e-01   6.045881e+06   2.198225e+04
 9.999986e-01   6.029104e+06   1.698625e+04
 9.999986e-01   6.077399e+06   2.706277e+04
 9.999986e-01   6.130336e+06   2.118983e+04
 9.999986e-01   6.131409e+06   2.037515e+04
 9.999986e-01   6.081932e+06   2.186909e+04
 9.999986e-01   6.117699e+06   2.322725e+04
 9.999986e-01   6.132188e+06   1.677979e+04
 9.999986e-01   6.171352e+06   2.272364e+04
 9.999986e-01   6.243485e+06   2.458590e+04
 9.999986e-01   6.201496e+06   2.132818e+04
 9.999986e-01   6.279462e+06   2.528726e+04
 9.999986e-01   6.227346e+06   2.618657e+04
 9.999986e-01   6.259365e+06   2.337621e+04
 9.999986e-01   6.268640e+06   1.944067e+04
 9.999986e-01   6.299605e+06   2.357025e+04
 9.999986e-01   6.351892e+06   2.122181e+04
 9.999986e-01   6.304016e+06   2.164618e+04
 9.999986e-01   6.380843e+06   2.374481e+04
 9.999986e-01   6.352207e+06   2.523855e+04
 9.999986e-01   6.408400e+06   2.207083e+04
 9.999986e-01   6.437998e+06   2.502950e+04
 9.999986e-01   6.435884e+06   2.555727e+04
 9.999986e-01   6.472872e+06   3.057521e+04
 9.999987e-01   6.488828e+06   2.867750e+04
 9.999987e-01   6.483319e+06   2.618890e+04
 9.999987e-01   6.517734e+06   3.074663e+04
 9.999987e-01   6.509003e+06   2.346186e+04
 9.999987e-01   6.563434e+06   2.227726e+04
 9.999987e-01   6.549107e+06   2.461459e+04
 9.999987e-01   6.639782e+06   3.046006e+04
 9.999987e-01   6.641747e+06   2.478010e+04
 9.999987e-01   6.608210e+06   2.695823e+04
 9.999987e-01   6.632382e+06   2.662648e+04
 9.999987e-01   6.759336e+06   2.190448e+04
 9.999987e-01   6.742014e+06   1.989254e+04
 9.999987e-01   6.694918e+06   2.863690e+04
 9.999987e-01   6.819485e+06   2.285076e+04
 9.999987e-01   6.732965e+06   2.728339e+04
 9.999987e-01   6.785311e+06   2.284532e+04
 9.999987e-01   6.822373e+06   2.425169e+04
 9.999987e-01   6.871219e+06   2.046314e+04
 9.999987e-01   6.814855e+06   2.210467e+04
 9.999987e-01   6.868582e+06   2.451046e+04
 9.999987e-01   6.958878e+06   2.801635e+04
 9.999987e-01   6.941196e+06   1.903563e+04
 9.999987e-01   6.934689e+06   2.295422e+04
 9.999987e-01   6.950995e+06   1.968360e+04
 9.999987e-01   6.994630e+06   2.316319e+04
 9.999987e-01   7.009680e+06   2.827350e+04
 9.999987e-01   7.007646e+06   2.628215e+04
 9.999987e-01   7.046031e+06   2.138048e+04
 9.999987e-01   7.126170e+06   2.643970e+04
 9.999987e-01   7.088853e+06   2.602304e+04
 9.999987e-01   7.120582e+06   2.752258e+04
 9.999987e-01   7.085999e+06   3.287457e+04
 9.999987e-01   7.182979e+06   2.967087e+04
 9.999987e-01   7.244205e+06   2.629611e+04
 9.999987e-01   7.211623e+06   3.067465e+04
 9.999987e-01   7.248162e+06   2.424907e+04
 9.999987e-01   7.301276e+06   3.084477e+04
 9.999987e-01   7.301353e+06   2.183981e+04
 9.999987e-01   7.348155e+06   3.040091e+04
 9.999987e-01   7.312687e+06   2.255208e+04
 9.999987e-01   7.348289e+06   2.964557e+04
 9.999987e-01   7.407166e+06   2.215243e+04
 9.999987e-01   7.406942e+06   2.553330e+04
 9.999987e-01   7.465167e+06   2.591881e+04
 9.999987e-01   7.492220e+06   3.060204e+04
 9.999987e-01   7.432562e+06   2.939436e+04
 9.999987e-01   7.470537e+06   2.908392e+04
 9.999987e-01   7.572350e+06   2.589412e+04
 9.999987e-01   7.539578e+06   3.246790e+04
 9.999987e-01   7.634654e+06   2.909083e+04
 9.999988e-01   7.600007e+06   3.044300e+04
 9.999988e-01   7.631352e+06   2.549471e+04
 9.999988e-01   7.727080e+06   1.849866e+04
 9.999988e-01   7.710152e+06   2.738712e+04
 9.999988e-01   7.722299e+06   3.163314e+04
 9.999988e-01   7.723173e+06   3.002220e+04
 9.999988e-01   7.803474e+06   3.003781e+04
 9.999988e-01   7.828258e+06   2.299257e+04
 9.999988e-01   7.828567e+06   2.262206e+04
 9.999988e-01   7.784225e+06   2.133335e+04
 9.999988e-01   7.875234e+06   3.258463e+04
 9.999988e-01   7.913836e+06   2.550125e+04
 9.999988e-01   7.942415e+06   3.368594e+04
 9.999988e-01   7.984186e+06   2.509363e+04
 9.999988e-01   7.974747e+06   2.831696e+04
 9.999988e-01   8.020344e+06   2.863446e+04
 9.999988e-01   7.998230e+06   3.721149e+04
 9.999988e-01   8.123376e+06   3.431717e+04
 9.999988e-01   8.107454e+06   3.089722e+04
 9.999988e-01   8.114903e+06   2.877139e+04
 9.999988e-01   8.147294e+06   2.917347e+04
 9.999988e-01   8.109800e+06   2.405398e+04
 9.999988e-01   8.214297e+06   2.493017e+04
 9.999988e-01   8.306934e+06   3.898660e+04
 9.999988e-01   8.298105e+06   3.477548e+04
 9.999988e-01   8.316516e+06   2.890198e+04
 9.999988e-01   8.316710e+06   3.495375e+04
 9.999988e-01   8.365229e+06   3.281547e+04
 9.999988e-01   8.324808e+06   2.519020e+04
 9.999988e-01   8.394814e+06   3.474599e+04
 9.999988e-01   8.453232e+06   2.754401e+04
 9.999988e-01   8.489961e+06   3.031430e+04
 9.999988e-01   8.488989e+06   2.566868e+04
 9.999988e-01   8.585439e+06   2.578471e+04
 9.999988e-01   8.611017e+06   2.836626e+04
 9.999988e-01   8.527762e+06   3.308609e+04
 9.999988e-01   8.579262e+06   3.733283e+04
 9.999988e-01   8.611755e+06   3.700435e+04
 9.999988e-01   8.667455e+06   3.577102e+04
 9.999988e-01   8.723706e+06   2.341773e+04
 9.999988e-01   8.777020e+06   4.090939e+04
 9.999988e-01   8.772688e+06   3.428036e+04
 9.999988e-01   8.804415e+06   3.184945e+04
 9.999988e-01   8.783574e+06   3.096830e+04
 9.999988e-01   8.924070e+06   3.455783e+04
 9.999988e-01   8.896665e+06   3.710942e+04
 9.999988e-01   8.935875e+06   3.935143e+04
 9.999988e-01   8.962562e+06   2.965210e+04
 9.999988e-01   9.046255e+06   3.056051e+04
 9.999988e-01   9.077402e+06   3.708396e+04
 9.999989e-01   8.997053e+06   3.375343e+04
 9.999989e-01   9.138230e+06   3.263842e+04
 9.999989e-01   9.181223e+06   4.382384e+04
 9.999989e-01   9.170083e+06   2.487306e+04
 9.999989e-01   9.224739e+06   2.287279e+04
 9.999989e-01   9.239745e+06   3.514292e+04
 9.999989e-01   9.296129e+06   3.074269e+04
 9.999989e-01   9.282425e+06   3.445164e+04
 9.999989e-01   9.341615e+06   2.856246e+04
 9.999989e-01   9.364799e+06   2.971438e+04
 9.999989e-01   9.471844e+06   3.357843e+04
 9.999989e-01   9.400672e+06   2.240053e+04
 9.999989e-01   9.450705e+06   3.631847e+04
 9.999989e-01   9.489092e+06   4.026767e+04
 9.999989e-01   9.548623e+06   4.144385e+04
 9.999989e-01   9.571206e+06   2.536372e+04
 9.999989e-01   9.657746e+06   4.195607e+04
 9.999989e-01   9.632215e+06   4.197596e+04
 9.999989e-01   9.710849e+06   3.974433e+04
 9.999989e-01   9.790399e+06   3.729152e+04
 9.999989e-01   9.765466e+06   3.222165e+04
 9.999989e-01   9.795653e+06   3.219746e+04
 9.999989e-01   9.746184e+06   4.190021e+04
 9.999989e-01   9.833573e+06   3.313893e+04
 9.999989e-01   9.909138e+06   4.592612e+04
 9.999989e-01   9.905760e+06   3.853461e+04
 9.999989e-01   1.009337e+07   4.119259e+04
 9.999989e-01   1.001351e+07   2.719719e+04
 9.999989e-01   1.002833e+07   3.320611e+04
 9.999989e-01   1.013434e+07   4.021435e+04
 9.999989e-01   1.015531e+07   3.720867e+04
 9.999989e-01   1.009835e+07   3.942559e+04
 9.999989e-01   1.027448e+07   3.769499e+04
 9.999989e-01   1.029807e+07   3.727930e+04
 9.999989e-01   1.022877e+07   3.528037e+04
 9.999989e-01   1.036990e+07   2.447727e+04
 9.999989e-01   1.045339e+07   3.013102e+04
 9.999989e-01   1.041867e+07   3.605627e+04
 9.999989e-01   1.046759e+07   3.002657e+04
 9.999989e-01   1.050008e+07   3.712767e+04
 9.999989e-01   1.052504e+07   3.377934e+04
 9.999989e-01   1.058226e+07   3.524864e+04
 9.999989e-01   1.051231e+07   5.019335e+04
 9.999989e-01   1.067506e+07   4.423840e+04
 9.999989e-01   1.071754e+07   4.015999e+04
 9.999989e-01   1.071683e+07   2.972889e+04
 9.999989e-01   1.076943e+07   3.970550e+04
 9.999989e-01   1.082385e+07   5.053319e+04
 9.999989e-01   1.083632e+07   3.383799e+04
 9.999989e-01   1.092701e+07   4.263561e+04
 9.999990e-01   1.095109e+07   3.690203e+04
 9.999990e-01   1.100146e+07   4.135421e+04
 9.999990e-01   1.107847e+07   3.959300e+04
 9.999990e-01   1.111732e+07   3.506150e+04
 9.999990e-01   1.114372e+07   4.390552e+04
 9.999990e-01   1.118070e+07   3.755720e+04
 9.999990e-01   1.125088e+07   3.727252e+04
 9.999990e-01   1.122654e+07   3.041886e+04
 9.999990e-01   1.134958e+07   4.230949e+04
 9.999990e-01   1.137063e+07   3.292143e+04
 9.999990e-01   1.138519e+07   3.888687e+04
 9.999990e-01   1.147715e+07   4.492618e+04
 9.999990e-01   1.144326e+07   4.775018e+04
 9.999990e-01   1.156348e+07   3.505842e+04
 9.999990e-01   1.161269e+07   4.056254e+04
 9.999990e-01   1.166749e+07   4.157219e+04
 9.999990e-01   1.171207e+07   3.668413e+04
 9.999990e-01   1.179208e+07   3.890547e+04
 9.999990e-01   1.170979e+07   3.409554e+04
 9.999990e-01   1.192846e+07   3.333156e+04
 9.999990e-01   1.186533e+07   3.264716e+04
 9.999990e-01   1.189768e+07   4.455619e+04
 9.999990e-01   1.197908e+07   3.364044e+04
 9.999990e-01   1.204404e+07   3.910778e+04
 9.999990e-01   1.212979e+07   3.743933e+04
 inf   2.735319e+02   2.131331e-04
