costh3_lab bin centers    value    Error 
-inf   0.000000e+00   0.000000e+00
 9.999980e-01   2.510291e+06   1.343045e+05
 9.999980e-01   2.571321e+06   1.381273e+05
 9.999980e-01   2.765216e+06   1.241587e+05
 9.999980e-01   2.806278e+06   1.175845e+05
 9.999980e-01   2.692462e+06   7.218676e+04
 9.999980e-01   2.652891e+06   1.500886e+05
 9.999980e-01   2.901639e+06   9.276549e+04
 9.999980e-01   2.517776e+06   1.647933e+05
 9.999980e-01   2.739639e+06   1.753775e+05
 9.999980e-01   2.989208e+06   1.113619e+05
 9.999981e-01   2.998296e+06   4.738064e+04
 9.999981e-01   2.994370e+06   7.927132e+03
 9.999981e-01   3.017033e+06   9.552188e+03
 9.999981e-01   3.024336e+06   5.428392e+03
 9.999981e-01   3.051127e+06   5.062960e+03
 9.999981e-01   3.068626e+06   3.725762e+03
 9.999981e-01   3.074170e+06   3.486706e+03
 9.999981e-01   3.100843e+06   3.391148e+03
 9.999981e-01   3.111078e+06   4.162465e+03
 9.999981e-01   3.137227e+06   3.490932e+03
 9.999981e-01   3.151957e+06   2.188411e+03
 9.999981e-01   3.169994e+06   4.463833e+03
 9.999981e-01   3.179480e+06   5.332172e+03
 9.999981e-01   3.213315e+06   4.234576e+03
 9.999981e-01   3.218278e+06   3.503797e+03
 9.999981e-01   3.248228e+06   5.407711e+03
 9.999981e-01   3.248989e+06   5.453587e+03
 9.999981e-01   3.281552e+06   4.438317e+03
 9.999981e-01   3.298156e+06   4.192011e+03
 9.999981e-01   3.314720e+06   4.448985e+03
 9.999982e-01   3.332492e+06   3.851480e+03
 9.999982e-01   3.360130e+06   4.061050e+03
 9.999982e-01   3.381951e+06   5.392895e+03
 9.999982e-01   3.378261e+06   7.486677e+03
 9.999982e-01   3.425436e+06   8.330243e+03
 9.999982e-01   3.430169e+06   4.350061e+03
 9.999982e-01   3.461427e+06   4.792537e+03
 9.999982e-01   3.463003e+06   4.723143e+03
 9.999982e-01   3.495283e+06   4.167322e+03
 9.999982e-01   3.509530e+06   8.455215e+03
 9.999982e-01   3.539761e+06   9.214470e+03
 9.999982e-01   3.556881e+06   4.319191e+03
 9.999982e-01   3.576532e+06   5.683984e+03
 9.999982e-01   3.594559e+06   5.419337e+03
 9.999982e-01   3.618392e+06   4.566334e+03
 9.999982e-01   3.642074e+06   4.299104e+03
 9.999982e-01   3.666047e+06   5.428526e+03
 9.999982e-01   3.682510e+06   2.395907e+03
 9.999982e-01   3.713526e+06   2.843953e+03
 9.999982e-01   3.734578e+06   3.805941e+03
 9.999983e-01   3.760543e+06   3.950557e+03
 9.999983e-01   3.778927e+06   3.485088e+03
 9.999983e-01   3.801697e+06   3.251633e+03
 9.999983e-01   3.833774e+06   6.847994e+03
 9.999983e-01   3.845299e+06   5.285554e+03
 9.999983e-01   3.876411e+06   4.259219e+03
 9.999983e-01   3.891879e+06   3.899448e+03
 9.999983e-01   3.914685e+06   4.266464e+03
 9.999983e-01   3.951400e+06   6.242812e+03
 9.999983e-01   3.974116e+06   7.210748e+03
 9.999983e-01   3.998297e+06   3.805956e+03
 9.999983e-01   4.025935e+06   5.854931e+03
 9.999983e-01   4.036775e+06   6.161511e+03
 9.999983e-01   4.064222e+06   6.208632e+03
 9.999983e-01   4.105661e+06   3.642280e+03
 9.999983e-01   4.131939e+06   6.660496e+03
 9.999983e-01   4.142549e+06   6.638089e+03
 9.999983e-01   4.165862e+06   5.829965e+03
 9.999983e-01   4.203809e+06   5.717445e+03
 9.999983e-01   4.222280e+06   6.140559e+03
 9.999984e-01   4.257872e+06   6.676961e+03
 9.999984e-01   4.275753e+06   7.466437e+03
 9.999984e-01   4.306615e+06   8.804775e+03
 9.999984e-01   4.353965e+06   8.833153e+03
 9.999984e-01   4.363161e+06   6.807701e+03
 9.999984e-01   4.381091e+06   7.697170e+03
 9.999984e-01   4.446314e+06   7.348541e+03
 9.999984e-01   4.445135e+06   7.623416e+03
 9.999984e-01   4.498637e+06   9.314818e+03
 9.999984e-01   4.498052e+06   6.062199e+03
 9.999984e-01   4.532385e+06   8.657271e+03
 9.999984e-01   4.572365e+06   7.358888e+03
 9.999984e-01   4.611515e+06   9.453217e+03
 9.999984e-01   4.625315e+06   1.149420e+04
 9.999984e-01   4.670759e+06   1.056897e+04
 9.999984e-01   4.708211e+06   1.062680e+04
 9.999984e-01   4.721294e+06   8.573342e+03
 9.999984e-01   4.750269e+06   7.824935e+03
 9.999984e-01   4.785057e+06   8.962378e+03
 9.999984e-01   4.820187e+06   7.870138e+03
 9.999985e-01   4.863206e+06   1.196286e+04
 9.999985e-01   4.905403e+06   8.165842e+03
 9.999985e-01   4.918123e+06   8.288282e+03
 9.999985e-01   4.975547e+06   9.920221e+03
 9.999985e-01   4.994902e+06   1.088562e+04
 9.999985e-01   5.012842e+06   1.034948e+04
 9.999985e-01   5.055320e+06   9.307266e+03
 9.999985e-01   5.108161e+06   1.089045e+04
 9.999985e-01   5.139957e+06   1.063498e+04
 9.999985e-01   5.175074e+06   7.792542e+03
 9.999985e-01   5.212776e+06   7.856039e+03
 9.999985e-01   5.225426e+06   9.439654e+03
 9.999985e-01   5.306468e+06   1.126332e+04
 9.999985e-01   5.302958e+06   8.637427e+03
 9.999985e-01   5.349377e+06   9.504325e+03
 9.999985e-01   5.400688e+06   1.018414e+04
 9.999985e-01   5.439069e+06   1.155113e+04
 9.999985e-01   5.491237e+06   1.069406e+04
 9.999985e-01   5.495486e+06   1.383558e+04
 9.999985e-01   5.554333e+06   1.326845e+04
 9.999986e-01   5.586666e+06   8.952010e+03
 9.999986e-01   5.620762e+06   1.181168e+04
 9.999986e-01   5.675078e+06   1.067400e+04
 9.999986e-01   5.725121e+06   9.458139e+03
 9.999986e-01   5.764645e+06   1.309985e+04
 9.999986e-01   5.805195e+06   9.480969e+03
 9.999986e-01   5.843888e+06   1.096813e+04
 9.999986e-01   5.893794e+06   1.163377e+04
 9.999986e-01   5.924928e+06   1.208225e+04
 9.999986e-01   5.993884e+06   1.161718e+04
 9.999986e-01   6.012844e+06   9.058188e+03
 9.999986e-01   6.077387e+06   1.464472e+04
 9.999986e-01   6.138227e+06   1.127093e+04
 9.999986e-01   6.163706e+06   1.500885e+04
 9.999986e-01   6.189412e+06   1.719210e+04
 9.999986e-01   6.231551e+06   1.045616e+04
 9.999986e-01   6.337268e+06   1.277499e+04
 9.999986e-01   6.326353e+06   1.147279e+04
 9.999986e-01   6.396265e+06   1.601165e+04
 9.999986e-01   6.470482e+06   1.592159e+04
 9.999987e-01   6.508625e+06   1.570161e+04
 9.999987e-01   6.535495e+06   1.533938e+04
 9.999987e-01   6.618548e+06   1.776041e+04
 9.999987e-01   6.657458e+06   1.526104e+04
 9.999987e-01   6.686216e+06   1.468457e+04
 9.999987e-01   6.782219e+06   1.695321e+04
 9.999987e-01   6.801444e+06   1.687033e+04
 9.999987e-01   6.872756e+06   1.754412e+04
 9.999987e-01   6.928580e+06   1.486051e+04
 9.999987e-01   6.971881e+06   1.307484e+04
 9.999987e-01   7.031690e+06   1.278109e+04
 9.999987e-01   7.102100e+06   1.552758e+04
 9.999987e-01   7.169834e+06   2.008954e+04
 9.999987e-01   7.221605e+06   2.194533e+04
 9.999987e-01   7.247693e+06   2.012210e+04
 9.999987e-01   7.366666e+06   2.121864e+04
 9.999987e-01   7.375519e+06   1.672008e+04
 9.999987e-01   7.420265e+06   1.515430e+04
 9.999987e-01   7.542579e+06   1.690865e+04
 9.999987e-01   7.559486e+06   2.114193e+04
 9.999988e-01   7.642615e+06   1.752707e+04
 9.999988e-01   7.665856e+06   1.903543e+04
 9.999988e-01   7.777611e+06   1.557873e+04
 9.999988e-01   7.877790e+06   1.733755e+04
 9.999988e-01   7.892944e+06   1.404652e+04
 9.999988e-01   7.991392e+06   1.449568e+04
 9.999988e-01   8.030009e+06   1.809517e+04
 9.999988e-01   8.075425e+06   2.133927e+04
 9.999988e-01   8.195738e+06   1.350426e+04
 9.999988e-01   8.261071e+06   2.048970e+04
 9.999988e-01   8.331212e+06   1.972207e+04
 9.999988e-01   8.404908e+06   2.026191e+04
 9.999988e-01   8.472609e+06   1.343517e+04
 9.999988e-01   8.552702e+06   1.813910e+04
 9.999988e-01   8.596358e+06   1.550232e+04
 9.999988e-01   8.694184e+06   1.778803e+04
 9.999988e-01   8.799131e+06   2.220377e+04
 9.999988e-01   8.868212e+06   2.160442e+04
 9.999988e-01   8.892060e+06   1.706342e+04
 9.999988e-01   9.046653e+06   1.378999e+04
 9.999989e-01   9.029343e+06   1.939089e+04
 9.999989e-01   9.207335e+06   1.588945e+04
 9.999989e-01   9.268282e+06   2.239124e+04
 9.999989e-01   9.330760e+06   2.495936e+04
 9.999989e-01   9.471190e+06   1.669824e+04
 9.999989e-01   9.493884e+06   2.498931e+04
 9.999989e-01   9.588867e+06   2.023142e+04
 9.999989e-01   9.718017e+06   1.952181e+04
 9.999989e-01   9.795396e+06   2.065249e+04
 9.999989e-01   9.839096e+06   1.502787e+04
 9.999989e-01   1.002660e+07   2.008904e+04
 9.999989e-01   1.001931e+07   2.091586e+04
 9.999989e-01   1.019959e+07   2.177962e+04
 9.999989e-01   1.027225e+07   1.773978e+04
 9.999989e-01   1.038666e+07   2.174941e+04
 9.999989e-01   1.042835e+07   2.253374e+04
 9.999989e-01   1.056875e+07   1.645177e+04
 9.999989e-01   1.068564e+07   2.117476e+04
 9.999989e-01   1.076411e+07   2.564718e+04
 9.999989e-01   1.087736e+07   1.371256e+04
 9.999990e-01   1.101616e+07   2.228596e+04
 9.999990e-01   1.109701e+07   1.839637e+04
 9.999990e-01   1.119771e+07   2.609926e+04
 9.999990e-01   1.129196e+07   2.235346e+04
 9.999990e-01   1.148024e+07   2.982138e+04
 9.999990e-01   1.156195e+07   2.230703e+04
 9.999990e-01   1.165057e+07   1.965610e+04
 9.999990e-01   1.181654e+07   2.061259e+04
 9.999990e-01   1.193551e+07   2.587959e+04
 9.999990e-01   1.201264e+07   2.080606e+04
 inf   2.735323e+02   3.679124e-04
