Q2_lab bin centers    value    Error 
-inf   0.000000e+00   0.000000e+00
 1.009990e+02   0.000000e+00   0.000000e+00
 3.009970e+02   0.000000e+00   0.000000e+00
 5.009950e+02   0.000000e+00   0.000000e+00
 7.009930e+02   0.000000e+00   0.000000e+00
 9.009910e+02   1.283345e-03   1.269999e-06
 1.100989e+03   2.158653e-01   6.896261e-07
 1.300987e+03   1.541184e-01   5.289649e-07
 1.500985e+03   1.155268e-01   5.707902e-07
 1.700983e+03   8.980332e-02   5.513210e-07
 1.900981e+03   7.179768e-02   3.909289e-07
 2.100979e+03   5.870547e-02   4.991873e-07
 2.300977e+03   4.888907e-02   4.399372e-07
 2.500975e+03   4.134010e-02   4.213988e-07
 2.700973e+03   3.541052e-02   4.808150e-07
 2.900971e+03   3.066772e-02   3.894120e-07
 3.100969e+03   2.681548e-02   3.456365e-07
 3.300967e+03   2.364398e-02   3.142564e-07
 3.500965e+03   2.100233e-02   3.673617e-07
 3.700963e+03   1.877824e-02   3.721132e-07
 3.900961e+03   1.688794e-02   4.030729e-07
 4.100959e+03   1.526912e-02   3.602994e-07
 4.300957e+03   1.387126e-02   3.400521e-07
 4.500955e+03   1.265577e-02   2.822324e-07
 4.700953e+03   1.159270e-02   3.009483e-07
 4.900951e+03   1.065734e-02   3.148851e-07
 5.100949e+03   9.830902e-03   3.151913e-07
 5.300947e+03   9.095893e-03   3.046694e-07
 5.500945e+03   8.439632e-03   2.623868e-07
 5.700943e+03   7.852086e-03   2.861178e-07
 5.900941e+03   7.323641e-03   2.368892e-07
 6.100939e+03   6.845589e-03   3.184251e-07
 6.300937e+03   6.413929e-03   3.225666e-07
 6.500935e+03   6.020405e-03   3.444888e-07
 6.700933e+03   5.662198e-03   2.916503e-07
 6.900931e+03   5.334728e-03   1.981062e-07
 7.100929e+03   5.034816e-03   2.421875e-07
 7.300927e+03   4.758841e-03   2.398365e-07
 7.500925e+03   4.505233e-03   2.647110e-07
 7.700923e+03   4.271143e-03   2.634503e-07
 7.900921e+03   4.054676e-03   2.427051e-07
 8.100919e+03   3.853676e-03   2.191608e-07
 8.300917e+03   3.668083e-03   2.041633e-07
 8.500915e+03   3.494713e-03   2.611143e-07
 8.700913e+03   3.333320e-03   1.630815e-07
 8.900911e+03   3.182599e-03   2.150744e-07
 9.100909e+03   3.042155e-03   2.373996e-07
 9.300907e+03   2.910912e-03   2.074656e-07
 9.500905e+03   2.787257e-03   2.069944e-07
 9.700903e+03   2.671634e-03   1.852830e-07
 9.900901e+03   2.563082e-03   2.289546e-07
 1.010090e+04   2.460134e-03   2.145069e-07
 1.030090e+04   2.364540e-03   2.151676e-07
 1.050090e+04   2.273178e-03   2.226507e-07
 1.070089e+04   2.187309e-03   2.019819e-07
 1.090089e+04   2.106612e-03   1.769282e-07
 1.110089e+04   2.029872e-03   2.291406e-07
 1.130089e+04   1.957121e-03   2.340088e-07
 1.150089e+04   1.888119e-03   2.130624e-07
 1.170088e+04   1.823042e-03   2.311804e-07
 1.190088e+04   1.760847e-03   1.954431e-07
 1.210088e+04   1.701731e-03   1.931439e-07
 1.230088e+04   1.645899e-03   1.826011e-07
 1.250088e+04   1.592184e-03   1.856540e-07
 1.270087e+04   1.541525e-03   1.822246e-07
 1.290087e+04   1.492958e-03   2.205132e-07
 1.310087e+04   1.446635e-03   1.893045e-07
 1.330087e+04   1.402484e-03   1.461083e-07
 1.350086e+04   1.360157e-03   1.563631e-07
 1.370086e+04   1.319576e-03   1.850389e-07
 1.390086e+04   1.281396e-03   1.787490e-07
 1.410086e+04   1.243942e-03   2.605794e-07
 1.430086e+04   1.208684e-03   1.801898e-07
 1.450085e+04   1.174683e-03   1.661172e-07
 1.470085e+04   1.142221e-03   1.874432e-07
 1.490085e+04   1.110754e-03   1.407804e-07
 1.510085e+04   1.081033e-03   1.821455e-07
 1.530085e+04   1.051932e-03   1.779089e-07
 1.550084e+04   1.024159e-03   1.580563e-07
 1.570084e+04   9.976364e-04   2.073272e-07
 1.590084e+04   9.720492e-04   1.773936e-07
 1.610084e+04   9.470998e-04   1.494253e-07
 1.630084e+04   9.237715e-04   1.689565e-07
 1.650083e+04   9.002455e-04   2.041035e-07
 1.670083e+04   8.787056e-04   1.502216e-07
 1.690083e+04   8.571319e-04   1.258604e-07
 1.710083e+04   8.367651e-04   1.370459e-07
 1.730083e+04   8.168530e-04   1.287899e-07
 1.750083e+04   7.974332e-04   1.260159e-07
 1.770082e+04   7.795327e-04   1.471554e-07
 1.790082e+04   7.613011e-04   1.120242e-07
 1.810082e+04   7.441672e-04   1.196120e-07
 1.830082e+04   7.273846e-04   1.024625e-07
 1.850081e+04   7.110619e-04   1.007171e-07
 1.870081e+04   6.954658e-04   1.104322e-07
 1.890081e+04   6.805552e-04   8.439549e-08
 1.910081e+04   6.657488e-04   1.012322e-07
 1.930081e+04   6.516031e-04   1.270711e-07
 1.950081e+04   6.377903e-04   1.359552e-07
 1.970080e+04   6.243252e-04   9.032492e-08
 1.990080e+04   6.114516e-04   9.303685e-08
 2.010080e+04   5.989214e-04   9.512092e-08
 2.030080e+04   5.869701e-04   9.481034e-08
 2.050079e+04   5.749098e-04   7.758610e-08
 2.070079e+04   5.634531e-04   8.049457e-08
 2.090079e+04   5.522932e-04   7.609701e-08
 2.110079e+04   5.416229e-04   8.343358e-08
 2.130079e+04   5.311141e-04   9.147605e-08
 2.150078e+04   5.208138e-04   1.037556e-07
 2.170078e+04   5.108529e-04   1.045220e-07
 2.190078e+04   5.013466e-04   1.113415e-07
 2.210078e+04   4.919507e-04   1.086800e-07
 2.230078e+04   4.826669e-04   9.445556e-08
 2.250078e+04   4.737625e-04   8.559357e-08
 2.270077e+04   4.653174e-04   8.657043e-08
 2.290077e+04   4.566193e-04   6.566600e-08
 2.310077e+04   4.486645e-04   9.437771e-08
 2.330077e+04   4.405829e-04   7.778710e-08
 2.350076e+04   4.328020e-04   6.979305e-08
 2.370076e+04   4.253289e-04   6.542619e-08
 2.390076e+04   4.177182e-04   7.486378e-08
 2.410076e+04   4.107262e-04   9.201735e-08
 2.430076e+04   4.035196e-04   6.309936e-08
 2.450076e+04   3.967358e-04   7.269528e-08
 2.470075e+04   3.900684e-04   7.722646e-08
 2.490075e+04   3.834749e-04   7.985925e-08
 2.510075e+04   3.772473e-04   6.324374e-08
 2.530075e+04   3.709089e-04   6.337817e-08
 2.550074e+04   3.649104e-04   7.989599e-08
 2.570074e+04   3.590712e-04   7.190468e-08
 2.590074e+04   3.532172e-04   7.831203e-08
 2.610074e+04   3.475330e-04   7.040827e-08
 2.630074e+04   3.420347e-04   6.285522e-08
 2.650074e+04   3.366695e-04   5.987048e-08
 2.670073e+04   3.313376e-04   4.975495e-08
 2.690073e+04   3.263096e-04   4.815374e-08
 2.710073e+04   3.212415e-04   5.431962e-08
 2.730073e+04   3.163276e-04   5.766384e-08
 2.750072e+04   3.113748e-04   6.351605e-08
 2.770072e+04   3.068405e-04   5.763440e-08
 2.790072e+04   3.022990e-04   4.570996e-08
 2.810072e+04   2.976939e-04   5.426618e-08
 2.830072e+04   2.932304e-04   5.314036e-08
 2.850072e+04   2.889615e-04   4.797121e-08
 2.870071e+04   2.847781e-04   4.665887e-08
 2.890071e+04   2.805916e-04   5.061676e-08
 2.910071e+04   2.765219e-04   5.106308e-08
 2.930071e+04   2.727166e-04   4.974660e-08
 2.950071e+04   2.687098e-04   3.896577e-08
 2.970070e+04   2.649722e-04   4.823179e-08
 2.990070e+04   2.612169e-04   5.432409e-08
 3.010070e+04   2.576088e-04   4.997506e-08
 3.030070e+04   2.539134e-04   5.155436e-08
 3.050069e+04   2.505348e-04   5.235006e-08
 3.070069e+04   2.470652e-04   3.518573e-08
 3.090069e+04   2.436970e-04   3.870715e-08
 3.110069e+04   2.404624e-04   5.023431e-08
 3.130069e+04   2.371478e-04   3.467934e-08
 3.150069e+04   2.339877e-04   3.912458e-08
 3.170068e+04   2.308860e-04   3.891216e-08
 3.190068e+04   2.278759e-04   3.943289e-08
 3.210068e+04   2.248211e-04   3.557930e-08
 3.230068e+04   2.219434e-04   3.466131e-08
 3.250067e+04   2.190033e-04   2.566624e-08
 3.270067e+04   2.162222e-04   2.884783e-08
 3.290067e+04   2.134252e-04   3.392277e-08
 3.310067e+04   2.106795e-04   2.860241e-08
 3.330067e+04   2.080584e-04   3.280146e-08
 3.350067e+04   2.054492e-04   2.923357e-08
 3.370066e+04   2.028338e-04   3.325374e-08
 3.390066e+04   2.002797e-04   2.814432e-08
 3.410066e+04   1.978614e-04   2.744459e-08
 3.430066e+04   1.953406e-04   2.044193e-08
 3.450065e+04   1.930194e-04   2.071823e-08
 3.470065e+04   1.906108e-04   2.518343e-08
 3.490065e+04   1.883050e-04   3.272425e-08
 3.510065e+04   1.860453e-04   2.642878e-08
 3.530065e+04   1.838091e-04   2.820168e-08
 3.550064e+04   1.816258e-04   2.436463e-08
 3.570064e+04   1.793943e-04   3.122689e-08
 3.590064e+04   1.773542e-04   3.042335e-08
 3.610064e+04   1.752250e-04   2.416149e-08
 3.630064e+04   1.731485e-04   2.538549e-08
 3.650064e+04   1.711411e-04   5.596286e-08
 3.670063e+04   1.692274e-04   3.957600e-08
 3.690063e+04   1.672118e-04   2.091150e-08
 3.710063e+04   1.653360e-04   3.022692e-08
 3.730063e+04   1.634672e-04   3.544898e-08
 3.750062e+04   1.615422e-04   3.053229e-08
 3.770062e+04   1.597339e-04   3.101771e-08
 3.790062e+04   1.579660e-04   3.613707e-08
 3.810062e+04   1.562234e-04   3.382269e-08
 3.830062e+04   1.544461e-04   2.281435e-08
 3.850061e+04   1.527480e-04   1.909180e-08
 3.870061e+04   1.510571e-04   1.541481e-08
 3.890061e+04   1.494256e-04   1.962899e-08
 3.910061e+04   1.475567e-04   2.797844e-07
 3.930061e+04   1.466157e-04   7.089269e-07
 3.950061e+04   1.452890e-04   1.053855e-06
 3.970060e+04   1.417304e-04   1.890767e-06
 3.990060e+04   1.369370e-04   1.318159e-06
 4.010060e+04   0.000000e+00   0.000000e+00
 4.030060e+04   0.000000e+00   0.000000e+00
 4.050060e+04   0.000000e+00   0.000000e+00
 4.070059e+04   0.000000e+00   0.000000e+00
 4.090059e+04   0.000000e+00   0.000000e+00
 4.110059e+04   0.000000e+00   0.000000e+00
 4.130059e+04   0.000000e+00   0.000000e+00
 4.150058e+04   0.000000e+00   0.000000e+00
 4.170058e+04   0.000000e+00   0.000000e+00
 4.190058e+04   0.000000e+00   0.000000e+00
 4.210058e+04   0.000000e+00   0.000000e+00
 4.230058e+04   0.000000e+00   0.000000e+00
 4.250057e+04   0.000000e+00   0.000000e+00
 4.270057e+04   0.000000e+00   0.000000e+00
 4.290057e+04   0.000000e+00   0.000000e+00
 4.310057e+04   0.000000e+00   0.000000e+00
 4.330057e+04   0.000000e+00   0.000000e+00
 4.350057e+04   0.000000e+00   0.000000e+00
 4.370056e+04   0.000000e+00   0.000000e+00
 4.390056e+04   0.000000e+00   0.000000e+00
 4.410056e+04   0.000000e+00   0.000000e+00
 4.430056e+04   0.000000e+00   0.000000e+00
 4.450056e+04   0.000000e+00   0.000000e+00
 4.470055e+04   0.000000e+00   0.000000e+00
 4.490055e+04   0.000000e+00   0.000000e+00
 4.510055e+04   0.000000e+00   0.000000e+00
 4.530055e+04   0.000000e+00   0.000000e+00
 4.550054e+04   0.000000e+00   0.000000e+00
 4.570054e+04   0.000000e+00   0.000000e+00
 4.590054e+04   0.000000e+00   0.000000e+00
 4.610054e+04   0.000000e+00   0.000000e+00
 4.630054e+04   0.000000e+00   0.000000e+00
 4.650054e+04   0.000000e+00   0.000000e+00
 4.670053e+04   0.000000e+00   0.000000e+00
 4.690053e+04   0.000000e+00   0.000000e+00
 4.710053e+04   0.000000e+00   0.000000e+00
 4.730053e+04   0.000000e+00   0.000000e+00
 4.750053e+04   0.000000e+00   0.000000e+00
 4.770052e+04   0.000000e+00   0.000000e+00
 4.790052e+04   0.000000e+00   0.000000e+00
 4.810052e+04   0.000000e+00   0.000000e+00
 4.830052e+04   0.000000e+00   0.000000e+00
 4.850051e+04   0.000000e+00   0.000000e+00
 4.870051e+04   0.000000e+00   0.000000e+00
 4.890051e+04   0.000000e+00   0.000000e+00
 4.910051e+04   0.000000e+00   0.000000e+00
 4.930051e+04   0.000000e+00   0.000000e+00
 4.950050e+04   0.000000e+00   0.000000e+00
 4.970050e+04   0.000000e+00   0.000000e+00
 4.990050e+04   0.000000e+00   0.000000e+00
 5.010050e+04   0.000000e+00   0.000000e+00
 5.030050e+04   0.000000e+00   0.000000e+00
 5.050050e+04   0.000000e+00   0.000000e+00
 5.070049e+04   0.000000e+00   0.000000e+00
 5.090049e+04   0.000000e+00   0.000000e+00
 5.110049e+04   0.000000e+00   0.000000e+00
 5.130049e+04   0.000000e+00   0.000000e+00
 5.150049e+04   0.000000e+00   0.000000e+00
 5.170048e+04   0.000000e+00   0.000000e+00
 5.190048e+04   0.000000e+00   0.000000e+00
 5.210048e+04   0.000000e+00   0.000000e+00
 5.230048e+04   0.000000e+00   0.000000e+00
 5.250047e+04   0.000000e+00   0.000000e+00
 5.270047e+04   0.000000e+00   0.000000e+00
 5.290047e+04   0.000000e+00   0.000000e+00
 5.310047e+04   0.000000e+00   0.000000e+00
 5.330047e+04   0.000000e+00   0.000000e+00
 5.350046e+04   0.000000e+00   0.000000e+00
 5.370046e+04   0.000000e+00   0.000000e+00
 5.390046e+04   0.000000e+00   0.000000e+00
 5.410046e+04   0.000000e+00   0.000000e+00
 5.430046e+04   0.000000e+00   0.000000e+00
 5.450046e+04   0.000000e+00   0.000000e+00
 5.470045e+04   0.000000e+00   0.000000e+00
 5.490045e+04   0.000000e+00   0.000000e+00
 5.510045e+04   0.000000e+00   0.000000e+00
 5.530045e+04   0.000000e+00   0.000000e+00
 5.550044e+04   0.000000e+00   0.000000e+00
 5.570044e+04   0.000000e+00   0.000000e+00
 5.590044e+04   0.000000e+00   0.000000e+00
 5.610044e+04   0.000000e+00   0.000000e+00
 5.630044e+04   0.000000e+00   0.000000e+00
 5.650043e+04   0.000000e+00   0.000000e+00
 5.670043e+04   0.000000e+00   0.000000e+00
 5.690043e+04   0.000000e+00   0.000000e+00
 5.710043e+04   0.000000e+00   0.000000e+00
 5.730043e+04   0.000000e+00   0.000000e+00
 5.750043e+04   0.000000e+00   0.000000e+00
 5.770042e+04   0.000000e+00   0.000000e+00
 5.790042e+04   0.000000e+00   0.000000e+00
 5.810042e+04   0.000000e+00   0.000000e+00
 5.830042e+04   0.000000e+00   0.000000e+00
 5.850042e+04   0.000000e+00   0.000000e+00
 5.870041e+04   0.000000e+00   0.000000e+00
 5.890041e+04   0.000000e+00   0.000000e+00
 5.910041e+04   0.000000e+00   0.000000e+00
 5.930041e+04   0.000000e+00   0.000000e+00
 5.950040e+04   0.000000e+00   0.000000e+00
 5.970040e+04   0.000000e+00   0.000000e+00
 5.990040e+04   0.000000e+00   0.000000e+00
 6.010040e+04   0.000000e+00   0.000000e+00
 6.030040e+04   0.000000e+00   0.000000e+00
 6.050039e+04   0.000000e+00   0.000000e+00
 6.070039e+04   0.000000e+00   0.000000e+00
 6.090039e+04   0.000000e+00   0.000000e+00
 6.110039e+04   0.000000e+00   0.000000e+00
 6.130039e+04   0.000000e+00   0.000000e+00
 6.150039e+04   0.000000e+00   0.000000e+00
 6.170038e+04   0.000000e+00   0.000000e+00
 6.190038e+04   0.000000e+00   0.000000e+00
 6.210038e+04   0.000000e+00   0.000000e+00
 6.230038e+04   0.000000e+00   0.000000e+00
 6.250038e+04   0.000000e+00   0.000000e+00
 6.270037e+04   0.000000e+00   0.000000e+00
 6.290037e+04   0.000000e+00   0.000000e+00
 6.310037e+04   0.000000e+00   0.000000e+00
 6.330037e+04   0.000000e+00   0.000000e+00
 6.350036e+04   0.000000e+00   0.000000e+00
 6.370036e+04   0.000000e+00   0.000000e+00
 6.390036e+04   0.000000e+00   0.000000e+00
 6.410036e+04   0.000000e+00   0.000000e+00
 6.430036e+04   0.000000e+00   0.000000e+00
 6.450036e+04   0.000000e+00   0.000000e+00
 6.470035e+04   0.000000e+00   0.000000e+00
 6.490035e+04   0.000000e+00   0.000000e+00
 6.510035e+04   0.000000e+00   0.000000e+00
 6.530035e+04   0.000000e+00   0.000000e+00
 6.550035e+04   0.000000e+00   0.000000e+00
 6.570034e+04   0.000000e+00   0.000000e+00
 6.590034e+04   0.000000e+00   0.000000e+00
 6.610034e+04   0.000000e+00   0.000000e+00
 6.630034e+04   0.000000e+00   0.000000e+00
 6.650034e+04   0.000000e+00   0.000000e+00
 6.670033e+04   0.000000e+00   0.000000e+00
 6.690033e+04   0.000000e+00   0.000000e+00
 6.710033e+04   0.000000e+00   0.000000e+00
 6.730033e+04   0.000000e+00   0.000000e+00
 6.750032e+04   0.000000e+00   0.000000e+00
 6.770032e+04   0.000000e+00   0.000000e+00
 6.790032e+04   0.000000e+00   0.000000e+00
 6.810032e+04   0.000000e+00   0.000000e+00
 6.830032e+04   0.000000e+00   0.000000e+00
 6.850032e+04   0.000000e+00   0.000000e+00
 6.870031e+04   0.000000e+00   0.000000e+00
 6.890031e+04   0.000000e+00   0.000000e+00
 6.910031e+04   0.000000e+00   0.000000e+00
 6.930031e+04   0.000000e+00   0.000000e+00
 6.950030e+04   0.000000e+00   0.000000e+00
 6.970030e+04   0.000000e+00   0.000000e+00
 6.990030e+04   0.000000e+00   0.000000e+00
 7.010030e+04   0.000000e+00   0.000000e+00
 7.030030e+04   0.000000e+00   0.000000e+00
 7.050029e+04   0.000000e+00   0.000000e+00
 7.070029e+04   0.000000e+00   0.000000e+00
 7.090029e+04   0.000000e+00   0.000000e+00
 7.110029e+04   0.000000e+00   0.000000e+00
 7.130029e+04   0.000000e+00   0.000000e+00
 7.150029e+04   0.000000e+00   0.000000e+00
 7.170028e+04   0.000000e+00   0.000000e+00
 7.190028e+04   0.000000e+00   0.000000e+00
 7.210028e+04   0.000000e+00   0.000000e+00
 7.230028e+04   0.000000e+00   0.000000e+00
 7.250027e+04   0.000000e+00   0.000000e+00
 7.270027e+04   0.000000e+00   0.000000e+00
 7.290027e+04   0.000000e+00   0.000000e+00
 7.310027e+04   0.000000e+00   0.000000e+00
 7.330027e+04   0.000000e+00   0.000000e+00
 7.350026e+04   0.000000e+00   0.000000e+00
 7.370026e+04   0.000000e+00   0.000000e+00
 7.390026e+04   0.000000e+00   0.000000e+00
 7.410026e+04   0.000000e+00   0.000000e+00
 7.430026e+04   0.000000e+00   0.000000e+00
 7.450026e+04   0.000000e+00   0.000000e+00
 7.470025e+04   0.000000e+00   0.000000e+00
 7.490025e+04   0.000000e+00   0.000000e+00
 7.510025e+04   0.000000e+00   0.000000e+00
 7.530025e+04   0.000000e+00   0.000000e+00
 7.550024e+04   0.000000e+00   0.000000e+00
 7.570024e+04   0.000000e+00   0.000000e+00
 7.590024e+04   0.000000e+00   0.000000e+00
 7.610024e+04   0.000000e+00   0.000000e+00
 7.630024e+04   0.000000e+00   0.000000e+00
 7.650024e+04   0.000000e+00   0.000000e+00
 7.670023e+04   0.000000e+00   0.000000e+00
 7.690023e+04   0.000000e+00   0.000000e+00
 7.710023e+04   0.000000e+00   0.000000e+00
 7.730023e+04   0.000000e+00   0.000000e+00
 7.750023e+04   0.000000e+00   0.000000e+00
 7.770022e+04   0.000000e+00   0.000000e+00
 7.790022e+04   0.000000e+00   0.000000e+00
 7.810022e+04   0.000000e+00   0.000000e+00
 7.830022e+04   0.000000e+00   0.000000e+00
 7.850021e+04   0.000000e+00   0.000000e+00
 7.870021e+04   0.000000e+00   0.000000e+00
 7.890021e+04   0.000000e+00   0.000000e+00
 7.910021e+04   0.000000e+00   0.000000e+00
 7.930021e+04   0.000000e+00   0.000000e+00
 7.950021e+04   0.000000e+00   0.000000e+00
 7.970020e+04   0.000000e+00   0.000000e+00
 7.990020e+04   0.000000e+00   0.000000e+00
 8.010020e+04   0.000000e+00   0.000000e+00
 8.030020e+04   0.000000e+00   0.000000e+00
 8.050020e+04   0.000000e+00   0.000000e+00
 8.070019e+04   0.000000e+00   0.000000e+00
 8.090019e+04   0.000000e+00   0.000000e+00
 8.110019e+04   0.000000e+00   0.000000e+00
 8.130019e+04   0.000000e+00   0.000000e+00
 8.150018e+04   0.000000e+00   0.000000e+00
 8.170018e+04   0.000000e+00   0.000000e+00
 8.190018e+04   0.000000e+00   0.000000e+00
 8.210018e+04   0.000000e+00   0.000000e+00
 8.230018e+04   0.000000e+00   0.000000e+00
 8.250018e+04   0.000000e+00   0.000000e+00
 8.270017e+04   0.000000e+00   0.000000e+00
 8.290017e+04   0.000000e+00   0.000000e+00
 8.310017e+04   0.000000e+00   0.000000e+00
 8.330017e+04   0.000000e+00   0.000000e+00
 8.350016e+04   0.000000e+00   0.000000e+00
 8.370016e+04   0.000000e+00   0.000000e+00
 8.390016e+04   0.000000e+00   0.000000e+00
 8.410016e+04   0.000000e+00   0.000000e+00
 8.430016e+04   0.000000e+00   0.000000e+00
 8.450015e+04   0.000000e+00   0.000000e+00
 8.470015e+04   0.000000e+00   0.000000e+00
 8.490015e+04   0.000000e+00   0.000000e+00
 8.510015e+04   0.000000e+00   0.000000e+00
 8.530015e+04   0.000000e+00   0.000000e+00
 8.550015e+04   0.000000e+00   0.000000e+00
 8.570014e+04   0.000000e+00   0.000000e+00
 8.590014e+04   0.000000e+00   0.000000e+00
 8.610014e+04   0.000000e+00   0.000000e+00
 8.630014e+04   0.000000e+00   0.000000e+00
 8.650013e+04   0.000000e+00   0.000000e+00
 8.670013e+04   0.000000e+00   0.000000e+00
 8.690013e+04   0.000000e+00   0.000000e+00
 8.710013e+04   0.000000e+00   0.000000e+00
 8.730013e+04   0.000000e+00   0.000000e+00
 8.750012e+04   0.000000e+00   0.000000e+00
 8.770012e+04   0.000000e+00   0.000000e+00
 8.790012e+04   0.000000e+00   0.000000e+00
 8.810012e+04   0.000000e+00   0.000000e+00
 8.830012e+04   0.000000e+00   0.000000e+00
 8.850012e+04   0.000000e+00   0.000000e+00
 8.870011e+04   0.000000e+00   0.000000e+00
 8.890011e+04   0.000000e+00   0.000000e+00
 8.910011e+04   0.000000e+00   0.000000e+00
 8.930011e+04   0.000000e+00   0.000000e+00
 8.950010e+04   0.000000e+00   0.000000e+00
 8.970010e+04   0.000000e+00   0.000000e+00
 8.990010e+04   0.000000e+00   0.000000e+00
 9.010010e+04   0.000000e+00   0.000000e+00
 9.030010e+04   0.000000e+00   0.000000e+00
 9.050010e+04   0.000000e+00   0.000000e+00
 9.070009e+04   0.000000e+00   0.000000e+00
 9.090009e+04   0.000000e+00   0.000000e+00
 9.110009e+04   0.000000e+00   0.000000e+00
 9.130009e+04   0.000000e+00   0.000000e+00
 9.150009e+04   0.000000e+00   0.000000e+00
 9.170008e+04   0.000000e+00   0.000000e+00
 9.190008e+04   0.000000e+00   0.000000e+00
 9.210008e+04   0.000000e+00   0.000000e+00
 9.230008e+04   0.000000e+00   0.000000e+00
 9.250007e+04   0.000000e+00   0.000000e+00
 9.270007e+04   0.000000e+00   0.000000e+00
 9.290007e+04   0.000000e+00   0.000000e+00
 9.310007e+04   0.000000e+00   0.000000e+00
 9.330007e+04   0.000000e+00   0.000000e+00
 9.350007e+04   0.000000e+00   0.000000e+00
 9.370006e+04   0.000000e+00   0.000000e+00
 9.390006e+04   0.000000e+00   0.000000e+00
 9.410006e+04   0.000000e+00   0.000000e+00
 9.430006e+04   0.000000e+00   0.000000e+00
 9.450005e+04   0.000000e+00   0.000000e+00
 9.470005e+04   0.000000e+00   0.000000e+00
 9.490005e+04   0.000000e+00   0.000000e+00
 9.510005e+04   0.000000e+00   0.000000e+00
 9.530005e+04   0.000000e+00   0.000000e+00
 9.550004e+04   0.000000e+00   0.000000e+00
 9.570004e+04   0.000000e+00   0.000000e+00
 9.590004e+04   0.000000e+00   0.000000e+00
 9.610004e+04   0.000000e+00   0.000000e+00
 9.630004e+04   0.000000e+00   0.000000e+00
 9.650004e+04   0.000000e+00   0.000000e+00
 9.670003e+04   0.000000e+00   0.000000e+00
 9.690003e+04   0.000000e+00   0.000000e+00
 9.710003e+04   0.000000e+00   0.000000e+00
 9.730003e+04   0.000000e+00   0.000000e+00
 9.750002e+04   0.000000e+00   0.000000e+00
 9.770002e+04   0.000000e+00   0.000000e+00
 9.790002e+04   0.000000e+00   0.000000e+00
 9.810002e+04   0.000000e+00   0.000000e+00
 9.830002e+04   0.000000e+00   0.000000e+00
 9.850001e+04   0.000000e+00   0.000000e+00
 9.870001e+04   0.000000e+00   0.000000e+00
 9.890001e+04   0.000000e+00   0.000000e+00
 9.910001e+04   0.000000e+00   0.000000e+00
 9.930001e+04   0.000000e+00   0.000000e+00
 9.950001e+04   0.000000e+00   0.000000e+00
 9.970000e+04   0.000000e+00   0.000000e+00
 9.990000e+04   0.000000e+00   0.000000e+00
 inf   0.000000e+00   0.000000e+00
