Q2_lab bin centers    value    Error 
-inf   0.000000e+00   0.000000e+00
 5.000000e+01   0.000000e+00   0.000000e+00
 1.500000e+02   0.000000e+00   0.000000e+00
 2.500000e+02   0.000000e+00   0.000000e+00
 3.500000e+02   0.000000e+00   0.000000e+00
 4.500000e+02   0.000000e+00   0.000000e+00
 5.500000e+02   0.000000e+00   0.000000e+00
 6.500000e+02   0.000000e+00   0.000000e+00
 7.500000e+02   0.000000e+00   0.000000e+00
 8.500000e+02   0.000000e+00   0.000000e+00
 9.500000e+02   0.000000e+00   0.000000e+00
 1.050000e+03   2.359709e-01   9.722699e-06
 1.150000e+03   1.965483e-01   7.889803e-06
 1.250000e+03   1.662554e-01   5.842796e-06
 1.350000e+03   1.424705e-01   6.923777e-06
 1.450000e+03   1.234007e-01   4.744930e-06
 1.550000e+03   1.079585e-01   3.921848e-06
 1.650000e+03   9.521350e-02   6.783096e-06
 1.750000e+03   8.459742e-02   5.014355e-06
 1.850000e+03   7.567239e-02   6.805141e-06
 1.950000e+03   6.806737e-02   7.160838e-06
 2.050000e+03   6.156095e-02   5.186888e-06
 2.150000e+03   5.596186e-02   6.628628e-06
 2.250000e+03   5.107249e-02   5.027850e-06
 2.350000e+03   4.678415e-02   5.616819e-06
 2.450000e+03   4.303666e-02   3.413724e-06
 2.550000e+03   3.971183e-02   5.420072e-06
 2.650000e+03   3.674844e-02   5.882004e-06
 2.750000e+03   3.411806e-02   5.029998e-06
 2.850000e+03   3.175038e-02   4.051728e-06
 2.950000e+03   2.962811e-02   5.058071e-06
 3.050000e+03   2.769622e-02   3.661942e-06
 3.150000e+03   2.596850e-02   4.678327e-06
 3.250000e+03   2.437620e-02   3.300164e-06
 3.350000e+03   2.293996e-02   4.533280e-06
 3.450000e+03   2.161566e-02   4.132225e-06
 3.550000e+03   2.041346e-02   3.685972e-06
 3.650000e+03   1.930305e-02   3.975729e-06
 3.750000e+03   1.827168e-02   5.110100e-06
 3.850000e+03   1.733688e-02   5.110906e-06
 3.950000e+03   1.645384e-02   4.634478e-06
 4.050000e+03   1.564554e-02   2.667870e-06
 4.150000e+03   1.490508e-02   2.833238e-06
 4.250000e+03   1.420027e-02   2.702305e-06
 4.350000e+03   1.354908e-02   3.459186e-06
 4.450000e+03   1.294296e-02   3.619148e-06
 4.550000e+03   1.238223e-02   2.524110e-06
 4.650000e+03   1.184573e-02   4.579559e-06
 4.750000e+03   1.134464e-02   2.626149e-06
 4.850000e+03   1.088249e-02   3.283316e-06
 4.950000e+03   1.044416e-02   3.800706e-06
 5.050000e+03   1.002757e-02   2.394044e-06
 5.150000e+03   9.639122e-03   3.652159e-06
 5.250000e+03   9.272264e-03   4.689430e-06
 5.350000e+03   8.929163e-03   3.546879e-06
 5.450000e+03   8.597011e-03   2.917604e-06
 5.550000e+03   8.284308e-03   3.214246e-06
 5.650000e+03   7.988976e-03   1.442809e-06
 5.750000e+03   7.715834e-03   1.976105e-06
 5.850000e+03   7.452296e-03   4.426671e-06
 5.950000e+03   7.199495e-03   3.004427e-06
 6.050000e+03   6.966091e-03   2.315582e-06
 6.150000e+03   6.732812e-03   3.117710e-06
 6.250000e+03   6.520094e-03   2.804084e-06
 6.350000e+03   6.311400e-03   2.838044e-06
 6.450000e+03   6.115563e-03   4.155787e-06
 6.550000e+03   5.925638e-03   3.137918e-06
 6.650000e+03   5.752977e-03   3.182952e-06
 6.750000e+03   5.576805e-03   2.679931e-06
 6.850000e+03   5.413982e-03   2.316492e-06
 6.950000e+03   5.261442e-03   2.996614e-06
 7.050000e+03   5.102139e-03   2.821695e-06
 7.150000e+03   4.963097e-03   1.792754e-06
 7.250000e+03   4.824922e-03   2.340086e-06
 7.350000e+03   4.691733e-03   3.616277e-06
 7.450000e+03   4.564553e-03   2.938617e-06
 7.550000e+03   4.446702e-03   2.505591e-06
 7.650000e+03   4.327463e-03   2.776785e-06
 7.750000e+03   4.215260e-03   2.724028e-06
 7.850000e+03   4.107071e-03   2.100519e-06
 7.950000e+03   4.003729e-03   1.614637e-06
 8.050000e+03   3.900188e-03   2.390451e-06
 8.150000e+03   3.804463e-03   2.239338e-06
 8.250000e+03   3.717048e-03   3.635079e-06
 8.350000e+03   3.621296e-03   2.932976e-06
 8.450000e+03   3.536528e-03   3.007818e-06
 8.550000e+03   3.452413e-03   1.995805e-06
 8.650000e+03   3.369228e-03   2.890882e-06
 8.750000e+03   3.299699e-03   3.784278e-06
 8.850000e+03   3.220995e-03   3.189477e-06
 8.950000e+03   3.141010e-03   2.582939e-06
 9.050000e+03   3.077119e-03   3.427931e-06
 9.150000e+03   3.014364e-03   2.406291e-06
 9.250000e+03   2.941573e-03   2.335385e-06
 9.350000e+03   2.878337e-03   1.662450e-06
 9.450000e+03   2.822621e-03   2.547629e-06
 9.550000e+03   2.757292e-03   2.245097e-06
 9.650000e+03   2.703208e-03   2.463919e-06
 9.750000e+03   2.644225e-03   1.886606e-06
 9.850000e+03   2.589649e-03   2.119494e-06
 9.950000e+03   2.542896e-03   3.020536e-06
 1.005000e+04   2.482530e-03   1.911200e-06
 1.015000e+04   2.435666e-03   2.489989e-06
 1.025000e+04   2.391527e-03   2.771973e-06
 1.035000e+04   2.343562e-03   2.985991e-06
 1.045000e+04   2.294126e-03   2.387631e-06
 1.055000e+04   2.249125e-03   1.624324e-06
 1.065000e+04   2.208328e-03   2.267640e-06
 1.075000e+04   2.166988e-03   1.977470e-06
 1.085000e+04   2.126519e-03   2.811297e-06
 1.095000e+04   2.087630e-03   2.920114e-06
 1.105000e+04   2.044529e-03   1.978237e-06
 1.115000e+04   2.012873e-03   2.412392e-06
 1.125000e+04   1.970083e-03   2.263029e-06
 1.135000e+04   1.941578e-03   1.432185e-06
 1.145000e+04   1.904965e-03   2.508529e-06
 1.155000e+04   1.873931e-03   2.125159e-06
 1.165000e+04   1.836475e-03   1.610677e-06
 1.175000e+04   1.809119e-03   1.753036e-06
 1.185000e+04   1.773465e-03   2.373945e-06
 1.195000e+04   1.744818e-03   1.530711e-06
 1.205000e+04   1.720187e-03   2.124635e-06
 1.215000e+04   1.687441e-03   1.888927e-06
 1.225000e+04   1.663489e-03   2.076349e-06
 1.235000e+04   1.628367e-03   1.989495e-06
 1.245000e+04   1.609244e-03   2.436642e-06
 1.255000e+04   1.580939e-03   2.754274e-06
 1.265000e+04   1.552380e-03   1.293417e-06
 1.275000e+04   1.526956e-03   2.082937e-06
 1.285000e+04   1.505112e-03   1.749874e-06
 1.295000e+04   1.483436e-03   2.111782e-06
 1.305000e+04   1.455017e-03   2.805567e-06
 1.315000e+04   1.437933e-03   2.244781e-06
 1.325000e+04   1.412987e-03   2.409723e-06
 1.335000e+04   1.393127e-03   1.359420e-06
 1.345000e+04   1.367177e-03   1.869777e-06
 1.355000e+04   1.351567e-03   1.642699e-06
 1.365000e+04   1.330769e-03   1.705260e-06
 1.375000e+04   1.312083e-03   1.528820e-06
 1.385000e+04   1.288871e-03   2.115549e-06
 1.395000e+04   1.272768e-03   1.740168e-06
 1.405000e+04   1.253908e-03   1.708294e-06
 1.415000e+04   1.236224e-03   1.313887e-06
 1.425000e+04   1.219149e-03   1.123060e-06
 1.435000e+04   1.199875e-03   1.503278e-06
 1.445000e+04   1.184275e-03   1.959130e-06
 1.455000e+04   1.163908e-03   1.318755e-06
 1.465000e+04   1.150585e-03   1.688976e-06
 1.475000e+04   1.136563e-03   1.881594e-06
 1.485000e+04   1.113749e-03   1.758606e-06
 1.495000e+04   1.102314e-03   1.939728e-06
 1.505000e+04   1.087342e-03   2.000656e-06
 1.515000e+04   1.073915e-03   1.864392e-06
 1.525000e+04   1.056106e-03   1.654019e-06
 1.535000e+04   1.046642e-03   1.457199e-06
 1.545000e+04   1.028833e-03   1.312325e-06
 1.555000e+04   1.019697e-03   1.729597e-06
 1.565000e+04   1.004881e-03   1.648484e-06
 1.575000e+04   9.913759e-04   1.410534e-06
 1.585000e+04   9.769016e-04   1.500946e-06
 1.595000e+04   9.648929e-04   1.391420e-06
 1.605000e+04   9.525694e-04   1.230571e-06
 1.615000e+04   9.425334e-04   1.118625e-06
 1.625000e+04   9.298477e-04   1.301028e-06
 1.635000e+04   9.177226e-04   1.010248e-06
 1.645000e+04   9.052045e-04   1.679074e-06
 1.655000e+04   8.975385e-04   1.779599e-06
 1.665000e+04   8.819613e-04   1.777390e-06
 1.675000e+04   8.740994e-04   1.264698e-06
 1.685000e+04   8.631598e-04   1.736927e-06
 1.695000e+04   8.550666e-04   1.515149e-06
 1.705000e+04   8.434383e-04   1.753869e-06
 1.715000e+04   8.305989e-04   1.237154e-06
 1.725000e+04   8.233579e-04   1.733255e-06
 1.735000e+04   8.116194e-04   1.468794e-06
 1.745000e+04   8.023007e-04   1.342162e-06
 1.755000e+04   7.942603e-04   8.389796e-07
 1.765000e+04   7.850285e-04   1.643155e-06
 1.775000e+04   7.733040e-04   1.129726e-06
 1.785000e+04   7.667335e-04   1.307222e-06
 1.795000e+04   7.563965e-04   1.387235e-06
 1.805000e+04   7.471104e-04   1.418771e-06
 1.815000e+04   7.392224e-04   1.054296e-06
 1.825000e+04   7.320950e-04   1.382806e-06
 1.835000e+04   7.224438e-04   1.227962e-06
 1.845000e+04   7.172239e-04   1.348073e-06
 1.855000e+04   7.073842e-04   1.120309e-06
 1.865000e+04   6.957482e-04   1.503435e-06
 1.875000e+04   6.926451e-04   9.568490e-07
 1.885000e+04   6.828705e-04   1.097809e-06
 1.895000e+04   6.761189e-04   1.333822e-06
 1.905000e+04   6.730063e-04   1.218428e-06
 1.915000e+04   6.619283e-04   1.462600e-06
 1.925000e+04   6.550979e-04   1.227029e-06
 1.935000e+04   6.464057e-04   1.342376e-06
 1.945000e+04   6.419576e-04   1.249747e-06
 1.955000e+04   6.347617e-04   1.239868e-06
 1.965000e+04   6.287104e-04   1.004467e-06
 1.975000e+04   6.207698e-04   1.249212e-06
 1.985000e+04   6.152028e-04   1.050880e-06
 1.995000e+04   6.091285e-04   1.335299e-06
 2.005000e+04   6.029417e-04   1.118598e-06
 2.015000e+04   5.942431e-04   8.869306e-07
 2.025000e+04   5.910516e-04   8.774985e-07
 2.035000e+04   5.825213e-04   1.202487e-06
 2.045000e+04   5.776831e-04   1.117097e-06
 2.055000e+04   5.693264e-04   1.158231e-06
 2.065000e+04   5.667784e-04   1.014846e-06
 2.075000e+04   5.615818e-04   1.246077e-06
 2.085000e+04   5.564709e-04   1.143893e-06
 2.095000e+04   5.476804e-04   1.162154e-06
 2.105000e+04   5.442026e-04   1.202998e-06
 2.115000e+04   5.380927e-04   1.001449e-06
 2.125000e+04   5.335882e-04   8.698798e-07
 2.135000e+04   5.277342e-04   1.259613e-06
 2.145000e+04   5.236766e-04   8.913372e-07
 2.155000e+04   5.171018e-04   4.442053e-07
 2.165000e+04   5.144691e-04   1.226033e-06
 2.175000e+04   5.056098e-04   9.540892e-07
 2.185000e+04   5.037570e-04   1.073140e-06
 2.195000e+04   4.997490e-04   1.086804e-06
 2.205000e+04   4.931229e-04   1.120138e-06
 2.215000e+04   4.889581e-04   9.813493e-07
 2.225000e+04   4.846176e-04   1.027253e-06
 2.235000e+04   4.820966e-04   1.083569e-06
 2.245000e+04   4.748600e-04   1.071924e-06
 2.255000e+04   4.707725e-04   9.441318e-07
 2.265000e+04   4.679803e-04   7.828513e-07
 2.275000e+04   4.629556e-04   9.209615e-07
 2.285000e+04   4.597959e-04   8.432920e-07
 2.295000e+04   4.534014e-04   8.426713e-07
 2.305000e+04   4.508485e-04   7.971142e-07
 2.315000e+04   4.472693e-04   8.984629e-07
 2.325000e+04   4.431253e-04   8.262080e-07
 2.335000e+04   4.379773e-04   7.142293e-07
 2.345000e+04   4.342667e-04   8.297749e-07
 2.355000e+04   4.313836e-04   8.692198e-07
 2.365000e+04   4.282312e-04   1.002861e-06
 2.375000e+04   4.229053e-04   1.011186e-06
 2.385000e+04   4.200338e-04   8.048803e-07
 2.395000e+04   4.157731e-04   7.780919e-07
 2.405000e+04   4.132289e-04   8.466769e-07
 2.415000e+04   4.074338e-04   8.623291e-07
 2.425000e+04   4.071789e-04   9.035442e-07
 2.435000e+04   4.009548e-04   9.136121e-07
 2.445000e+04   4.000159e-04   8.357491e-07
 2.455000e+04   3.947976e-04   8.516084e-07
 2.465000e+04   3.904019e-04   7.419556e-07
 2.475000e+04   3.874369e-04   7.341147e-07
 2.485000e+04   3.855369e-04   5.904261e-07
 2.495000e+04   3.817237e-04   8.155698e-07
 2.505000e+04   3.782474e-04   7.712727e-07
 2.515000e+04   3.763820e-04   7.438838e-07
 2.525000e+04   3.720297e-04   8.596934e-07
 2.535000e+04   3.689502e-04   1.026572e-06
 2.545000e+04   3.672436e-04   6.153800e-07
 2.555000e+04   3.638326e-04   6.343290e-07
 2.565000e+04   3.603467e-04   8.682885e-07
 2.575000e+04   3.577653e-04   6.999998e-07
 2.585000e+04   3.546024e-04   6.973643e-07
 2.595000e+04   3.528420e-04   6.762078e-07
 2.605000e+04   3.481965e-04   6.547000e-07
 2.615000e+04   3.481175e-04   6.151401e-07
 2.625000e+04   3.423252e-04   7.992504e-07
 2.635000e+04   3.398204e-04   5.948697e-07
 2.645000e+04   3.383236e-04   8.450647e-07
 2.655000e+04   3.347690e-04   7.742647e-07
 2.665000e+04   3.311404e-04   5.451162e-07
 2.675000e+04   3.316878e-04   6.244456e-07
 2.685000e+04   3.272106e-04   7.259513e-07
 2.695000e+04   3.260530e-04   5.686481e-07
 2.705000e+04   3.233565e-04   7.148768e-07
 2.715000e+04   3.186060e-04   7.164494e-07
 2.725000e+04   3.169425e-04   5.107827e-07
 2.735000e+04   3.153811e-04   5.030595e-07
 2.745000e+04   3.135508e-04   7.763606e-07
 2.755000e+04   3.095878e-04   7.263941e-07
 2.765000e+04   3.072624e-04   5.570122e-07
 2.775000e+04   3.061313e-04   5.629878e-07
 2.785000e+04   3.028242e-04   4.663457e-07
 2.795000e+04   3.014462e-04   4.706408e-07
 2.805000e+04   2.996831e-04   5.067882e-07
 2.815000e+04   2.962418e-04   6.847648e-07
 2.825000e+04   2.951652e-04   5.597206e-07
 2.835000e+04   2.918401e-04   6.240045e-07
 2.845000e+04   2.904135e-04   4.929348e-07
 2.855000e+04   2.876676e-04   5.188589e-07
 2.865000e+04   2.860007e-04   4.508266e-07
 2.875000e+04   2.834726e-04   4.030276e-07
 2.885000e+04   2.813727e-04   5.700119e-07
 2.895000e+04   2.799471e-04   4.839602e-07
 2.905000e+04   2.769452e-04   3.513141e-07
 2.915000e+04   2.750738e-04   4.330013e-07
 2.925000e+04   2.743240e-04   3.033567e-07
 2.935000e+04   2.717231e-04   4.557725e-07
 2.945000e+04   2.694920e-04   4.683517e-07
 2.955000e+04   2.680222e-04   4.279105e-07
 2.965000e+04   2.660135e-04   4.979303e-07
 2.975000e+04   2.642042e-04   4.384053e-07
 2.985000e+04   2.622260e-04   4.788861e-07
 2.995000e+04   2.600124e-04   4.767315e-07
 3.005000e+04   2.585736e-04   3.803732e-07
 3.015000e+04   2.567489e-04   4.026935e-07
 3.025000e+04   2.545131e-04   4.118283e-07
 3.035000e+04   2.527707e-04   3.879244e-07
 3.045000e+04   2.512668e-04   5.486984e-07
 3.055000e+04   2.506104e-04   4.111795e-07
 3.065000e+04   2.467670e-04   5.002790e-07
 3.075000e+04   2.461041e-04   4.537324e-07
 3.085000e+04   2.450506e-04   4.127206e-07
 3.095000e+04   2.434817e-04   4.767311e-07
 3.105000e+04   2.412640e-04   4.719486e-07
 3.115000e+04   2.395105e-04   4.939032e-07
 3.125000e+04   2.381268e-04   2.577035e-07
 3.135000e+04   2.364838e-04   4.162832e-07
 3.145000e+04   2.350771e-04   3.293435e-07
 3.155000e+04   2.328247e-04   3.635454e-07
 3.165000e+04   2.320994e-04   3.226499e-07
 3.175000e+04   2.298328e-04   2.643949e-07
 3.185000e+04   2.291335e-04   3.542817e-07
 3.195000e+04   2.271359e-04   3.564167e-07
 3.205000e+04   2.257724e-04   3.763425e-07
 3.215000e+04   2.242550e-04   4.376876e-07
 3.225000e+04   2.221474e-04   3.555956e-07
 3.235000e+04   2.207833e-04   3.525612e-07
 3.245000e+04   2.198711e-04   2.536661e-07
 3.255000e+04   2.184224e-04   2.914547e-07
 3.265000e+04   2.169844e-04   2.370224e-07
 3.275000e+04   2.157215e-04   3.918219e-07
 3.285000e+04   2.138211e-04   3.076645e-07
 3.295000e+04   2.130437e-04   3.356171e-07
 3.305000e+04   2.109562e-04   3.521009e-07
 3.315000e+04   2.105322e-04   3.911211e-07
 3.325000e+04   2.083555e-04   3.081018e-07
 3.335000e+04   2.077651e-04   3.792172e-07
 3.345000e+04   2.063099e-04   2.956526e-07
 3.355000e+04   2.049366e-04   2.456559e-07
 3.365000e+04   2.031145e-04   1.924768e-07
 3.375000e+04   2.022405e-04   2.781814e-07
 3.385000e+04   2.005025e-04   2.337540e-07
 3.395000e+04   1.995092e-04   2.401690e-07
 3.405000e+04   1.989921e-04   1.684623e-07
 3.415000e+04   1.971857e-04   2.285068e-07
 3.425000e+04   1.960841e-04   2.703886e-07
 3.435000e+04   1.949927e-04   2.601427e-07
 3.445000e+04   1.938485e-04   2.436957e-07
 3.455000e+04   1.925401e-04   2.147484e-07
 3.465000e+04   1.912784e-04   2.001263e-07
 3.475000e+04   1.902843e-04   2.455455e-07
 3.485000e+04   1.886817e-04   2.442470e-07
 3.495000e+04   1.876072e-04   3.156329e-07
 3.505000e+04   1.872889e-04   2.473972e-07
 3.515000e+04   1.852534e-04   2.921885e-07
 3.525000e+04   1.843107e-04   4.250044e-07
 3.535000e+04   1.831248e-04   2.580818e-07
 3.545000e+04   1.822030e-04   2.443924e-07
 3.555000e+04   1.811348e-04   2.641443e-07
 3.565000e+04   1.801918e-04   2.853179e-07
 3.575000e+04   1.786270e-04   2.045991e-07
 3.585000e+04   1.776774e-04   2.619249e-07
 3.595000e+04   1.766669e-04   2.637158e-07
 3.605000e+04   1.758581e-04   2.348026e-07
 3.615000e+04   1.746709e-04   2.815303e-07
 3.625000e+04   1.736107e-04   2.486645e-07
 3.635000e+04   1.724520e-04   4.021467e-07
 3.645000e+04   1.717793e-04   2.048936e-07
 3.655000e+04   1.703120e-04   2.001690e-07
 3.665000e+04   1.698457e-04   2.376295e-07
 3.675000e+04   1.688133e-04   1.772794e-07
 3.685000e+04   1.675292e-04   2.971340e-07
 3.695000e+04   1.668700e-04   3.755427e-07
 3.705000e+04   1.668481e-04   4.895261e-07
 3.715000e+04   1.637629e-04   6.705903e-07
 3.725000e+04   1.638762e-04   1.728441e-07
 3.735000e+04   1.630221e-04   2.497262e-07
 3.745000e+04   1.613235e-04   3.200458e-07
 3.755000e+04   1.616671e-04   3.448922e-07
 3.765000e+04   1.601482e-04   4.447836e-07
 3.775000e+04   1.595935e-04   2.491527e-07
 3.785000e+04   1.576467e-04   3.444781e-07
 3.795000e+04   1.577210e-04   3.818396e-07
 3.805000e+04   1.567953e-04   5.531619e-07
 3.815000e+04   1.539809e-04   2.829941e-06
 3.825000e+04   1.532262e-04   2.986175e-06
 3.835000e+04   1.522946e-04   1.097433e-06
 3.845000e+04   1.596519e-04   5.476469e-06
 3.855000e+04   1.541346e-04   1.559258e-06
 3.865000e+04   1.520775e-04   1.439165e-06
 3.875000e+04   1.511306e-04   6.957078e-07
 3.885000e+04   1.478773e-04   2.924850e-06
 3.895000e+04   1.461580e-04   3.438628e-06
 3.905000e+04   1.412541e-04   3.030292e-06
 3.915000e+04   1.390153e-04   6.406915e-06
 3.925000e+04   1.452483e-04   6.527836e-06
 3.935000e+04   1.379873e-04   8.947918e-06
 3.945000e+04   1.275993e-04   8.657991e-06
 3.955000e+04   1.229284e-04   7.818659e-06
 3.965000e+04   1.357827e-04   1.385468e-05
 3.975000e+04   1.188797e-04   7.649559e-06
 3.985000e+04   1.097046e-04   1.090763e-05
 3.995000e+04   1.046628e-04   9.523865e-06
 4.005000e+04   0.000000e+00   0.000000e+00
 4.015000e+04   0.000000e+00   0.000000e+00
 4.025000e+04   0.000000e+00   0.000000e+00
 4.035000e+04   0.000000e+00   0.000000e+00
 4.045000e+04   0.000000e+00   0.000000e+00
 4.055000e+04   0.000000e+00   0.000000e+00
 4.065000e+04   0.000000e+00   0.000000e+00
 4.075000e+04   0.000000e+00   0.000000e+00
 4.085000e+04   0.000000e+00   0.000000e+00
 4.095000e+04   0.000000e+00   0.000000e+00
 4.105000e+04   0.000000e+00   0.000000e+00
 4.115000e+04   0.000000e+00   0.000000e+00
 4.125000e+04   0.000000e+00   0.000000e+00
 4.135000e+04   0.000000e+00   0.000000e+00
 4.145000e+04   0.000000e+00   0.000000e+00
 4.155000e+04   0.000000e+00   0.000000e+00
 4.165000e+04   0.000000e+00   0.000000e+00
 4.175000e+04   0.000000e+00   0.000000e+00
 4.185000e+04   0.000000e+00   0.000000e+00
 4.195000e+04   0.000000e+00   0.000000e+00
 4.205000e+04   0.000000e+00   0.000000e+00
 4.215000e+04   0.000000e+00   0.000000e+00
 4.225000e+04   0.000000e+00   0.000000e+00
 4.235000e+04   0.000000e+00   0.000000e+00
 4.245000e+04   0.000000e+00   0.000000e+00
 4.255000e+04   0.000000e+00   0.000000e+00
 4.265000e+04   0.000000e+00   0.000000e+00
 4.275000e+04   0.000000e+00   0.000000e+00
 4.285000e+04   0.000000e+00   0.000000e+00
 4.295000e+04   0.000000e+00   0.000000e+00
 4.305000e+04   0.000000e+00   0.000000e+00
 4.315000e+04   0.000000e+00   0.000000e+00
 4.325000e+04   0.000000e+00   0.000000e+00
 4.335000e+04   0.000000e+00   0.000000e+00
 4.345000e+04   0.000000e+00   0.000000e+00
 4.355000e+04   0.000000e+00   0.000000e+00
 4.365000e+04   0.000000e+00   0.000000e+00
 4.375000e+04   0.000000e+00   0.000000e+00
 4.385000e+04   0.000000e+00   0.000000e+00
 4.395000e+04   0.000000e+00   0.000000e+00
 4.405000e+04   0.000000e+00   0.000000e+00
 4.415000e+04   0.000000e+00   0.000000e+00
 4.425000e+04   0.000000e+00   0.000000e+00
 4.435000e+04   0.000000e+00   0.000000e+00
 4.445000e+04   0.000000e+00   0.000000e+00
 4.455000e+04   0.000000e+00   0.000000e+00
 4.465000e+04   0.000000e+00   0.000000e+00
 4.475000e+04   0.000000e+00   0.000000e+00
 4.485000e+04   0.000000e+00   0.000000e+00
 4.495000e+04   0.000000e+00   0.000000e+00
 4.505000e+04   0.000000e+00   0.000000e+00
 4.515000e+04   0.000000e+00   0.000000e+00
 4.525000e+04   0.000000e+00   0.000000e+00
 4.535000e+04   0.000000e+00   0.000000e+00
 4.545000e+04   0.000000e+00   0.000000e+00
 4.555000e+04   0.000000e+00   0.000000e+00
 4.565000e+04   0.000000e+00   0.000000e+00
 4.575000e+04   0.000000e+00   0.000000e+00
 4.585000e+04   0.000000e+00   0.000000e+00
 4.595000e+04   0.000000e+00   0.000000e+00
 4.605000e+04   0.000000e+00   0.000000e+00
 4.615000e+04   0.000000e+00   0.000000e+00
 4.625000e+04   0.000000e+00   0.000000e+00
 4.635000e+04   0.000000e+00   0.000000e+00
 4.645000e+04   0.000000e+00   0.000000e+00
 4.655000e+04   0.000000e+00   0.000000e+00
 4.665000e+04   0.000000e+00   0.000000e+00
 4.675000e+04   0.000000e+00   0.000000e+00
 4.685000e+04   0.000000e+00   0.000000e+00
 4.695000e+04   0.000000e+00   0.000000e+00
 4.705000e+04   0.000000e+00   0.000000e+00
 4.715000e+04   0.000000e+00   0.000000e+00
 4.725000e+04   0.000000e+00   0.000000e+00
 4.735000e+04   0.000000e+00   0.000000e+00
 4.745000e+04   0.000000e+00   0.000000e+00
 4.755000e+04   0.000000e+00   0.000000e+00
 4.765000e+04   0.000000e+00   0.000000e+00
 4.775000e+04   0.000000e+00   0.000000e+00
 4.785000e+04   0.000000e+00   0.000000e+00
 4.795000e+04   0.000000e+00   0.000000e+00
 4.805000e+04   0.000000e+00   0.000000e+00
 4.815000e+04   0.000000e+00   0.000000e+00
 4.825000e+04   0.000000e+00   0.000000e+00
 4.835000e+04   0.000000e+00   0.000000e+00
 4.845000e+04   0.000000e+00   0.000000e+00
 4.855000e+04   0.000000e+00   0.000000e+00
 4.865000e+04   0.000000e+00   0.000000e+00
 4.875000e+04   0.000000e+00   0.000000e+00
 4.885000e+04   0.000000e+00   0.000000e+00
 4.895000e+04   0.000000e+00   0.000000e+00
 4.905000e+04   0.000000e+00   0.000000e+00
 4.915000e+04   0.000000e+00   0.000000e+00
 4.925000e+04   0.000000e+00   0.000000e+00
 4.935000e+04   0.000000e+00   0.000000e+00
 4.945000e+04   0.000000e+00   0.000000e+00
 4.955000e+04   0.000000e+00   0.000000e+00
 4.965000e+04   0.000000e+00   0.000000e+00
 4.975000e+04   0.000000e+00   0.000000e+00
 4.985000e+04   0.000000e+00   0.000000e+00
 4.995000e+04   0.000000e+00   0.000000e+00
 inf   0.000000e+00   0.000000e+00
