th3_lab bin centers    value    Error 
-inf   0.000000e+00   0.000000e+00
 2.967100e-04   0.000000e+00   0.000000e+00
 3.001300e-04   0.000000e+00   0.000000e+00
 3.035500e-04   0.000000e+00   0.000000e+00
 3.069700e-04   0.000000e+00   0.000000e+00
 3.103900e-04   0.000000e+00   0.000000e+00
 3.138100e-04   0.000000e+00   0.000000e+00
 3.172300e-04   1.285033e+06   1.109586e+02
 3.206500e-04   1.574692e+06   9.077428e+01
 3.240700e-04   1.525401e+06   1.736698e+02
 3.274900e-04   1.477786e+06   1.080089e+02
 3.309100e-04   1.432480e+06   1.994281e+02
 3.343300e-04   1.388788e+06   1.781564e+02
 3.377500e-04   1.346469e+06   2.440703e+02
 3.411700e-04   1.307020e+06   2.099073e+02
 3.445900e-04   1.268148e+06   1.490139e+02
 3.480100e-04   1.230655e+06   1.399210e+02
 3.514300e-04   1.195323e+06   1.555231e+02
 3.548500e-04   1.161016e+06   1.587577e+02
 3.582700e-04   1.127488e+06   2.522720e+02
 3.616900e-04   1.096151e+06   2.129166e+02
 3.651100e-04   1.065485e+06   1.648627e+02
 3.685300e-04   1.035778e+06   1.472118e+02
 3.719500e-04   1.007780e+06   1.426621e+02
 3.753700e-04   9.802733e+05   1.427225e+02
 3.787900e-04   9.539057e+05   1.276430e+02
 3.822100e-04   9.284554e+05   1.767027e+02
 3.856300e-04   9.038378e+05   1.617489e+02
 3.890500e-04   8.796363e+05   1.828467e+02
 3.924700e-04   8.573314e+05   1.570821e+02
 3.958900e-04   8.350370e+05   1.820520e+02
 3.993100e-04   8.134394e+05   1.603232e+02
 4.027300e-04   7.932015e+05   1.592997e+02
 4.061500e-04   7.730104e+05   2.055219e+02
 4.095700e-04   7.537763e+05   2.201424e+02
 4.129900e-04   7.352966e+05   2.181303e+02
 4.164100e-04   7.171806e+05   2.546306e+02
 4.198300e-04   6.996879e+05   2.063951e+02
 4.232500e-04   6.827169e+05   1.804808e+02
 4.266700e-04   6.663617e+05   1.526820e+02
 4.300900e-04   6.502373e+05   1.803512e+02
 4.335100e-04   6.353644e+05   1.570469e+02
 4.369300e-04   6.202181e+05   1.356302e+02
 4.403500e-04   6.058739e+05   1.307962e+02
 4.437700e-04   5.922531e+05   1.150564e+02
 4.471900e-04   5.782323e+05   1.487497e+02
 4.506100e-04   5.653374e+05   1.256525e+02
 4.540300e-04   5.526430e+05   1.293058e+02
 4.574500e-04   5.402136e+05   1.419999e+02
 4.608700e-04   5.280762e+05   1.599785e+02
 4.642900e-04   5.163593e+05   9.702519e+01
 4.677100e-04   5.053946e+05   1.061089e+02
 4.711300e-04   4.942541e+05   1.452596e+02
 4.745500e-04   4.835621e+05   9.336744e+01
 4.779700e-04   4.729985e+05   1.558879e+02
 4.813900e-04   4.631888e+05   1.072815e+02
 4.848100e-04   4.532325e+05   1.839006e+02
 4.882300e-04   4.441274e+05   1.504998e+02
 4.916500e-04   4.347453e+05   1.431308e+02
 4.950700e-04   4.252874e+05   1.415568e+02
 4.984900e-04   4.169614e+05   8.301831e+01
 5.019100e-04   4.084528e+05   9.805215e+01
 5.053300e-04   4.002600e+05   1.188066e+02
 5.087500e-04   3.919012e+05   1.018578e+02
 5.121700e-04   3.842089e+05   7.281195e+01
 5.155900e-04   3.764561e+05   1.112194e+02
 5.190100e-04   3.693066e+05   1.126291e+02
 5.224300e-04   3.617302e+05   1.217979e+02
 5.258500e-04   3.546458e+05   9.791638e+01
 5.292700e-04   3.478352e+05   1.676850e+02
 5.326900e-04   3.414282e+05   1.503390e+02
 5.361100e-04   3.345827e+05   1.219287e+02
 5.395300e-04   3.281740e+05   1.440406e+02
 5.429500e-04   3.221185e+05   1.176204e+02
 5.463700e-04   3.161451e+05   1.111477e+02
 5.497900e-04   3.100931e+05   1.316333e+02
 5.532100e-04   3.043831e+05   1.355070e+02
 5.566300e-04   2.988347e+05   7.666027e+01
 5.600500e-04   2.930308e+05   1.355501e+02
 5.634700e-04   2.879836e+05   1.330527e+02
 5.668900e-04   2.825387e+05   8.235774e+01
 5.703100e-04   2.777208e+05   8.631791e+01
 5.737300e-04   2.723770e+05   9.746588e+01
 5.771500e-04   2.679522e+05   1.096284e+02
 5.805700e-04   2.629327e+05   9.929392e+01
 5.839900e-04   2.584017e+05   1.361954e+02
 5.874100e-04   2.538322e+05   1.239173e+02
 5.908300e-04   2.492793e+05   1.003573e+02
 5.942500e-04   2.453920e+05   5.835373e+01
 5.976700e-04   2.407752e+05   1.043545e+02
 6.010900e-04   2.367125e+05   1.000080e+02
 6.045100e-04   2.327282e+05   9.972811e+01
 6.079300e-04   2.289086e+05   9.313070e+01
 6.113500e-04   2.248096e+05   8.793205e+01
 6.147700e-04   2.211245e+05   7.271087e+01
 6.181900e-04   2.177951e+05   1.121922e+02
 6.216100e-04   2.138775e+05   1.272189e+02
 6.250300e-04   2.103265e+05   8.024469e+01
 6.284500e-04   2.067714e+05   9.649521e+01
 6.318700e-04   2.036665e+05   9.412186e+01
 6.352900e-04   2.003444e+05   8.761948e+01
 6.387100e-04   1.970745e+05   8.954628e+01
 6.421300e-04   1.937933e+05   1.044588e+02
 6.455500e-04   1.909006e+05   7.596401e+01
 6.489700e-04   1.876088e+05   9.106014e+01
 6.523900e-04   1.848839e+05   6.828853e+01
 6.558100e-04   1.817350e+05   1.130246e+02
 6.592300e-04   1.790041e+05   1.134400e+02
 6.626500e-04   1.762743e+05   6.147321e+01
 6.660700e-04   1.735040e+05   5.058380e+01
 6.694900e-04   1.708560e+05   9.110462e+01
 6.729100e-04   1.681537e+05   6.556205e+01
 6.763300e-04   1.656053e+05   7.190186e+01
 6.797500e-04   1.632118e+05   7.559270e+01
 6.831700e-04   1.605090e+05   8.111582e+01
 6.865900e-04   1.584883e+05   1.151413e+02
 6.900100e-04   1.558073e+05   7.403659e+01
 6.934300e-04   1.535616e+05   8.873690e+01
 6.968500e-04   1.511815e+05   9.803185e+01
 7.002700e-04   1.490832e+05   1.084290e+02
 7.036900e-04   1.466879e+05   9.723987e+01
 7.071100e-04   1.448037e+05   1.034425e+02
 7.105300e-04   1.425960e+05   8.761390e+01
 7.139500e-04   1.404593e+05   5.916543e+01
 7.173700e-04   1.385417e+05   6.674732e+01
 7.207900e-04   1.365007e+05   6.699593e+01
 7.242100e-04   1.345108e+05   6.332595e+01
 7.276300e-04   1.326954e+05   1.131021e+02
 7.310500e-04   1.307051e+05   7.422324e+01
 7.344700e-04   1.289561e+05   4.885387e+01
 7.378900e-04   1.269997e+05   8.621697e+01
 7.413100e-04   1.254301e+05   8.881340e+01
 7.447300e-04   1.235572e+05   9.721134e+01
 7.481500e-04   1.218925e+05   7.219848e+01
 7.515700e-04   1.201674e+05   7.493469e+01
 7.549900e-04   1.185784e+05   8.322156e+01
 7.584100e-04   1.167844e+05   4.622634e+01
 7.618300e-04   1.155307e+05   7.228525e+01
 7.652500e-04   1.138742e+05   5.004823e+01
 7.686700e-04   1.121337e+05   1.002738e+02
 7.720900e-04   1.109486e+05   1.098748e+02
 7.755100e-04   1.091008e+05   8.334078e+01
 7.789300e-04   1.078133e+05   6.504210e+01
 7.823500e-04   1.062749e+05   8.204928e+01
 7.857700e-04   1.050643e+05   8.995756e+01
 7.891900e-04   1.034860e+05   6.734791e+01
 7.926100e-04   1.021908e+05   6.807205e+01
 7.960300e-04   1.009007e+05   5.551684e+01
 7.994500e-04   9.966702e+04   9.834627e+01
 8.028700e-04   9.831207e+04   7.300859e+01
 8.062900e-04   9.726198e+04   7.067914e+01
 8.097100e-04   9.563653e+04   7.906515e+01
 8.131300e-04   9.466533e+04   7.867871e+01
 8.165500e-04   9.336491e+04   5.663117e+01
 8.199700e-04   9.210066e+04   5.702436e+01
 8.233900e-04   9.113071e+04   8.581989e+01
 8.268100e-04   8.983034e+04   1.029616e+02
 8.302300e-04   8.880044e+04   8.330579e+01
 8.336500e-04   8.762431e+04   5.864464e+01
 8.370700e-04   8.662722e+04   6.228182e+01
 8.404900e-04   8.557880e+04   4.454652e+01
 8.439100e-04   8.439159e+04   5.654617e+01
 8.473300e-04   8.336280e+04   4.380584e+01
 8.507500e-04   8.238474e+04   4.310832e+01
 8.541700e-04   8.146836e+04   3.116189e+01
 8.575900e-04   8.042553e+04   6.396962e+01
 8.610100e-04   7.947224e+04   5.795744e+01
 8.644300e-04   7.842523e+04   1.062021e+02
 8.678500e-04   7.753329e+04   5.859671e+01
 8.712700e-04   7.655003e+04   1.150685e+02
 8.746900e-04   7.566448e+04   5.520216e+01
 8.781100e-04   7.483652e+04   5.281557e+01
 8.815300e-04   7.385810e+04   6.124805e+01
 8.849500e-04   7.301757e+04   1.016419e+02
 8.883700e-04   7.225754e+04   7.778488e+01
 8.917900e-04   7.141837e+04   3.909701e+01
 8.952100e-04   7.042949e+04   6.552536e+01
 8.986300e-04   6.981973e+04   6.525804e+01
 9.020500e-04   6.891257e+04   7.031045e+01
 9.054700e-04   6.816462e+04   6.054481e+01
 9.088900e-04   6.728674e+04   9.546269e+01
 9.123100e-04   6.661455e+04   7.871027e+01
 9.157300e-04   6.585682e+04   6.149286e+01
 9.191500e-04   6.511810e+04   5.428096e+01
 9.225700e-04   6.428840e+04   4.239656e+01
 9.259900e-04   6.358548e+04   7.612965e+01
 9.294100e-04   6.271712e+04   9.574365e+01
 9.328300e-04   6.233488e+04   8.068879e+01
 9.362500e-04   6.141413e+04   5.778416e+01
 9.396700e-04   6.082015e+04   5.909576e+01
 9.430900e-04   6.010178e+04   6.163419e+01
 9.465100e-04   5.944290e+04   5.209860e+01
 9.499300e-04   5.874467e+04   7.627581e+01
 9.533500e-04   5.812702e+04   7.067011e+01
 9.567700e-04   5.762281e+04   6.289819e+01
 9.601900e-04   5.693780e+04   7.172609e+01
 9.636100e-04   5.633781e+04   7.347341e+01
 9.670300e-04   5.566857e+04   5.128052e+01
 9.704500e-04   5.512710e+04   5.415479e+01
 9.738700e-04   5.450885e+04   7.259546e+01
 9.772900e-04   5.389559e+04   9.422034e+01
 9.807100e-04   5.335819e+04   6.373141e+01
 9.841300e-04   5.270859e+04   7.695171e+01
 9.875500e-04   5.219964e+04   9.499486e+01
 9.909700e-04   5.159753e+04   6.756681e+01
 9.943900e-04   5.111842e+04   3.754530e+01
 9.978100e-04   5.062898e+04   6.356046e+01
 1.001230e-03   4.999591e+04   6.546851e+01
 1.004650e-03   4.957475e+04   5.359245e+01
 1.008070e-03   4.898572e+04   7.910013e+01
 1.011490e-03   4.847243e+04   7.119261e+01
 1.014910e-03   4.799076e+04   4.567140e+01
 1.018330e-03   4.753174e+04   6.528095e+01
 1.021750e-03   4.699497e+04   4.355078e+01
 1.025170e-03   4.650927e+04   5.460423e+01
 1.028590e-03   4.612727e+04   7.426281e+01
 1.032010e-03   4.556055e+04   6.679233e+01
 1.035430e-03   4.514505e+04   5.592102e+01
 1.038850e-03   4.464651e+04   4.625619e+01
 1.042270e-03   4.418770e+04   6.147201e+01
 1.045690e-03   4.377878e+04   4.440376e+01
 1.049110e-03   4.316239e+04   8.113171e+01
 1.052530e-03   4.283535e+04   4.851151e+01
 1.055950e-03   4.252097e+04   3.965629e+01
 1.059370e-03   4.205899e+04   7.323177e+01
 1.062790e-03   4.166493e+04   6.638275e+01
 1.066210e-03   4.118593e+04   4.349520e+01
 1.069630e-03   4.084867e+04   5.023896e+01
 1.073050e-03   4.043560e+04   4.510056e+01
 1.076470e-03   3.997953e+04   4.913250e+01
 1.079890e-03   3.963680e+04   4.500387e+01
 1.083310e-03   3.922529e+04   5.440868e+01
 1.086730e-03   3.895336e+04   6.079362e+01
 1.090150e-03   3.841039e+04   3.663287e+01
 1.093570e-03   3.815888e+04   4.254184e+01
 1.096990e-03   3.776018e+04   2.829439e+01
 1.100410e-03   3.738278e+04   4.578241e+01
 1.103830e-03   3.702432e+04   5.624544e+01
 1.107250e-03   3.673301e+04   4.469620e+01
 1.110670e-03   3.631770e+04   4.236662e+01
 1.114090e-03   3.598041e+04   4.812897e+01
 1.117510e-03   3.568145e+04   4.352395e+01
 1.120930e-03   3.525647e+04   4.731305e+01
 1.124350e-03   3.503379e+04   3.584862e+01
 1.127770e-03   3.468071e+04   5.068633e+01
 1.131190e-03   3.426168e+04   2.462980e+01
 1.134610e-03   3.416032e+04   5.017206e+01
 1.138030e-03   3.379240e+04   5.015536e+01
 1.141450e-03   3.332797e+04   5.812495e+01
 1.144870e-03   3.303105e+04   8.950675e+01
 1.148290e-03   3.281722e+04   4.834856e+01
 1.151710e-03   3.242270e+04   4.929847e+01
 1.155130e-03   3.219356e+04   5.126740e+01
 1.158550e-03   3.180874e+04   4.643582e+01
 1.161970e-03   3.170652e+04   4.294980e+01
 1.165390e-03   3.130501e+04   3.564015e+01
 1.168810e-03   3.106155e+04   3.778465e+01
 1.172230e-03   3.062818e+04   3.910381e+01
 1.175650e-03   3.044621e+04   4.850271e+01
 1.179070e-03   3.023628e+04   5.503177e+01
 1.182490e-03   2.985137e+04   4.625538e+01
 1.185910e-03   2.972276e+04   4.651441e+01
 1.189330e-03   2.943282e+04   5.889406e+01
 1.192750e-03   2.907973e+04   4.245903e+01
 1.196170e-03   2.888746e+04   4.624967e+01
 1.199590e-03   2.864638e+04   4.556615e+01
 1.203010e-03   2.836220e+04   4.273355e+01
 1.206430e-03   2.808320e+04   3.042247e+01
 1.209850e-03   2.787874e+04   4.363167e+01
 1.213270e-03   2.759765e+04   4.480618e+01
 1.216690e-03   2.739714e+04   5.327185e+01
 1.220110e-03   2.727332e+04   4.014635e+01
 1.223530e-03   2.690781e+04   3.968770e+01
 1.226950e-03   2.675545e+04   3.776390e+01
 1.230370e-03   2.646131e+04   4.756930e+01
 1.233790e-03   2.623666e+04   4.926362e+01
 1.237210e-03   2.606969e+04   6.635927e+01
 1.240630e-03   2.577646e+04   4.169811e+01
 1.244050e-03   2.548520e+04   3.746985e+01
 1.247470e-03   2.538907e+04   3.670113e+01
 1.250890e-03   2.514802e+04   3.402999e+01
 1.254310e-03   2.496249e+04   3.926214e+01
 1.257730e-03   2.465211e+04   2.754068e+01
 1.261150e-03   2.454432e+04   3.788512e+01
 1.264570e-03   2.427409e+04   4.888196e+01
 1.267990e-03   2.405510e+04   3.909271e+01
 1.271410e-03   2.390307e+04   4.391759e+01
 1.274830e-03   2.369726e+04   4.633516e+01
 1.278250e-03   2.354734e+04   5.447368e+01
 1.281670e-03   2.330308e+04   2.953377e+01
 1.285090e-03   2.312138e+04   4.286431e+01
 1.288510e-03   2.294782e+04   4.028161e+01
 1.291930e-03   2.268136e+04   4.862417e+01
 1.295350e-03   2.254721e+04   4.817255e+01
 1.298770e-03   2.230795e+04   3.862889e+01
 1.302190e-03   2.201843e+04   4.242982e+01
 1.305610e-03   2.203621e+04   4.193515e+01
 1.309030e-03   2.183645e+04   2.989813e+01
 1.312450e-03   2.163469e+04   3.659011e+01
 1.315870e-03   2.145761e+04   4.063489e+01
 1.319290e-03   2.127405e+04   4.097903e+01
 1.322710e-03   2.113608e+04   3.189892e+01
 1.326130e-03   2.101631e+04   3.421228e+01
 1.329550e-03   2.069491e+04   4.363514e+01
 1.332970e-03   2.065116e+04   3.595177e+01
 1.336390e-03   2.039072e+04   3.933034e+01
 1.339810e-03   2.035142e+04   4.425460e+01
 1.343230e-03   2.003019e+04   5.526693e+01
 1.346650e-03   1.999902e+04   4.058125e+01
 1.350070e-03   1.981182e+04   2.637321e+01
 1.353490e-03   1.960387e+04   3.492153e+01
 1.356910e-03   1.952692e+04   4.048784e+01
 1.360330e-03   1.930148e+04   4.268822e+01
 1.363750e-03   1.919367e+04   3.093440e+01
 1.367170e-03   1.899714e+04   4.267286e+01
 1.370590e-03   1.890054e+04   4.427577e+01
 1.374010e-03   1.874607e+04   5.231159e+01
 1.377430e-03   1.854346e+04   4.032772e+01
 1.380850e-03   1.835882e+04   3.295862e+01
 1.384270e-03   1.832651e+04   3.846136e+01
 1.387690e-03   1.813533e+04   3.944904e+01
 1.391110e-03   1.809571e+04   4.940082e+01
 1.394530e-03   1.790970e+04   4.248761e+01
 1.397950e-03   1.773141e+04   4.049394e+01
 1.401370e-03   1.759934e+04   4.030371e+01
 1.404790e-03   1.749746e+04   2.892210e+01
 1.408210e-03   1.735418e+04   3.149683e+01
 1.411630e-03   1.723591e+04   3.277957e+01
 1.415050e-03   1.705173e+04   3.684316e+01
 1.418470e-03   1.696780e+04   2.899910e+01
 1.421890e-03   1.687768e+04   2.281326e+01
 1.425310e-03   1.668009e+04   3.363495e+01
 1.428730e-03   1.650487e+04   3.927143e+01
 1.432150e-03   1.642898e+04   3.405859e+01
 1.435570e-03   1.638771e+04   3.269291e+01
 1.438990e-03   1.619979e+04   4.684640e+01
 1.442410e-03   1.605768e+04   2.890764e+01
 1.445830e-03   1.600425e+04   2.578917e+01
 1.449250e-03   1.580335e+04   4.172993e+01
 1.452670e-03   1.572190e+04   4.762800e+01
 1.456090e-03   1.563146e+04   4.450161e+01
 1.459510e-03   1.546505e+04   2.988121e+01
 1.462930e-03   1.540099e+04   3.693005e+01
 1.466350e-03   1.529271e+04   2.928702e+01
 1.469770e-03   1.520118e+04   3.652612e+01
 1.473190e-03   1.501300e+04   3.747669e+01
 1.476610e-03   1.490418e+04   3.218090e+01
 1.480030e-03   1.482624e+04   3.174035e+01
 1.483450e-03   1.475114e+04   2.648024e+01
 1.486870e-03   1.466473e+04   3.256471e+01
 1.490290e-03   1.448215e+04   3.100783e+01
 1.493710e-03   1.437715e+04   1.706061e+01
 1.497130e-03   1.433836e+04   2.458330e+01
 1.500550e-03   1.420135e+04   3.556564e+01
 1.503970e-03   1.408732e+04   2.770973e+01
 1.507390e-03   1.397736e+04   3.228232e+01
 1.510810e-03   1.391931e+04   2.233217e+01
 1.514230e-03   1.382381e+04   3.009069e+01
 1.517650e-03   1.368327e+04   2.419492e+01
 1.521070e-03   1.360159e+04   2.562704e+01
 1.524490e-03   1.354994e+04   2.064292e+01
 1.527910e-03   1.338665e+04   2.314904e+01
 1.531330e-03   1.328197e+04   2.931952e+01
 1.534750e-03   1.323184e+04   2.825363e+01
 1.538170e-03   1.314405e+04   1.801692e+01
 1.541590e-03   1.296839e+04   2.456176e+01
 1.545010e-03   1.297157e+04   2.631197e+01
 1.548430e-03   1.289112e+04   2.746891e+01
 1.551850e-03   1.277521e+04   1.773125e+01
 1.555270e-03   1.266952e+04   2.523186e+01
 1.558690e-03   1.261383e+04   1.967171e+01
 1.562110e-03   1.252469e+04   2.144569e+01
 1.565530e-03   1.247219e+04   2.116319e+01
 1.568950e-03   1.227948e+04   3.031861e+01
 1.572370e-03   1.225861e+04   2.695964e+01
 1.575790e-03   1.215314e+04   1.985525e+01
 1.579210e-03   1.206647e+04   2.420878e+01
 1.582630e-03   1.200010e+04   2.655874e+01
 1.586050e-03   1.192291e+04   2.797582e+01
 1.589470e-03   1.178233e+04   3.060429e+01
 1.592890e-03   1.177351e+04   2.389323e+01
 1.596310e-03   1.165184e+04   2.458560e+01
 1.599730e-03   1.158039e+04   2.624098e+01
 1.603150e-03   1.149953e+04   2.758344e+01
 1.606570e-03   1.145090e+04   2.704579e+01
 1.609990e-03   1.136706e+04   2.227153e+01
 1.613410e-03   1.126892e+04   2.011149e+01
 1.616830e-03   1.116202e+04   1.977052e+01
 1.620250e-03   1.111950e+04   2.563320e+01
 1.623670e-03   1.109055e+04   2.159281e+01
 1.627090e-03   1.096350e+04   2.239154e+01
 1.630510e-03   1.092098e+04   2.072320e+01
 1.633930e-03   1.085291e+04   1.876810e+01
 1.637350e-03   1.075172e+04   1.910754e+01
 1.640770e-03   1.067357e+04   2.141862e+01
 1.644190e-03   1.058814e+04   2.305341e+01
 1.647610e-03   1.056148e+04   2.059049e+01
 1.651030e-03   1.047978e+04   1.777014e+01
 1.654450e-03   1.043310e+04   2.303207e+01
 1.657870e-03   1.029047e+04   2.019573e+01
 1.661290e-03   1.031842e+04   2.188768e+01
 1.664710e-03   1.020362e+04   1.662078e+01
 1.668130e-03   1.011182e+04   2.138674e+01
 1.671550e-03   1.008056e+04   2.205246e+01
 1.674970e-03   9.987588e+03   2.181024e+01
 1.678390e-03   9.936221e+03   2.298327e+01
 1.681810e-03   9.904810e+03   2.116072e+01
 1.685230e-03   9.818602e+03   2.056581e+01
 1.688650e-03   9.735325e+03   1.722632e+01
 1.692070e-03   9.676672e+03   1.888996e+01
 1.695490e-03   9.619698e+03   1.503950e+01
 1.698910e-03   9.555216e+03   1.880631e+01
 1.702330e-03   9.514896e+03   1.768085e+01
 1.705750e-03   9.401462e+03   1.785025e+01
 1.709170e-03   9.372046e+03   2.253750e+01
 1.712590e-03   9.308385e+03   1.612846e+01
 1.716010e-03   9.268873e+03   1.407643e+01
 1.719430e-03   9.193116e+03   1.274123e+01
 1.722850e-03   9.136354e+03   1.901546e+01
 1.726270e-03   9.065290e+03   1.534254e+01
 1.729690e-03   9.029982e+03   1.669466e+01
 1.733110e-03   8.983866e+03   1.771531e+01
 1.736530e-03   8.887379e+03   1.598834e+01
 1.739950e-03   8.863974e+03   1.881718e+01
 1.743370e-03   8.765929e+03   1.596916e+01
 1.746790e-03   8.756430e+03   1.235449e+01
 1.750210e-03   8.708184e+03   1.356815e+01
 1.753630e-03   8.624387e+03   1.336713e+01
 1.757050e-03   8.564330e+03   1.201884e+01
 1.760470e-03   8.549475e+03   1.068633e+01
 1.763890e-03   8.433469e+03   9.513399e+00
 1.767310e-03   8.424250e+03   1.746766e+01
 1.770730e-03   8.384032e+03   1.834753e+01
 1.774150e-03   8.307495e+03   1.396649e+01
 1.777570e-03   8.283536e+03   1.279309e+01
 1.780990e-03   8.223219e+03   1.393236e+01
 1.784410e-03   8.133198e+03   1.259490e+01
 1.787830e-03   8.119293e+03   1.053442e+01
 1.791250e-03   8.071589e+03   1.123476e+01
 1.794670e-03   8.017467e+03   1.039235e+01
 1.798090e-03   7.959530e+03   1.845009e+01
 1.801510e-03   7.901823e+03   1.344166e+01
 1.804930e-03   7.882112e+03   1.045145e+01
 1.808350e-03   7.809619e+03   1.010018e+01
 1.811770e-03   7.776974e+03   1.399235e+01
 1.815190e-03   7.741693e+03   1.498881e+01
 1.818610e-03   7.655189e+03   1.254511e+01
 1.822030e-03   7.627051e+03   6.843365e+00
 1.825450e-03   7.591464e+03   1.146578e+01
 1.828870e-03   7.541350e+03   1.751225e+01
 1.832290e-03   7.489118e+03   1.034115e+01
 1.835710e-03   7.479459e+03   1.336230e+01
 1.839130e-03   7.370356e+03   1.670401e+01
 1.842550e-03   7.350058e+03   1.123561e+01
 1.845970e-03   7.348178e+03   1.454527e+01
 1.849390e-03   7.253012e+03   1.270236e+01
 1.852810e-03   7.226552e+03   1.126166e+01
 1.856230e-03   7.182848e+03   9.889220e+00
 1.859650e-03   7.162028e+03   1.350783e+01
 1.863070e-03   7.079608e+03   1.056667e+01
 1.866490e-03   7.045907e+03   5.111414e+00
 1.869910e-03   7.000429e+03   1.205570e+01
 1.873330e-03   6.975896e+03   1.073011e+01
 1.876750e-03   6.905804e+03   1.633147e+01
 1.880170e-03   6.889304e+03   1.392571e+01
 1.883590e-03   6.864405e+03   1.453635e+01
 1.887010e-03   6.823705e+03   1.155982e+01
 1.890430e-03   6.770458e+03   1.722554e+01
 1.893850e-03   6.712799e+03   1.651212e+01
 1.897270e-03   6.665775e+03   1.635882e+01
 1.900690e-03   6.657684e+03   9.971246e+00
 1.904110e-03   6.628088e+03   1.048933e+01
 1.907530e-03   6.582129e+03   8.627106e+00
 1.910950e-03   6.528468e+03   9.808122e+00
 1.914370e-03   6.520195e+03   1.427494e+01
 1.917790e-03   6.473546e+03   1.231960e+01
 1.921210e-03   6.426010e+03   8.228922e+00
 1.924630e-03   6.368402e+03   9.433697e+00
 1.928050e-03   6.346366e+03   1.307020e+01
 1.931470e-03   6.313169e+03   9.008616e+00
 1.934890e-03   6.270224e+03   3.756762e+00
 1.938310e-03   6.243922e+03   6.706799e+00
 1.941730e-03   6.206744e+03   5.632249e+00
 1.945150e-03   6.150653e+03   6.389304e+00
 1.948570e-03   6.136581e+03   4.269903e+00
 1.951990e-03   6.094940e+03   6.415774e+00
 1.955410e-03   6.066431e+03   7.590485e+00
 1.958830e-03   6.027082e+03   5.087494e+00
 1.962250e-03   5.997476e+03   5.077414e+00
 1.965670e-03   5.957176e+03   3.696833e+00
 1.969090e-03   5.921249e+03   3.571406e+00
 1.972510e-03   5.894135e+03   4.773125e+00
 1.975930e-03   5.858194e+03   3.881975e+00
 1.979350e-03   5.823351e+03   2.362699e+00
 1.982770e-03   5.795632e+03   3.753483e+00
 1.986190e-03   5.764535e+03   3.418810e+00
 1.989610e-03   5.727278e+03   5.021927e+00
 1.993030e-03   5.733747e+03   1.512275e+02
 1.996450e-03   5.584141e+03   4.889100e+02
 1.999870e-03   2.555906e+03   1.697589e+02
 2.003290e-03   0.000000e+00   0.000000e+00
 inf   0.000000e+00   0.000000e+00
