th3_cms bin centers    value    Error 
-inf   0.000000e+00   0.000000e+00
 1.345310e-03   0.000000e+00   0.000000e+00
 1.345930e-03   0.000000e+00   0.000000e+00
 1.346550e-03   0.000000e+00   0.000000e+00
 1.347170e-03   0.000000e+00   0.000000e+00
 1.347790e-03   0.000000e+00   0.000000e+00
 1.348410e-03   0.000000e+00   0.000000e+00
 1.349030e-03   0.000000e+00   0.000000e+00
 1.349650e-03   0.000000e+00   0.000000e+00
 1.350270e-03   1.846896e+04   1.645569e+02
 1.350890e-03   1.999641e+04   4.331100e+02
 1.351510e-03   1.986078e+04   1.620487e+02
 1.352130e-03   1.979191e+04   1.260493e+02
 1.352750e-03   1.956189e+04   1.502429e+02
 1.353370e-03   1.968052e+04   5.608685e+01
 1.353990e-03   1.944759e+04   3.253501e+02
 1.354610e-03   1.954376e+04   8.203620e+01
 1.355230e-03   1.958883e+04   7.665139e+01
 1.355850e-03   1.957501e+04   7.513185e+01
 1.356470e-03   1.945492e+04   6.912075e+01
 1.357090e-03   1.951069e+04   5.122902e+01
 1.357710e-03   1.951806e+04   6.635312e+01
 1.358330e-03   1.949407e+04   6.970558e+01
 1.358950e-03   1.931646e+04   7.618724e+01
 1.359570e-03   1.947746e+04   1.101303e+02
 1.360190e-03   1.915643e+04   7.267867e+01
 1.360810e-03   1.950107e+04   6.045842e+01
 1.361430e-03   1.911745e+04   1.346066e+02
 1.362050e-03   1.927090e+04   8.479238e+01
 1.362670e-03   1.931101e+04   6.604737e+01
 1.363290e-03   1.900437e+04   8.938577e+01
 1.363910e-03   1.931920e+04   5.312958e+01
 1.364530e-03   1.906255e+04   8.628259e+01
 1.365150e-03   1.915001e+04   8.385012e+01
 1.365770e-03   1.909451e+04   1.604416e+02
 1.366390e-03   1.904846e+04   1.470892e+02
 1.367010e-03   1.910581e+04   1.462783e+02
 1.367630e-03   1.900920e+04   1.294771e+02
 1.368250e-03   1.897427e+04   6.784501e+01
 1.368870e-03   1.880786e+04   1.333837e+02
 1.369490e-03   1.909333e+04   1.696495e+02
 1.370110e-03   1.881604e+04   7.746923e+01
 1.370730e-03   1.894076e+04   9.289111e+01
 1.371350e-03   1.886669e+04   1.118080e+02
 1.371970e-03   1.880109e+04   7.710940e+01
 1.372590e-03   1.871761e+04   4.996312e+01
 1.373210e-03   1.880029e+04   9.880129e+01
 1.373830e-03   1.872656e+04   1.623256e+02
 1.374450e-03   1.875163e+04   1.388494e+02
 1.375070e-03   1.889157e+04   1.427249e+02
 1.375690e-03   1.839053e+04   2.077417e+02
 1.376310e-03   1.869130e+04   1.310519e+02
 1.376930e-03   1.861252e+04   1.227474e+02
 1.377550e-03   1.856618e+04   1.681303e+02
 1.378170e-03   1.875389e+04   1.723116e+02
 1.378790e-03   1.864958e+04   1.447770e+02
 1.379410e-03   1.832661e+04   2.132027e+02
 1.380030e-03   1.824616e+04   1.768914e+02
 1.380650e-03   1.847870e+04   8.887311e+01
 1.381270e-03   1.824270e+04   1.627462e+02
 1.381890e-03   1.859324e+04   1.833153e+02
 1.382510e-03   1.855130e+04   1.390391e+02
 1.383130e-03   1.848361e+04   1.428713e+02
 1.383750e-03   1.858417e+04   1.073468e+02
 1.384370e-03   1.805737e+04   1.952273e+02
 1.384990e-03   1.814705e+04   1.803247e+02
 1.385610e-03   1.848737e+04   1.815175e+02
 1.386230e-03   1.814403e+04   1.358769e+02
 1.386850e-03   1.825395e+04   6.204959e+01
 1.387470e-03   1.832345e+04   1.557844e+02
 1.388090e-03   1.818799e+04   1.328485e+02
 1.388710e-03   1.828654e+04   2.126895e+02
 1.389330e-03   1.784760e+04   2.142996e+02
 1.389950e-03   1.830374e+04   1.622109e+02
 1.390570e-03   1.789319e+04   8.833791e+01
 1.391190e-03   1.807709e+04   1.698051e+02
 1.391810e-03   1.786590e+04   1.480444e+02
 1.392430e-03   1.771069e+04   2.359850e+02
 1.393050e-03   1.804174e+04   1.498037e+02
 1.393670e-03   1.798258e+04   9.403063e+01
 1.394290e-03   1.793726e+04   1.366678e+02
 1.394910e-03   1.799675e+04   1.039597e+02
 1.395530e-03   1.753424e+04   1.651518e+02
 1.396150e-03   1.783043e+04   1.962093e+02
 1.396770e-03   1.745307e+04   1.864462e+02
 1.397390e-03   1.762365e+04   2.026997e+02
 1.398010e-03   1.770076e+04   1.407266e+02
 1.398630e-03   1.769050e+04   1.624351e+02
 1.399250e-03   1.798064e+04   2.269523e+02
 1.399870e-03   1.741231e+04   1.661855e+02
 1.400490e-03   1.781972e+04   7.282067e+01
 1.401110e-03   1.732276e+04   1.146119e+02
 1.401730e-03   1.789749e+04   2.479642e+02
 1.402350e-03   1.735670e+04   2.009391e+02
 1.402970e-03   1.742460e+04   1.264473e+02
 1.403590e-03   1.743676e+04   1.096503e+02
 1.404210e-03   1.747924e+04   1.314609e+02
 1.404830e-03   1.740788e+04   2.049650e+02
 1.405450e-03   1.763420e+04   1.621967e+02
 1.406070e-03   1.730621e+04   1.649578e+02
 1.406690e-03   1.733116e+04   1.761846e+02
 1.407310e-03   1.798454e+04   2.713809e+02
 1.407930e-03   1.740106e+04   1.620207e+02
 1.408550e-03   1.700901e+04   2.304058e+02
 1.409170e-03   1.734294e+04   2.738152e+02
 1.409790e-03   1.742131e+04   1.900584e+02
 1.410410e-03   1.698443e+04   1.876265e+02
 1.411030e-03   1.724087e+04   1.051167e+02
 1.411650e-03   1.710035e+04   2.160861e+02
 1.412270e-03   1.755249e+04   1.718497e+02
 1.412890e-03   1.709532e+04   1.463920e+02
 1.413510e-03   1.680713e+04   2.056192e+02
 1.414130e-03   1.705371e+04   1.090769e+02
 1.414750e-03   1.726416e+04   1.356430e+02
 1.415370e-03   1.710481e+04   1.860598e+02
 1.415990e-03   1.710769e+04   1.799022e+02
 1.416610e-03   1.684120e+04   1.798449e+02
 1.417230e-03   1.706349e+04   1.461197e+02
 1.417850e-03   1.724918e+04   1.795096e+02
 1.418470e-03   1.704627e+04   2.080291e+02
 1.419090e-03   1.672049e+04   1.411402e+02
 1.419710e-03   1.670109e+04   1.825652e+02
 1.420330e-03   1.714370e+04   2.220507e+02
 1.420950e-03   1.714214e+04   1.790078e+02
 1.421570e-03   1.656817e+04   2.044623e+02
 1.422190e-03   1.681416e+04   2.915145e+02
 1.422810e-03   1.700914e+04   1.281502e+02
 1.423430e-03   1.671528e+04   2.307383e+02
 1.424050e-03   1.645507e+04   2.416889e+02
 1.424670e-03   1.682005e+04   2.319275e+02
 1.425290e-03   1.652898e+04   9.283575e+01
 1.425910e-03   1.672543e+04   1.743284e+02
 1.426530e-03   1.691980e+04   2.765107e+02
 1.427150e-03   1.674634e+04   1.575783e+02
 1.427770e-03   1.652895e+04   1.498513e+02
 1.428390e-03   1.658210e+04   2.000586e+02
 1.429010e-03   1.661209e+04   1.492726e+02
 1.429630e-03   1.653552e+04   2.390788e+02
 1.430250e-03   1.670034e+04   1.221598e+02
 1.430870e-03   1.650475e+04   1.441775e+02
 1.431490e-03   1.631027e+04   1.624046e+02
 1.432110e-03   1.634724e+04   9.882108e+01
 1.432730e-03   1.664493e+04   1.618882e+02
 1.433350e-03   1.635079e+04   1.736792e+02
 1.433970e-03   1.632564e+04   1.304876e+02
 1.434590e-03   1.660694e+04   2.687535e+02
 1.435210e-03   1.623494e+04   1.951018e+02
 1.435830e-03   1.634109e+04   2.047446e+02
 1.436450e-03   1.625331e+04   1.137249e+02
 1.437070e-03   1.620965e+04   1.556800e+02
 1.437690e-03   1.630646e+04   1.465927e+02
 1.438310e-03   1.631845e+04   2.332426e+02
 1.438930e-03   1.622629e+04   1.442198e+02
 1.439550e-03   1.616661e+04   1.410558e+02
 1.440170e-03   1.627063e+04   1.386617e+02
 1.440790e-03   1.598886e+04   1.247733e+02
 1.441410e-03   1.622889e+04   1.241867e+02
 1.442030e-03   1.611077e+04   1.503699e+02
 1.442650e-03   1.603856e+04   1.916921e+02
 1.443270e-03   1.590585e+04   1.593727e+02
 1.443890e-03   1.598612e+04   1.882300e+02
 1.444510e-03   1.618983e+04   1.692395e+02
 1.445130e-03   1.555823e+04   2.225976e+02
 1.445750e-03   1.605111e+04   1.134182e+02
 1.446370e-03   1.620428e+04   1.465690e+02
 1.446990e-03   1.592078e+04   1.977416e+02
 1.447610e-03   1.592032e+04   2.111122e+02
 1.448230e-03   1.583149e+04   1.595133e+02
 1.448850e-03   1.594935e+04   1.549031e+02
 1.449470e-03   1.599941e+04   1.831198e+02
 1.450090e-03   1.557495e+04   1.593289e+02
 1.450710e-03   1.578222e+04   1.192351e+02
 1.451330e-03   1.564669e+04   1.861801e+02
 1.451950e-03   1.602571e+04   1.496987e+02
 1.452570e-03   1.570535e+04   9.927184e+01
 1.453190e-03   1.566906e+04   1.495610e+02
 1.453810e-03   1.561194e+04   1.747056e+02
 1.454430e-03   1.569083e+04   1.361236e+02
 1.455050e-03   1.546204e+04   2.208915e+02
 1.455670e-03   1.556341e+04   1.465318e+02
 1.456290e-03   1.555910e+04   1.054478e+02
 1.456910e-03   1.591463e+04   1.694244e+02
 1.457530e-03   1.533208e+04   2.208388e+02
 1.458150e-03   1.548571e+04   1.120716e+02
 1.458770e-03   1.547313e+04   2.365598e+02
 1.459390e-03   1.572195e+04   1.922543e+02
 1.460010e-03   1.548084e+04   1.291711e+02
 1.460630e-03   1.516558e+04   1.065623e+02
 1.461250e-03   1.551799e+04   1.170428e+02
 1.461870e-03   1.518304e+04   1.587699e+02
 1.462490e-03   1.543878e+04   1.021886e+02
 1.463110e-03   1.527727e+04   1.343743e+02
 1.463730e-03   1.533356e+04   9.523624e+01
 1.464350e-03   1.521125e+04   1.662118e+02
 1.464970e-03   1.535744e+04   1.306100e+02
 1.465590e-03   1.523708e+04   8.809381e+01
 1.466210e-03   1.538439e+04   1.312077e+02
 1.466830e-03   1.515619e+04   2.394536e+02
 1.467450e-03   1.542020e+04   8.745621e+01
 1.468070e-03   1.497280e+04   1.567451e+02
 1.468690e-03   1.546860e+04   1.832236e+02
 1.469310e-03   1.526590e+04   2.122435e+02
 1.469930e-03   1.544384e+04   1.719859e+02
 1.470550e-03   1.523886e+04   1.763212e+02
 1.471170e-03   1.497493e+04   2.252154e+02
 1.471790e-03   1.472795e+04   1.324155e+02
 1.472410e-03   1.519496e+04   1.202659e+02
 1.473030e-03   1.516714e+04   1.268485e+02
 1.473650e-03   1.537794e+04   1.693966e+02
 1.474270e-03   1.482440e+04   1.846981e+02
 1.474890e-03   1.501904e+04   1.465101e+02
 1.475510e-03   1.470510e+04   1.657306e+02
 1.476130e-03   1.479948e+04   1.500744e+02
 1.476750e-03   1.487593e+04   2.047249e+02
 1.477370e-03   1.512073e+04   9.677518e+01
 1.477990e-03   1.493937e+04   1.143393e+02
 1.478610e-03   1.444053e+04   2.052570e+02
 1.479230e-03   1.493854e+04   1.964650e+02
 1.479850e-03   1.475028e+04   1.685320e+02
 1.480470e-03   1.462649e+04   2.663755e+02
 1.481090e-03   1.501948e+04   1.593081e+02
 1.481710e-03   1.463357e+04   2.364970e+02
 1.482330e-03   1.479158e+04   1.153587e+02
 1.482950e-03   1.473183e+04   2.145671e+02
 1.483570e-03   1.469707e+04   1.532303e+02
 1.484190e-03   1.465764e+04   1.153540e+02
 1.484810e-03   1.492654e+04   1.976631e+02
 1.485430e-03   1.472590e+04   1.334199e+02
 1.486050e-03   1.459426e+04   6.970799e+01
 1.486670e-03   1.468373e+04   1.224976e+02
 1.487290e-03   1.481436e+04   1.023277e+02
 1.487910e-03   1.453158e+04   1.970147e+02
 1.488530e-03   1.448793e+04   1.790147e+02
 1.489150e-03   1.446958e+04   1.809108e+02
 1.489770e-03   1.417004e+04   1.423829e+02
 1.490390e-03   1.481037e+04   1.468461e+02
 1.491010e-03   1.460480e+04   1.622967e+02
 1.491630e-03   1.447362e+04   1.734031e+02
 1.492250e-03   1.466686e+04   1.557269e+02
 1.492870e-03   1.468210e+04   1.232036e+02
 1.493490e-03   1.414766e+04   1.384159e+02
 1.494110e-03   1.440853e+04   1.486663e+02
 1.494730e-03   1.420773e+04   1.501549e+02
 1.495350e-03   1.435236e+04   2.104099e+02
 1.495970e-03   1.422481e+04   1.606675e+02
 1.496590e-03   1.447009e+04   1.786950e+02
 1.497210e-03   1.437527e+04   1.596399e+02
 1.497830e-03   1.434515e+04   1.487607e+02
 1.498450e-03   1.414514e+04   1.150117e+02
 1.499070e-03   1.412872e+04   1.226671e+02
 1.499690e-03   1.431446e+04   6.908084e+01
 1.500310e-03   1.426018e+04   1.270077e+02
 1.500930e-03   1.409366e+04   1.504849e+02
 1.501550e-03   1.397459e+04   1.336150e+02
 1.502170e-03   1.422846e+04   1.561915e+02
 1.502790e-03   1.419900e+04   1.780099e+02
 1.503410e-03   1.416669e+04   1.586034e+02
 1.504030e-03   1.406611e+04   1.040066e+02
 1.504650e-03   1.406898e+04   1.629767e+02
 1.505270e-03   1.415590e+04   1.170704e+02
 1.505890e-03   1.411580e+04   1.077802e+02
 1.506510e-03   1.399683e+04   8.536700e+01
 1.507130e-03   1.428663e+04   1.467431e+02
 1.507750e-03   1.363698e+04   2.235767e+02
 1.508370e-03   1.400979e+04   1.054019e+02
 1.508990e-03   1.399593e+04   1.633730e+02
 1.509610e-03   1.402231e+04   1.743800e+02
 1.510230e-03   1.423579e+04   1.202588e+02
 1.510850e-03   1.381822e+04   7.747623e+01
 1.511470e-03   1.390051e+04   1.523605e+02
 1.512090e-03   1.334997e+04   2.221671e+02
 1.512710e-03   1.388808e+04   9.022478e+01
 1.513330e-03   1.386858e+04   1.292382e+02
 1.513950e-03   1.385798e+04   1.279320e+02
 1.514570e-03   1.357576e+04   1.443512e+02
 1.515190e-03   1.375901e+04   1.145343e+02
 1.515810e-03   1.368177e+04   1.400854e+02
 1.516430e-03   1.406494e+04   2.321830e+02
 1.517050e-03   1.370717e+04   1.163808e+02
 1.517670e-03   1.378640e+04   1.265881e+02
 1.518290e-03   1.353500e+04   1.160577e+02
 1.518910e-03   1.362890e+04   1.627288e+02
 1.519530e-03   1.380694e+04   1.812691e+02
 1.520150e-03   1.379005e+04   1.218117e+02
 1.520770e-03   1.347858e+04   1.601212e+02
 1.521390e-03   1.359062e+04   2.119652e+02
 1.522010e-03   1.358010e+04   1.246942e+02
 1.522630e-03   1.336283e+04   1.030529e+02
 1.523250e-03   1.367627e+04   1.303381e+02
 1.523870e-03   1.338932e+04   1.254239e+02
 1.524490e-03   1.341862e+04   1.676162e+02
 1.525110e-03   1.334917e+04   1.040819e+02
 1.525730e-03   1.328037e+04   2.283518e+02
 1.526350e-03   1.341934e+04   1.048622e+02
 1.526970e-03   1.352878e+04   1.487587e+02
 1.527590e-03   1.307614e+04   1.557425e+02
 1.528210e-03   1.360514e+04   1.179002e+02
 1.528830e-03   1.343928e+04   7.826002e+01
 1.529450e-03   1.357505e+04   1.095294e+02
 1.530070e-03   1.310460e+04   1.495902e+02
 1.530690e-03   1.311699e+04   1.368493e+02
 1.531310e-03   1.365898e+04   1.373874e+02
 1.531930e-03   1.354201e+04   1.307592e+02
 1.532550e-03   1.335324e+04   8.595875e+01
 1.533170e-03   1.316458e+04   1.238403e+02
 1.533790e-03   1.326586e+04   1.672716e+02
 1.534410e-03   1.326020e+04   1.227670e+02
 1.535030e-03   1.322710e+04   1.278526e+02
 1.535650e-03   1.324062e+04   1.282797e+02
 1.536270e-03   1.310943e+04   1.126912e+02
 1.536890e-03   1.304041e+04   1.280106e+02
 1.537510e-03   1.300514e+04   1.260341e+02
 1.538130e-03   1.286057e+04   1.642627e+02
 1.538750e-03   1.297439e+04   7.761641e+01
 1.539370e-03   1.341930e+04   1.490260e+02
 1.539990e-03   1.318144e+04   1.430620e+02
 1.540610e-03   1.305325e+04   1.124727e+02
 1.541230e-03   1.285463e+04   1.371564e+02
 1.541850e-03   1.324732e+04   1.228512e+02
 1.542470e-03   1.304987e+04   1.245552e+02
 1.543090e-03   1.342735e+04   1.816227e+02
 1.543710e-03   1.302576e+04   1.545786e+02
 1.544330e-03   1.289721e+04   9.587145e+01
 1.544950e-03   1.266531e+04   1.675285e+02
 1.545570e-03   1.314172e+04   1.353838e+02
 1.546190e-03   1.258796e+04   2.090540e+02
 1.546810e-03   1.260203e+04   1.408361e+02
 1.547430e-03   1.298677e+04   1.300756e+02
 1.548050e-03   1.312969e+04   1.732470e+02
 1.548670e-03   1.279999e+04   1.422608e+02
 1.549290e-03   1.297060e+04   1.255321e+02
 1.549910e-03   1.282694e+04   1.944498e+02
 1.550530e-03   1.288521e+04   1.869598e+02
 1.551150e-03   1.267374e+04   1.030844e+02
 1.551770e-03   1.261459e+04   1.523441e+02
 1.552390e-03   1.281846e+04   1.279319e+02
 1.553010e-03   1.272201e+04   1.048255e+02
 1.553630e-03   1.273581e+04   1.763834e+02
 1.554250e-03   1.263215e+04   1.279914e+02
 1.554870e-03   1.259009e+04   1.369685e+02
 1.555490e-03   1.283514e+04   1.496741e+02
 1.556110e-03   1.266829e+04   1.705649e+02
 1.556730e-03   1.257374e+04   7.942671e+01
 1.557350e-03   1.255171e+04   1.443975e+02
 1.557970e-03   1.259992e+04   9.812672e+01
 1.558590e-03   1.252729e+04   1.050847e+02
 1.559210e-03   1.255252e+04   9.137797e+01
 1.559830e-03   1.271494e+04   1.978972e+02
 1.560450e-03   1.237310e+04   1.495415e+02
 1.561070e-03   1.255602e+04   9.730639e+01
 1.561690e-03   1.248790e+04   8.440205e+01
 1.562310e-03   1.241650e+04   1.482228e+02
 1.562930e-03   1.271082e+04   8.393553e+01
 1.563550e-03   1.255849e+04   1.126923e+02
 1.564170e-03   1.234236e+04   1.858358e+02
 1.564790e-03   1.265058e+04   1.792500e+02
 1.565410e-03   1.238343e+04   1.515689e+02
 1.566030e-03   1.227951e+04   1.501841e+02
 1.566650e-03   1.221122e+04   1.455052e+02
 1.567270e-03   1.237295e+04   1.735483e+02
 1.567890e-03   1.249970e+04   2.200503e+02
 1.568510e-03   1.233458e+04   1.218874e+02
 1.569130e-03   1.234873e+04   1.313907e+02
 1.569750e-03   1.221120e+04   1.051545e+02
 1.570370e-03   1.221456e+04   1.131790e+02
 1.570990e-03   1.216142e+04   1.068195e+02
 1.571610e-03   1.243437e+04   1.995096e+02
 1.572230e-03   1.210978e+04   1.040147e+02
 1.572850e-03   1.207635e+04   1.411627e+02
 1.573470e-03   1.219123e+04   1.612623e+02
 1.574090e-03   1.201357e+04   1.027163e+02
 1.574710e-03   1.239612e+04   9.822395e+01
 1.575330e-03   1.222731e+04   1.289251e+02
 1.575950e-03   1.195689e+04   1.635229e+02
 1.576570e-03   1.236628e+04   1.355287e+02
 1.577190e-03   1.209099e+04   1.147497e+02
 1.577810e-03   1.227319e+04   9.864627e+01
 1.578430e-03   1.175516e+04   1.549764e+02
 1.579050e-03   1.195145e+04   9.243609e+01
 1.579670e-03   1.226592e+04   1.652728e+02
 1.580290e-03   1.220440e+04   8.697996e+01
 1.580910e-03   1.206787e+04   1.411120e+02
 1.581530e-03   1.185796e+04   1.254517e+02
 1.582150e-03   1.194606e+04   9.803104e+01
 1.582770e-03   1.197311e+04   2.089129e+02
 1.583390e-03   1.223588e+04   1.240924e+02
 1.584010e-03   1.212116e+04   1.910426e+02
 1.584630e-03   1.177285e+04   1.581492e+02
 1.585250e-03   1.193196e+04   1.692172e+02
 1.585870e-03   1.184801e+04   9.336961e+01
 1.586490e-03   1.186306e+04   1.038391e+02
 1.587110e-03   1.189495e+04   1.095299e+02
 1.587730e-03   1.172696e+04   1.534180e+02
 1.588350e-03   1.193144e+04   1.172155e+02
 1.588970e-03   1.201005e+04   1.743189e+02
 1.589590e-03   1.187824e+04   1.225599e+02
 1.590210e-03   1.168615e+04   1.165379e+02
 1.590830e-03   1.174114e+04   7.171050e+01
 1.591450e-03   1.168945e+04   7.916092e+01
 1.592070e-03   1.177606e+04   1.164778e+02
 1.592690e-03   1.186628e+04   9.565357e+01
 1.593310e-03   1.163737e+04   1.222014e+02
 1.593930e-03   1.164448e+04   1.187120e+02
 1.594550e-03   1.202688e+04   1.717293e+02
 1.595170e-03   1.160480e+04   1.521112e+02
 1.595790e-03   1.171580e+04   8.747336e+01
 1.596410e-03   1.164788e+04   8.665861e+01
 1.597030e-03   1.143425e+04   8.974228e+01
 1.597650e-03   1.163512e+04   9.431518e+01
 1.598270e-03   1.161926e+04   8.734380e+01
 1.598890e-03   1.166216e+04   1.410940e+02
 1.599510e-03   1.154250e+04   1.014308e+02
 1.600130e-03   1.184949e+04   1.536205e+02
 1.600750e-03   1.155232e+04   9.449243e+01
 1.601370e-03   1.167817e+04   8.895393e+01
 1.601990e-03   1.149937e+04   1.050403e+02
 1.602610e-03   1.146642e+04   5.266493e+01
 1.603230e-03   1.148063e+04   7.019312e+01
 1.603850e-03   1.148414e+04   1.314478e+02
 1.604470e-03   1.144974e+04   7.851024e+01
 1.605090e-03   1.157804e+04   6.139099e+01
 1.605710e-03   1.132978e+04   7.862482e+01
 1.606330e-03   1.145114e+04   8.375998e+01
 1.606950e-03   1.142898e+04   4.483409e+01
 1.607570e-03   1.155028e+04   4.920170e+01
 1.608190e-03   1.121373e+04   9.033899e+01
 1.608810e-03   1.136792e+04   8.769898e+01
 1.609430e-03   1.132977e+04   1.060052e+02
 1.610050e-03   1.145600e+04   7.950312e+01
 1.610670e-03   1.131072e+04   9.628132e+01
 1.611290e-03   1.134386e+04   9.833151e+01
 1.611910e-03   1.124789e+04   4.818489e+01
 1.612530e-03   1.125850e+04   4.181628e+01
 1.613150e-03   1.140353e+04   6.373077e+01
 1.613770e-03   1.082793e+04   2.892449e+02
 1.614390e-03   1.117524e+04   2.246020e+02
 1.615010e-03   1.086601e+04   2.644744e+02
 1.615630e-03   1.144128e+04   8.643660e+01
 1.616250e-03   1.114882e+04   1.611939e+02
 1.616870e-03   1.112157e+04   1.383006e+02
 1.617490e-03   1.123922e+04   2.353985e+02
 1.618110e-03   1.103096e+04   8.276317e+01
 1.618730e-03   1.122951e+04   6.402575e+01
 1.619350e-03   1.098917e+04   2.059184e+02
 1.619970e-03   1.105083e+04   9.097055e+01
 1.620590e-03   1.104115e+04   2.238636e+02
 1.621210e-03   1.101212e+04   1.967474e+02
 1.621830e-03   1.101006e+04   9.097024e+01
 1.622450e-03   1.124880e+04   1.182971e+02
 1.623070e-03   1.132755e+04   1.048233e+02
 1.623690e-03   1.100197e+04   2.382264e+02
 1.624310e-03   1.090005e+04   1.558883e+02
 1.624930e-03   1.103240e+04   1.419613e+02
 1.625550e-03   1.113798e+04   1.644986e+02
 1.626170e-03   1.095432e+04   1.387955e+02
 1.626790e-03   1.085776e+04   7.891016e+01
 1.627410e-03   1.096107e+04   4.576363e+01
 1.628030e-03   1.087306e+04   8.232735e+01
 1.628650e-03   1.097727e+04   7.240928e+01
 1.629270e-03   1.100187e+04   8.119140e+01
 1.629890e-03   1.098470e+04   5.360022e+01
 1.630510e-03   1.094393e+04   6.602528e+01
 1.631130e-03   1.077994e+04   4.974889e+01
 1.631750e-03   1.083398e+04   8.211002e+01
 1.632370e-03   1.087125e+04   7.063823e+01
 1.632990e-03   1.087424e+04   3.578406e+01
 1.633610e-03   1.082452e+04   3.170985e+01
 1.634230e-03   1.085781e+04   3.736262e+01
 1.634850e-03   1.078970e+04   4.110281e+01
 1.635470e-03   1.077323e+04   6.701808e+01
 1.636090e-03   1.078105e+04   5.073859e+01
 1.636710e-03   1.077891e+04   5.716360e+01
 1.637330e-03   9.985657e+03   5.277589e+02
 1.637950e-03   8.132044e+03   9.967431e+02
 1.638570e-03   7.846882e+03   1.083338e+03
 1.639190e-03   7.970815e+03   1.089757e+03
 1.639810e-03   7.338562e+03   1.205203e+03
 1.640430e-03   7.738068e+03   1.574791e+03
 1.641050e-03   7.435537e+03   1.171656e+03
 1.641670e-03   7.232330e+03   1.552782e+03
 1.642290e-03   7.914142e+03   1.776899e+03
 1.642910e-03   7.511091e+03   1.407457e+03
 1.643530e-03   6.115365e+03   1.196975e+03
 1.644150e-03   6.827360e+03   1.263083e+03
 1.644770e-03   6.104049e+03   1.144692e+03
 1.645390e-03   6.909111e+03   1.373358e+03
 1.646010e-03   5.782749e+03   1.120520e+03
 1.646630e-03   6.872221e+03   1.617860e+03
 1.647250e-03   7.283770e+03   1.612709e+03
 1.647870e-03   5.887699e+03   1.090099e+03
 1.648490e-03   6.067221e+03   1.112490e+03
 1.649110e-03   6.359558e+03   1.314798e+03
 1.649730e-03   5.357387e+03   1.101560e+03
 1.650350e-03   0.000000e+00   0.000000e+00
 1.650970e-03   0.000000e+00   0.000000e+00
 1.651590e-03   0.000000e+00   0.000000e+00
 1.652210e-03   0.000000e+00   0.000000e+00
 1.652830e-03   0.000000e+00   0.000000e+00
 1.653450e-03   0.000000e+00   0.000000e+00
 1.654070e-03   0.000000e+00   0.000000e+00
 1.654690e-03   0.000000e+00   0.000000e+00
 inf   0.000000e+00   0.000000e+00
