th3_lab bin centers    value    Error 
-inf   0.000000e+00   0.000000e+00
 3.017000e-04   0.000000e+00   0.000000e+00
 3.051000e-04   0.000000e+00   0.000000e+00
 3.085000e-04   0.000000e+00   0.000000e+00
 3.119000e-04   0.000000e+00   0.000000e+00
 3.153000e-04   0.000000e+00   0.000000e+00
 3.187000e-04   0.000000e+00   0.000000e+00
 3.221000e-04   0.000000e+00   0.000000e+00
 3.255000e-04   0.000000e+00   0.000000e+00
 3.289000e-04   0.000000e+00   0.000000e+00
 3.323000e-04   0.000000e+00   0.000000e+00
 3.357000e-04   0.000000e+00   0.000000e+00
 3.391000e-04   0.000000e+00   0.000000e+00
 3.425000e-04   0.000000e+00   0.000000e+00
 3.459000e-04   0.000000e+00   0.000000e+00
 3.493000e-04   0.000000e+00   0.000000e+00
 3.527000e-04   0.000000e+00   0.000000e+00
 3.561000e-04   0.000000e+00   0.000000e+00
 3.595000e-04   0.000000e+00   0.000000e+00
 3.629000e-04   0.000000e+00   0.000000e+00
 3.663000e-04   0.000000e+00   0.000000e+00
 3.697000e-04   0.000000e+00   0.000000e+00
 3.731000e-04   0.000000e+00   0.000000e+00
 3.765000e-04   0.000000e+00   0.000000e+00
 3.799000e-04   0.000000e+00   0.000000e+00
 3.833000e-04   0.000000e+00   0.000000e+00
 3.867000e-04   0.000000e+00   0.000000e+00
 3.901000e-04   0.000000e+00   0.000000e+00
 3.935000e-04   0.000000e+00   0.000000e+00
 3.969000e-04   0.000000e+00   0.000000e+00
 4.003000e-04   0.000000e+00   0.000000e+00
 4.037000e-04   0.000000e+00   0.000000e+00
 4.071000e-04   0.000000e+00   0.000000e+00
 4.105000e-04   0.000000e+00   0.000000e+00
 4.139000e-04   0.000000e+00   0.000000e+00
 4.173000e-04   0.000000e+00   0.000000e+00
 4.207000e-04   0.000000e+00   0.000000e+00
 4.241000e-04   0.000000e+00   0.000000e+00
 4.275000e-04   0.000000e+00   0.000000e+00
 4.309000e-04   0.000000e+00   0.000000e+00
 4.343000e-04   0.000000e+00   0.000000e+00
 4.377000e-04   0.000000e+00   0.000000e+00
 4.411000e-04   0.000000e+00   0.000000e+00
 4.445000e-04   0.000000e+00   0.000000e+00
 4.479000e-04   0.000000e+00   0.000000e+00
 4.513000e-04   0.000000e+00   0.000000e+00
 4.547000e-04   0.000000e+00   0.000000e+00
 4.581000e-04   0.000000e+00   0.000000e+00
 4.615000e-04   0.000000e+00   0.000000e+00
 4.649000e-04   0.000000e+00   0.000000e+00
 4.683000e-04   0.000000e+00   0.000000e+00
 4.717000e-04   0.000000e+00   0.000000e+00
 4.751000e-04   0.000000e+00   0.000000e+00
 4.785000e-04   0.000000e+00   0.000000e+00
 4.819000e-04   0.000000e+00   0.000000e+00
 4.853000e-04   0.000000e+00   0.000000e+00
 4.887000e-04   0.000000e+00   0.000000e+00
 4.921000e-04   0.000000e+00   0.000000e+00
 4.955000e-04   0.000000e+00   0.000000e+00
 4.989000e-04   0.000000e+00   0.000000e+00
 5.023000e-04   0.000000e+00   0.000000e+00
 5.057000e-04   0.000000e+00   0.000000e+00
 5.091000e-04   0.000000e+00   0.000000e+00
 5.125000e-04   0.000000e+00   0.000000e+00
 5.159000e-04   0.000000e+00   0.000000e+00
 5.193000e-04   0.000000e+00   0.000000e+00
 5.227000e-04   0.000000e+00   0.000000e+00
 5.261000e-04   0.000000e+00   0.000000e+00
 5.295000e-04   0.000000e+00   0.000000e+00
 5.329000e-04   0.000000e+00   0.000000e+00
 5.363000e-04   0.000000e+00   0.000000e+00
 5.397000e-04   0.000000e+00   0.000000e+00
 5.431000e-04   0.000000e+00   0.000000e+00
 5.465000e-04   0.000000e+00   0.000000e+00
 5.499000e-04   0.000000e+00   0.000000e+00
 5.533000e-04   0.000000e+00   0.000000e+00
 5.567000e-04   0.000000e+00   0.000000e+00
 5.601000e-04   0.000000e+00   0.000000e+00
 5.635000e-04   0.000000e+00   0.000000e+00
 5.669000e-04   0.000000e+00   0.000000e+00
 5.703000e-04   0.000000e+00   0.000000e+00
 5.737000e-04   0.000000e+00   0.000000e+00
 5.771000e-04   0.000000e+00   0.000000e+00
 5.805000e-04   0.000000e+00   0.000000e+00
 5.839000e-04   0.000000e+00   0.000000e+00
 5.873000e-04   0.000000e+00   0.000000e+00
 5.907000e-04   0.000000e+00   0.000000e+00
 5.941000e-04   0.000000e+00   0.000000e+00
 5.975000e-04   0.000000e+00   0.000000e+00
 6.009000e-04   0.000000e+00   0.000000e+00
 6.043000e-04   0.000000e+00   0.000000e+00
 6.077000e-04   0.000000e+00   0.000000e+00
 6.111000e-04   0.000000e+00   0.000000e+00
 6.145000e-04   0.000000e+00   0.000000e+00
 6.179000e-04   0.000000e+00   0.000000e+00
 6.213000e-04   0.000000e+00   0.000000e+00
 6.247000e-04   0.000000e+00   0.000000e+00
 6.281000e-04   0.000000e+00   0.000000e+00
 6.315000e-04   0.000000e+00   0.000000e+00
 6.349000e-04   0.000000e+00   0.000000e+00
 6.383000e-04   0.000000e+00   0.000000e+00
 6.417000e-04   0.000000e+00   0.000000e+00
 6.451000e-04   0.000000e+00   0.000000e+00
 6.485000e-04   0.000000e+00   0.000000e+00
 6.519000e-04   0.000000e+00   0.000000e+00
 6.553000e-04   0.000000e+00   0.000000e+00
 6.587000e-04   0.000000e+00   0.000000e+00
 6.621000e-04   0.000000e+00   0.000000e+00
 6.655000e-04   0.000000e+00   0.000000e+00
 6.689000e-04   0.000000e+00   0.000000e+00
 6.723000e-04   0.000000e+00   0.000000e+00
 6.757000e-04   0.000000e+00   0.000000e+00
 6.791000e-04   0.000000e+00   0.000000e+00
 6.825000e-04   0.000000e+00   0.000000e+00
 6.859000e-04   0.000000e+00   0.000000e+00
 6.893000e-04   0.000000e+00   0.000000e+00
 6.927000e-04   0.000000e+00   0.000000e+00
 6.961000e-04   0.000000e+00   0.000000e+00
 6.995000e-04   0.000000e+00   0.000000e+00
 7.029000e-04   0.000000e+00   0.000000e+00
 7.063000e-04   0.000000e+00   0.000000e+00
 7.097000e-04   0.000000e+00   0.000000e+00
 7.131000e-04   0.000000e+00   0.000000e+00
 7.165000e-04   0.000000e+00   0.000000e+00
 7.199000e-04   0.000000e+00   0.000000e+00
 7.233000e-04   0.000000e+00   0.000000e+00
 7.267000e-04   0.000000e+00   0.000000e+00
 7.301000e-04   0.000000e+00   0.000000e+00
 7.335000e-04   0.000000e+00   0.000000e+00
 7.369000e-04   0.000000e+00   0.000000e+00
 7.403000e-04   0.000000e+00   0.000000e+00
 7.437000e-04   0.000000e+00   0.000000e+00
 7.471000e-04   0.000000e+00   0.000000e+00
 7.505000e-04   0.000000e+00   0.000000e+00
 7.539000e-04   0.000000e+00   0.000000e+00
 7.573000e-04   0.000000e+00   0.000000e+00
 7.607000e-04   0.000000e+00   0.000000e+00
 7.641000e-04   0.000000e+00   0.000000e+00
 7.675000e-04   0.000000e+00   0.000000e+00
 7.709000e-04   0.000000e+00   0.000000e+00
 7.743000e-04   0.000000e+00   0.000000e+00
 7.777000e-04   0.000000e+00   0.000000e+00
 7.811000e-04   0.000000e+00   0.000000e+00
 7.845000e-04   0.000000e+00   0.000000e+00
 7.879000e-04   0.000000e+00   0.000000e+00
 7.913000e-04   0.000000e+00   0.000000e+00
 7.947000e-04   0.000000e+00   0.000000e+00
 7.981000e-04   0.000000e+00   0.000000e+00
 8.015000e-04   0.000000e+00   0.000000e+00
 8.049000e-04   0.000000e+00   0.000000e+00
 8.083000e-04   0.000000e+00   0.000000e+00
 8.117000e-04   0.000000e+00   0.000000e+00
 8.151000e-04   0.000000e+00   0.000000e+00
 8.185000e-04   0.000000e+00   0.000000e+00
 8.219000e-04   0.000000e+00   0.000000e+00
 8.253000e-04   0.000000e+00   0.000000e+00
 8.287000e-04   0.000000e+00   0.000000e+00
 8.321000e-04   0.000000e+00   0.000000e+00
 8.355000e-04   0.000000e+00   0.000000e+00
 8.389000e-04   0.000000e+00   0.000000e+00
 8.423000e-04   0.000000e+00   0.000000e+00
 8.457000e-04   0.000000e+00   0.000000e+00
 8.491000e-04   0.000000e+00   0.000000e+00
 8.525000e-04   0.000000e+00   0.000000e+00
 8.559000e-04   0.000000e+00   0.000000e+00
 8.593000e-04   0.000000e+00   0.000000e+00
 8.627000e-04   0.000000e+00   0.000000e+00
 8.661000e-04   0.000000e+00   0.000000e+00
 8.695000e-04   0.000000e+00   0.000000e+00
 8.729000e-04   0.000000e+00   0.000000e+00
 8.763000e-04   0.000000e+00   0.000000e+00
 8.797000e-04   0.000000e+00   0.000000e+00
 8.831000e-04   0.000000e+00   0.000000e+00
 8.865000e-04   0.000000e+00   0.000000e+00
 8.899000e-04   0.000000e+00   0.000000e+00
 8.933000e-04   0.000000e+00   0.000000e+00
 8.967000e-04   0.000000e+00   0.000000e+00
 9.001000e-04   0.000000e+00   0.000000e+00
 9.035000e-04   0.000000e+00   0.000000e+00
 9.069000e-04   0.000000e+00   0.000000e+00
 9.103000e-04   0.000000e+00   0.000000e+00
 9.137000e-04   0.000000e+00   0.000000e+00
 9.171000e-04   0.000000e+00   0.000000e+00
 9.205000e-04   0.000000e+00   0.000000e+00
 9.239000e-04   0.000000e+00   0.000000e+00
 9.273000e-04   0.000000e+00   0.000000e+00
 9.307000e-04   0.000000e+00   0.000000e+00
 9.341000e-04   0.000000e+00   0.000000e+00
 9.375000e-04   0.000000e+00   0.000000e+00
 9.409000e-04   0.000000e+00   0.000000e+00
 9.443000e-04   0.000000e+00   0.000000e+00
 9.477000e-04   0.000000e+00   0.000000e+00
 9.511000e-04   0.000000e+00   0.000000e+00
 9.545000e-04   0.000000e+00   0.000000e+00
 9.579000e-04   0.000000e+00   0.000000e+00
 9.613000e-04   0.000000e+00   0.000000e+00
 9.647000e-04   0.000000e+00   0.000000e+00
 9.681000e-04   0.000000e+00   0.000000e+00
 9.715000e-04   0.000000e+00   0.000000e+00
 9.749000e-04   0.000000e+00   0.000000e+00
 9.783000e-04   0.000000e+00   0.000000e+00
 9.817000e-04   0.000000e+00   0.000000e+00
 9.851000e-04   0.000000e+00   0.000000e+00
 9.885000e-04   0.000000e+00   0.000000e+00
 9.919000e-04   0.000000e+00   0.000000e+00
 9.953000e-04   0.000000e+00   0.000000e+00
 9.987000e-04   0.000000e+00   0.000000e+00
 1.002100e-03   0.000000e+00   0.000000e+00
 1.005500e-03   0.000000e+00   0.000000e+00
 1.008900e-03   0.000000e+00   0.000000e+00
 1.012300e-03   0.000000e+00   0.000000e+00
 1.015700e-03   0.000000e+00   0.000000e+00
 1.019100e-03   0.000000e+00   0.000000e+00
 1.022500e-03   0.000000e+00   0.000000e+00
 1.025900e-03   0.000000e+00   0.000000e+00
 1.029300e-03   0.000000e+00   0.000000e+00
 1.032700e-03   0.000000e+00   0.000000e+00
 1.036100e-03   0.000000e+00   0.000000e+00
 1.039500e-03   0.000000e+00   0.000000e+00
 1.042900e-03   0.000000e+00   0.000000e+00
 1.046300e-03   0.000000e+00   0.000000e+00
 1.049700e-03   0.000000e+00   0.000000e+00
 1.053100e-03   0.000000e+00   0.000000e+00
 1.056500e-03   0.000000e+00   0.000000e+00
 1.059900e-03   0.000000e+00   0.000000e+00
 1.063300e-03   0.000000e+00   0.000000e+00
 1.066700e-03   0.000000e+00   0.000000e+00
 1.070100e-03   0.000000e+00   0.000000e+00
 1.073500e-03   0.000000e+00   0.000000e+00
 1.076900e-03   0.000000e+00   0.000000e+00
 1.080300e-03   0.000000e+00   0.000000e+00
 1.083700e-03   0.000000e+00   0.000000e+00
 1.087100e-03   0.000000e+00   0.000000e+00
 1.090500e-03   0.000000e+00   0.000000e+00
 1.093900e-03   0.000000e+00   0.000000e+00
 1.097300e-03   0.000000e+00   0.000000e+00
 1.100700e-03   0.000000e+00   0.000000e+00
 1.104100e-03   0.000000e+00   0.000000e+00
 1.107500e-03   0.000000e+00   0.000000e+00
 1.110900e-03   0.000000e+00   0.000000e+00
 1.114300e-03   0.000000e+00   0.000000e+00
 1.117700e-03   0.000000e+00   0.000000e+00
 1.121100e-03   0.000000e+00   0.000000e+00
 1.124500e-03   0.000000e+00   0.000000e+00
 1.127900e-03   0.000000e+00   0.000000e+00
 1.131300e-03   0.000000e+00   0.000000e+00
 1.134700e-03   0.000000e+00   0.000000e+00
 1.138100e-03   0.000000e+00   0.000000e+00
 1.141500e-03   0.000000e+00   0.000000e+00
 1.144900e-03   0.000000e+00   0.000000e+00
 1.148300e-03   0.000000e+00   0.000000e+00
 1.151700e-03   0.000000e+00   0.000000e+00
 1.155100e-03   0.000000e+00   0.000000e+00
 1.158500e-03   0.000000e+00   0.000000e+00
 1.161900e-03   0.000000e+00   0.000000e+00
 1.165300e-03   0.000000e+00   0.000000e+00
 1.168700e-03   0.000000e+00   0.000000e+00
 1.172100e-03   0.000000e+00   0.000000e+00
 1.175500e-03   0.000000e+00   0.000000e+00
 1.178900e-03   0.000000e+00   0.000000e+00
 1.182300e-03   0.000000e+00   0.000000e+00
 1.185700e-03   0.000000e+00   0.000000e+00
 1.189100e-03   0.000000e+00   0.000000e+00
 1.192500e-03   0.000000e+00   0.000000e+00
 1.195900e-03   0.000000e+00   0.000000e+00
 1.199300e-03   0.000000e+00   0.000000e+00
 1.202700e-03   0.000000e+00   0.000000e+00
 1.206100e-03   0.000000e+00   0.000000e+00
 1.209500e-03   0.000000e+00   0.000000e+00
 1.212900e-03   0.000000e+00   0.000000e+00
 1.216300e-03   0.000000e+00   0.000000e+00
 1.219700e-03   0.000000e+00   0.000000e+00
 1.223100e-03   0.000000e+00   0.000000e+00
 1.226500e-03   0.000000e+00   0.000000e+00
 1.229900e-03   0.000000e+00   0.000000e+00
 1.233300e-03   0.000000e+00   0.000000e+00
 1.236700e-03   0.000000e+00   0.000000e+00
 1.240100e-03   0.000000e+00   0.000000e+00
 1.243500e-03   0.000000e+00   0.000000e+00
 1.246900e-03   0.000000e+00   0.000000e+00
 1.250300e-03   0.000000e+00   0.000000e+00
 1.253700e-03   0.000000e+00   0.000000e+00
 1.257100e-03   0.000000e+00   0.000000e+00
 1.260500e-03   0.000000e+00   0.000000e+00
 1.263900e-03   0.000000e+00   0.000000e+00
 1.267300e-03   0.000000e+00   0.000000e+00
 1.270700e-03   0.000000e+00   0.000000e+00
 1.274100e-03   0.000000e+00   0.000000e+00
 1.277500e-03   0.000000e+00   0.000000e+00
 1.280900e-03   0.000000e+00   0.000000e+00
 1.284300e-03   0.000000e+00   0.000000e+00
 1.287700e-03   0.000000e+00   0.000000e+00
 1.291100e-03   0.000000e+00   0.000000e+00
 1.294500e-03   0.000000e+00   0.000000e+00
 1.297900e-03   0.000000e+00   0.000000e+00
 1.301300e-03   0.000000e+00   0.000000e+00
 1.304700e-03   0.000000e+00   0.000000e+00
 1.308100e-03   0.000000e+00   0.000000e+00
 1.311500e-03   0.000000e+00   0.000000e+00
 1.314900e-03   0.000000e+00   0.000000e+00
 1.318300e-03   0.000000e+00   0.000000e+00
 1.321700e-03   0.000000e+00   0.000000e+00
 1.325100e-03   0.000000e+00   0.000000e+00
 1.328500e-03   0.000000e+00   0.000000e+00
 1.331900e-03   0.000000e+00   0.000000e+00
 1.335300e-03   0.000000e+00   0.000000e+00
 1.338700e-03   0.000000e+00   0.000000e+00
 1.342100e-03   0.000000e+00   0.000000e+00
 1.345500e-03   0.000000e+00   0.000000e+00
 1.348900e-03   3.471471e+03   6.754331e+01
 1.352300e-03   1.976227e+04   9.787263e+01
 1.355700e-03   1.958279e+04   2.791477e+01
 1.359100e-03   1.937985e+04   8.360246e+00
 1.362500e-03   1.924574e+04   1.385537e+01
 1.365900e-03   1.905788e+04   3.210578e+01
 1.369300e-03   1.894126e+04   2.873209e+01
 1.372700e-03   1.877721e+04   2.591713e+01
 1.376100e-03   1.865309e+04   2.998290e+01
 1.379500e-03   1.852024e+04   2.838011e+01
 1.382900e-03   1.827039e+04   5.406706e+01
 1.386300e-03   1.826562e+04   3.241681e+01
 1.389700e-03   1.809434e+04   2.900932e+01
 1.393100e-03   1.792277e+04   1.944044e+01
 1.396500e-03   1.778371e+04   3.107131e+01
 1.399900e-03   1.768129e+04   4.312708e+01
 1.403300e-03   1.755825e+04   2.502738e+01
 1.406700e-03   1.738246e+04   4.405822e+01
 1.410100e-03   1.731930e+04   5.432108e+01
 1.413500e-03   1.711782e+04   3.576690e+01
 1.416900e-03   1.701064e+04   2.477587e+01
 1.420300e-03   1.688773e+04   3.979674e+01
 1.423700e-03   1.670489e+04   8.033312e+01
 1.427100e-03   1.662303e+04   4.388255e+01
 1.430500e-03   1.661568e+04   5.103029e+01
 1.433900e-03   1.634668e+04   4.375094e+01
 1.437300e-03   1.624219e+04   8.262390e+01
 1.440700e-03   1.619550e+04   4.712378e+01
 1.444100e-03   1.599476e+04   3.620344e+01
 1.447500e-03   1.598588e+04   6.180059e+01
 1.450900e-03   1.574052e+04   7.767593e+01
 1.454300e-03   1.571085e+04   9.316365e+01
 1.457700e-03   1.548654e+04   3.668419e+01
 1.461100e-03   1.551522e+04   3.080592e+01
 1.464500e-03   1.534129e+04   3.440198e+01
 1.467900e-03   1.515113e+04   4.642017e+01
 1.471300e-03   1.509424e+04   3.322301e+01
 1.474700e-03   1.497478e+04   4.357952e+01
 1.478100e-03   1.492769e+04   3.825293e+01
 1.481500e-03   1.475340e+04   4.538168e+01
 1.484900e-03   1.475135e+04   8.191871e+01
 1.488300e-03   1.456425e+04   2.283581e+01
 1.491700e-03   1.454503e+04   5.137412e+01
 1.495100e-03   1.433863e+04   1.670570e+01
 1.498500e-03   1.417392e+04   6.284546e+01
 1.501900e-03   1.404348e+04   5.151794e+01
 1.505300e-03   1.409996e+04   3.480694e+01
 1.508700e-03   1.395077e+04   3.891809e+01
 1.512100e-03   1.388440e+04   2.023811e+01
 1.515500e-03   1.369889e+04   4.145574e+01
 1.518900e-03   1.369735e+04   4.671594e+01
 1.522300e-03   1.355534e+04   4.037746e+01
 1.525700e-03   1.352587e+04   7.711704e+01
 1.529100e-03   1.342703e+04   3.669869e+01
 1.532500e-03   1.324567e+04   4.542871e+01
 1.535900e-03   1.312977e+04   4.478060e+01
 1.539300e-03   1.314675e+04   6.807774e+01
 1.542700e-03   1.306929e+04   4.744089e+01
 1.546100e-03   1.283289e+04   4.044729e+01
 1.549500e-03   1.287567e+04   3.158552e+01
 1.552900e-03   1.273407e+04   2.132226e+01
 1.556300e-03   1.264117e+04   4.973131e+01
 1.559700e-03   1.260136e+04   7.452021e+01
 1.563100e-03   1.244790e+04   6.358472e+01
 1.566500e-03   1.240939e+04   5.912466e+01
 1.569900e-03   1.230288e+04   5.507679e+01
 1.573300e-03   1.221921e+04   3.170446e+01
 1.576700e-03   1.224397e+04   6.094295e+01
 1.580100e-03   1.200471e+04   2.659679e+01
 1.583500e-03   1.193161e+04   2.953084e+01
 1.586900e-03   1.191970e+04   2.666478e+01
 1.590300e-03   1.179610e+04   2.476718e+01
 1.593700e-03   1.174404e+04   3.268094e+01
 1.597100e-03   1.166152e+04   3.537016e+01
 1.600500e-03   1.155785e+04   8.216672e+00
 1.603900e-03   1.150022e+04   1.428870e+01
 1.607300e-03   1.143500e+04   1.569750e+01
 1.610700e-03   1.132298e+04   1.535612e+01
 1.614100e-03   1.125776e+04   1.640372e+01
 1.617500e-03   1.120923e+04   1.473242e+01
 1.620900e-03   1.109313e+04   1.344829e+01
 1.624300e-03   1.105054e+04   1.857413e+01
 1.627700e-03   1.089603e+04   4.581916e+01
 1.631100e-03   1.090180e+04   3.894555e+01
 1.634500e-03   1.082877e+04   1.329380e+01
 1.637900e-03   1.041472e+04   2.657810e+02
 1.641300e-03   9.857234e+03   9.923488e+02
 1.644700e-03   1.287273e+04   2.343326e+03
 1.648100e-03   9.552445e+03   1.141624e+03
 1.651500e-03   5.509090e+02   5.889854e+01
 1.654900e-03   0.000000e+00   0.000000e+00
 1.658300e-03   0.000000e+00   0.000000e+00
 1.661700e-03   0.000000e+00   0.000000e+00
 1.665100e-03   0.000000e+00   0.000000e+00
 1.668500e-03   0.000000e+00   0.000000e+00
 1.671900e-03   0.000000e+00   0.000000e+00
 1.675300e-03   0.000000e+00   0.000000e+00
 1.678700e-03   0.000000e+00   0.000000e+00
 1.682100e-03   0.000000e+00   0.000000e+00
 1.685500e-03   0.000000e+00   0.000000e+00
 1.688900e-03   0.000000e+00   0.000000e+00
 1.692300e-03   0.000000e+00   0.000000e+00
 1.695700e-03   0.000000e+00   0.000000e+00
 1.699100e-03   0.000000e+00   0.000000e+00
 1.702500e-03   0.000000e+00   0.000000e+00
 1.705900e-03   0.000000e+00   0.000000e+00
 1.709300e-03   0.000000e+00   0.000000e+00
 1.712700e-03   0.000000e+00   0.000000e+00
 1.716100e-03   0.000000e+00   0.000000e+00
 1.719500e-03   0.000000e+00   0.000000e+00
 1.722900e-03   0.000000e+00   0.000000e+00
 1.726300e-03   0.000000e+00   0.000000e+00
 1.729700e-03   0.000000e+00   0.000000e+00
 1.733100e-03   0.000000e+00   0.000000e+00
 1.736500e-03   0.000000e+00   0.000000e+00
 1.739900e-03   0.000000e+00   0.000000e+00
 1.743300e-03   0.000000e+00   0.000000e+00
 1.746700e-03   0.000000e+00   0.000000e+00
 1.750100e-03   0.000000e+00   0.000000e+00
 1.753500e-03   0.000000e+00   0.000000e+00
 1.756900e-03   0.000000e+00   0.000000e+00
 1.760300e-03   0.000000e+00   0.000000e+00
 1.763700e-03   0.000000e+00   0.000000e+00
 1.767100e-03   0.000000e+00   0.000000e+00
 1.770500e-03   0.000000e+00   0.000000e+00
 1.773900e-03   0.000000e+00   0.000000e+00
 1.777300e-03   0.000000e+00   0.000000e+00
 1.780700e-03   0.000000e+00   0.000000e+00
 1.784100e-03   0.000000e+00   0.000000e+00
 1.787500e-03   0.000000e+00   0.000000e+00
 1.790900e-03   0.000000e+00   0.000000e+00
 1.794300e-03   0.000000e+00   0.000000e+00
 1.797700e-03   0.000000e+00   0.000000e+00
 1.801100e-03   0.000000e+00   0.000000e+00
 1.804500e-03   0.000000e+00   0.000000e+00
 1.807900e-03   0.000000e+00   0.000000e+00
 1.811300e-03   0.000000e+00   0.000000e+00
 1.814700e-03   0.000000e+00   0.000000e+00
 1.818100e-03   0.000000e+00   0.000000e+00
 1.821500e-03   0.000000e+00   0.000000e+00
 1.824900e-03   0.000000e+00   0.000000e+00
 1.828300e-03   0.000000e+00   0.000000e+00
 1.831700e-03   0.000000e+00   0.000000e+00
 1.835100e-03   0.000000e+00   0.000000e+00
 1.838500e-03   0.000000e+00   0.000000e+00
 1.841900e-03   0.000000e+00   0.000000e+00
 1.845300e-03   0.000000e+00   0.000000e+00
 1.848700e-03   0.000000e+00   0.000000e+00
 1.852100e-03   0.000000e+00   0.000000e+00
 1.855500e-03   0.000000e+00   0.000000e+00
 1.858900e-03   0.000000e+00   0.000000e+00
 1.862300e-03   0.000000e+00   0.000000e+00
 1.865700e-03   0.000000e+00   0.000000e+00
 1.869100e-03   0.000000e+00   0.000000e+00
 1.872500e-03   0.000000e+00   0.000000e+00
 1.875900e-03   0.000000e+00   0.000000e+00
 1.879300e-03   0.000000e+00   0.000000e+00
 1.882700e-03   0.000000e+00   0.000000e+00
 1.886100e-03   0.000000e+00   0.000000e+00
 1.889500e-03   0.000000e+00   0.000000e+00
 1.892900e-03   0.000000e+00   0.000000e+00
 1.896300e-03   0.000000e+00   0.000000e+00
 1.899700e-03   0.000000e+00   0.000000e+00
 1.903100e-03   0.000000e+00   0.000000e+00
 1.906500e-03   0.000000e+00   0.000000e+00
 1.909900e-03   0.000000e+00   0.000000e+00
 1.913300e-03   0.000000e+00   0.000000e+00
 1.916700e-03   0.000000e+00   0.000000e+00
 1.920100e-03   0.000000e+00   0.000000e+00
 1.923500e-03   0.000000e+00   0.000000e+00
 1.926900e-03   0.000000e+00   0.000000e+00
 1.930300e-03   0.000000e+00   0.000000e+00
 1.933700e-03   0.000000e+00   0.000000e+00
 1.937100e-03   0.000000e+00   0.000000e+00
 1.940500e-03   0.000000e+00   0.000000e+00
 1.943900e-03   0.000000e+00   0.000000e+00
 1.947300e-03   0.000000e+00   0.000000e+00
 1.950700e-03   0.000000e+00   0.000000e+00
 1.954100e-03   0.000000e+00   0.000000e+00
 1.957500e-03   0.000000e+00   0.000000e+00
 1.960900e-03   0.000000e+00   0.000000e+00
 1.964300e-03   0.000000e+00   0.000000e+00
 1.967700e-03   0.000000e+00   0.000000e+00
 1.971100e-03   0.000000e+00   0.000000e+00
 1.974500e-03   0.000000e+00   0.000000e+00
 1.977900e-03   0.000000e+00   0.000000e+00
 1.981300e-03   0.000000e+00   0.000000e+00
 1.984700e-03   0.000000e+00   0.000000e+00
 1.988100e-03   0.000000e+00   0.000000e+00
 1.991500e-03   0.000000e+00   0.000000e+00
 1.994900e-03   0.000000e+00   0.000000e+00
 1.998300e-03   0.000000e+00   0.000000e+00
 inf   0.000000e+00   0.000000e+00
