th3_lab bin centers    value    Error 
-inf   0.000000e+00   0.000000e+00
 7.793500e-05   0.000000e+00   0.000000e+00
 9.380500e-05   0.000000e+00   0.000000e+00
 1.096750e-04   0.000000e+00   0.000000e+00
 1.255450e-04   0.000000e+00   0.000000e+00
 1.414150e-04   0.000000e+00   0.000000e+00
 1.572850e-04   0.000000e+00   0.000000e+00
 1.731550e-04   0.000000e+00   0.000000e+00
 1.890250e-04   0.000000e+00   0.000000e+00
 2.048950e-04   0.000000e+00   0.000000e+00
 2.207650e-04   0.000000e+00   0.000000e+00
 2.366350e-04   0.000000e+00   0.000000e+00
 2.525050e-04   0.000000e+00   0.000000e+00
 2.683750e-04   0.000000e+00   0.000000e+00
 2.842450e-04   0.000000e+00   0.000000e+00
 3.001150e-04   0.000000e+00   0.000000e+00
 3.159850e-04   7.675423e+05   1.963085e+01
 3.318550e-04   1.421755e+06   7.360037e+00
 3.477250e-04   1.235219e+06   6.289269e+00
 3.635950e-04   1.079899e+06   6.850939e+00
 3.794650e-04   9.494833e+05   6.725271e+00
 3.953350e-04   8.392354e+05   7.930798e+00
 4.112050e-04   7.453762e+05   6.675322e+00
 4.270750e-04   6.649608e+05   6.477267e+00
 4.429450e-04   5.956934e+05   6.091826e+00
 4.588150e-04   5.356958e+05   7.417942e+00
 4.746850e-04   4.834370e+05   5.904167e+00
 4.905550e-04   4.377619e+05   4.171888e+00
 5.064250e-04   3.976344e+05   5.550572e+00
 5.222950e-04   3.622582e+05   6.723757e+00
 5.381650e-04   3.309196e+05   4.583143e+00
 5.540350e-04   3.031020e+05   4.544300e+00
 5.699050e-04   2.782735e+05   3.628200e+00
 5.857750e-04   2.560958e+05   4.410170e+00
 6.016450e-04   2.361871e+05   5.267539e+00
 6.175150e-04   2.182742e+05   5.280627e+00
 6.333850e-04   2.021269e+05   3.523924e+00
 6.492550e-04   1.875228e+05   2.735174e+00
 6.651250e-04   1.742889e+05   3.740527e+00
 6.809950e-04   1.622431e+05   3.476996e+00
 6.968650e-04   1.512873e+05   4.562218e+00
 7.127350e-04   1.412934e+05   5.395870e+00
 7.286050e-04   1.321410e+05   3.821825e+00
 7.444750e-04   1.237638e+05   4.890820e+00
 7.603450e-04   1.160690e+05   5.641483e+00
 7.762150e-04   1.089965e+05   4.684940e+00
 7.920850e-04   1.024808e+05   4.061656e+00
 8.079550e-04   9.646724e+04   3.675172e+00
 8.238250e-04   9.091335e+04   2.587767e+00
 8.396950e-04   8.576449e+04   2.814902e+00
 8.555650e-04   8.100758e+04   3.651100e+00
 8.714350e-04   7.657751e+04   3.267510e+00
 8.873050e-04   7.247429e+04   4.706383e+00
 9.031750e-04   6.864437e+04   3.349262e+00
 9.190450e-04   6.508256e+04   2.709553e+00
 9.349150e-04   6.175069e+04   2.621013e+00
 9.507850e-04   5.864887e+04   2.823565e+00
 9.666550e-04   5.574719e+04   2.921451e+00
 9.825250e-04   5.302951e+04   2.525613e+00
 9.983950e-04   5.047934e+04   3.111846e+00
 1.014265e-03   4.809054e+04   3.010951e+00
 1.030135e-03   4.584880e+04   2.391604e+00
 1.046005e-03   4.373503e+04   2.230137e+00
 1.061875e-03   4.175488e+04   2.905290e+00
 1.077745e-03   3.988853e+04   3.251007e+00
 1.093615e-03   3.812777e+04   1.940785e+00
 1.109485e-03   3.646683e+04   2.082383e+00
 1.125355e-03   3.490425e+04   2.891598e+00
 1.141225e-03   3.341971e+04   2.124346e+00
 1.157095e-03   3.201961e+04   2.337722e+00
 1.172965e-03   3.069763e+04   2.357750e+00
 1.188835e-03   2.944572e+04   2.430221e+00
 1.204705e-03   2.825677e+04   2.029400e+00
 1.220575e-03   2.712971e+04   1.744089e+00
 1.236445e-03   2.606073e+04   1.657853e+00
 1.252315e-03   2.504579e+04   1.932907e+00
 1.268185e-03   2.408293e+04   1.168565e+00
 1.284055e-03   2.316509e+04   1.859256e+00
 1.299925e-03   2.229462e+04   2.135245e+00
 1.315795e-03   2.146551e+04   1.471020e+00
 1.331665e-03   2.067321e+04   1.474521e+00
 1.347535e-03   1.992457e+04   1.383081e+00
 1.363405e-03   1.920386e+04   1.253578e+00
 1.379275e-03   1.852048e+04   1.316766e+00
 1.395145e-03   1.786306e+04   1.135895e+00
 1.411015e-03   1.724458e+04   1.461029e+00
 1.426885e-03   1.664546e+04   1.332649e+00
 1.442755e-03   1.607442e+04   1.113851e+00
 1.458625e-03   1.553200e+04   1.162517e+00
 1.474495e-03   1.500723e+04   1.230511e+00
 1.490365e-03   1.451103e+04   1.082017e+00
 1.506235e-03   1.403103e+04   8.995138e-01
 1.522105e-03   1.357286e+04   8.555334e-01
 1.537975e-03   1.313615e+04   7.961945e-01
 1.553845e-03   1.271232e+04   7.756674e-01
 1.569715e-03   1.230938e+04   7.138910e-01
 1.585585e-03   1.192068e+04   7.394736e-01
 1.601455e-03   1.155135e+04   7.487039e-01
 1.617325e-03   1.119146e+04   7.939052e-01
 1.633195e-03   1.084926e+04   6.312518e-01
 1.649065e-03   1.051787e+04   7.332233e-01
 1.664935e-03   1.020153e+04   6.726399e-01
 1.680805e-03   9.895851e+03   7.666101e-01
 1.696675e-03   9.602074e+03   7.037682e-01
 1.712545e-03   9.319408e+03   6.576150e-01
 1.728415e-03   9.046844e+03   6.453882e-01
 1.744285e-03   8.785758e+03   5.231418e-01
 1.760155e-03   8.531789e+03   5.636844e-01
 1.776025e-03   8.289123e+03   4.778973e-01
 1.791895e-03   8.054577e+03   4.198439e-01
 1.807765e-03   7.826997e+03   4.180037e-01
 1.823635e-03   7.609868e+03   4.035817e-01
 1.839505e-03   7.398366e+03   4.236399e-01
 1.855375e-03   7.195924e+03   3.650256e-01
 1.871245e-03   6.998872e+03   3.145229e-01
 1.887115e-03   6.808256e+03   3.966127e-01
 1.902985e-03   6.626201e+03   4.002929e-01
 1.918855e-03   6.448221e+03   4.709730e-01
 1.934725e-03   6.277568e+03   3.074879e-01
 1.950595e-03   6.112042e+03   2.720090e-01
 1.966465e-03   5.951493e+03   2.888444e-01
 1.982335e-03   5.769046e+03   4.743746e+01
 1.998205e-03   3.490211e+03   2.550061e+01
 2.014075e-03   0.000000e+00   0.000000e+00
 2.029945e-03   0.000000e+00   0.000000e+00
 2.045815e-03   0.000000e+00   0.000000e+00
 2.061685e-03   0.000000e+00   0.000000e+00
 2.077555e-03   0.000000e+00   0.000000e+00
 2.093425e-03   0.000000e+00   0.000000e+00
 2.109295e-03   0.000000e+00   0.000000e+00
 2.125165e-03   0.000000e+00   0.000000e+00
 2.141035e-03   0.000000e+00   0.000000e+00
 2.156905e-03   0.000000e+00   0.000000e+00
 2.172775e-03   0.000000e+00   0.000000e+00
 2.188645e-03   0.000000e+00   0.000000e+00
 2.204515e-03   0.000000e+00   0.000000e+00
 2.220385e-03   0.000000e+00   0.000000e+00
 2.236255e-03   0.000000e+00   0.000000e+00
 2.252125e-03   0.000000e+00   0.000000e+00
 2.267995e-03   0.000000e+00   0.000000e+00
 2.283865e-03   0.000000e+00   0.000000e+00
 2.299735e-03   0.000000e+00   0.000000e+00
 2.315605e-03   0.000000e+00   0.000000e+00
 2.331475e-03   0.000000e+00   0.000000e+00
 2.347345e-03   0.000000e+00   0.000000e+00
 2.363215e-03   0.000000e+00   0.000000e+00
 2.379085e-03   0.000000e+00   0.000000e+00
 2.394955e-03   0.000000e+00   0.000000e+00
 2.410825e-03   0.000000e+00   0.000000e+00
 2.426695e-03   0.000000e+00   0.000000e+00
 2.442565e-03   0.000000e+00   0.000000e+00
 2.458435e-03   0.000000e+00   0.000000e+00
 2.474305e-03   0.000000e+00   0.000000e+00
 2.490175e-03   0.000000e+00   0.000000e+00
 2.506045e-03   0.000000e+00   0.000000e+00
 2.521915e-03   0.000000e+00   0.000000e+00
 2.537785e-03   0.000000e+00   0.000000e+00
 2.553655e-03   0.000000e+00   0.000000e+00
 2.569525e-03   0.000000e+00   0.000000e+00
 2.585395e-03   0.000000e+00   0.000000e+00
 2.601265e-03   0.000000e+00   0.000000e+00
 2.617135e-03   0.000000e+00   0.000000e+00
 2.633005e-03   0.000000e+00   0.000000e+00
 2.648875e-03   0.000000e+00   0.000000e+00
 2.664745e-03   0.000000e+00   0.000000e+00
 2.680615e-03   0.000000e+00   0.000000e+00
 2.696485e-03   0.000000e+00   0.000000e+00
 2.712355e-03   0.000000e+00   0.000000e+00
 2.728225e-03   0.000000e+00   0.000000e+00
 2.744095e-03   0.000000e+00   0.000000e+00
 2.759965e-03   0.000000e+00   0.000000e+00
 2.775835e-03   0.000000e+00   0.000000e+00
 2.791705e-03   0.000000e+00   0.000000e+00
 2.807575e-03   0.000000e+00   0.000000e+00
 2.823445e-03   0.000000e+00   0.000000e+00
 2.839315e-03   0.000000e+00   0.000000e+00
 2.855185e-03   0.000000e+00   0.000000e+00
 2.871055e-03   0.000000e+00   0.000000e+00
 2.886925e-03   0.000000e+00   0.000000e+00
 2.902795e-03   0.000000e+00   0.000000e+00
 2.918665e-03   0.000000e+00   0.000000e+00
 2.934535e-03   0.000000e+00   0.000000e+00
 2.950405e-03   0.000000e+00   0.000000e+00
 2.966275e-03   0.000000e+00   0.000000e+00
 2.982145e-03   0.000000e+00   0.000000e+00
 2.998015e-03   0.000000e+00   0.000000e+00
 3.013885e-03   0.000000e+00   0.000000e+00
 3.029755e-03   0.000000e+00   0.000000e+00
 3.045625e-03   0.000000e+00   0.000000e+00
 3.061495e-03   0.000000e+00   0.000000e+00
 3.077365e-03   0.000000e+00   0.000000e+00
 3.093235e-03   0.000000e+00   0.000000e+00
 3.109105e-03   0.000000e+00   0.000000e+00
 3.124975e-03   0.000000e+00   0.000000e+00
 3.140845e-03   0.000000e+00   0.000000e+00
 3.156715e-03   0.000000e+00   0.000000e+00
 3.172585e-03   0.000000e+00   0.000000e+00
 3.188455e-03   0.000000e+00   0.000000e+00
 3.204325e-03   0.000000e+00   0.000000e+00
 3.220195e-03   0.000000e+00   0.000000e+00
 3.236065e-03   0.000000e+00   0.000000e+00
 3.251935e-03   0.000000e+00   0.000000e+00
 3.267805e-03   0.000000e+00   0.000000e+00
 3.283675e-03   0.000000e+00   0.000000e+00
 3.299545e-03   0.000000e+00   0.000000e+00
 3.315415e-03   0.000000e+00   0.000000e+00
 3.331285e-03   0.000000e+00   0.000000e+00
 3.347155e-03   0.000000e+00   0.000000e+00
 3.363025e-03   0.000000e+00   0.000000e+00
 3.378895e-03   0.000000e+00   0.000000e+00
 3.394765e-03   0.000000e+00   0.000000e+00
 3.410635e-03   0.000000e+00   0.000000e+00
 3.426505e-03   0.000000e+00   0.000000e+00
 3.442375e-03   0.000000e+00   0.000000e+00
 3.458245e-03   0.000000e+00   0.000000e+00
 3.474115e-03   0.000000e+00   0.000000e+00
 3.489985e-03   0.000000e+00   0.000000e+00
 3.505855e-03   0.000000e+00   0.000000e+00
 3.521725e-03   0.000000e+00   0.000000e+00
 3.537595e-03   0.000000e+00   0.000000e+00
 3.553465e-03   0.000000e+00   0.000000e+00
 3.569335e-03   0.000000e+00   0.000000e+00
 3.585205e-03   0.000000e+00   0.000000e+00
 3.601075e-03   0.000000e+00   0.000000e+00
 3.616945e-03   0.000000e+00   0.000000e+00
 3.632815e-03   0.000000e+00   0.000000e+00
 3.648685e-03   0.000000e+00   0.000000e+00
 3.664555e-03   0.000000e+00   0.000000e+00
 3.680425e-03   0.000000e+00   0.000000e+00
 3.696295e-03   0.000000e+00   0.000000e+00
 3.712165e-03   0.000000e+00   0.000000e+00
 3.728035e-03   0.000000e+00   0.000000e+00
 3.743905e-03   0.000000e+00   0.000000e+00
 3.759775e-03   0.000000e+00   0.000000e+00
 3.775645e-03   0.000000e+00   0.000000e+00
 3.791515e-03   0.000000e+00   0.000000e+00
 3.807385e-03   0.000000e+00   0.000000e+00
 3.823255e-03   0.000000e+00   0.000000e+00
 3.839125e-03   0.000000e+00   0.000000e+00
 3.854995e-03   0.000000e+00   0.000000e+00
 3.870865e-03   0.000000e+00   0.000000e+00
 3.886735e-03   0.000000e+00   0.000000e+00
 3.902605e-03   0.000000e+00   0.000000e+00
 3.918475e-03   0.000000e+00   0.000000e+00
 3.934345e-03   0.000000e+00   0.000000e+00
 3.950215e-03   0.000000e+00   0.000000e+00
 3.966085e-03   0.000000e+00   0.000000e+00
 3.981955e-03   0.000000e+00   0.000000e+00
 3.997825e-03   0.000000e+00   0.000000e+00
 4.013695e-03   0.000000e+00   0.000000e+00
 4.029565e-03   0.000000e+00   0.000000e+00
 4.045435e-03   0.000000e+00   0.000000e+00
 4.061305e-03   0.000000e+00   0.000000e+00
 4.077175e-03   0.000000e+00   0.000000e+00
 4.093045e-03   0.000000e+00   0.000000e+00
 4.108915e-03   0.000000e+00   0.000000e+00
 4.124785e-03   0.000000e+00   0.000000e+00
 4.140655e-03   0.000000e+00   0.000000e+00
 4.156525e-03   0.000000e+00   0.000000e+00
 4.172395e-03   0.000000e+00   0.000000e+00
 4.188265e-03   0.000000e+00   0.000000e+00
 4.204135e-03   0.000000e+00   0.000000e+00
 4.220005e-03   0.000000e+00   0.000000e+00
 4.235875e-03   0.000000e+00   0.000000e+00
 4.251745e-03   0.000000e+00   0.000000e+00
 4.267615e-03   0.000000e+00   0.000000e+00
 4.283485e-03   0.000000e+00   0.000000e+00
 4.299355e-03   0.000000e+00   0.000000e+00
 4.315225e-03   0.000000e+00   0.000000e+00
 4.331095e-03   0.000000e+00   0.000000e+00
 4.346965e-03   0.000000e+00   0.000000e+00
 4.362835e-03   0.000000e+00   0.000000e+00
 4.378705e-03   0.000000e+00   0.000000e+00
 4.394575e-03   0.000000e+00   0.000000e+00
 4.410445e-03   0.000000e+00   0.000000e+00
 4.426315e-03   0.000000e+00   0.000000e+00
 4.442185e-03   0.000000e+00   0.000000e+00
 4.458055e-03   0.000000e+00   0.000000e+00
 4.473925e-03   0.000000e+00   0.000000e+00
 4.489795e-03   0.000000e+00   0.000000e+00
 4.505665e-03   0.000000e+00   0.000000e+00
 4.521535e-03   0.000000e+00   0.000000e+00
 4.537405e-03   0.000000e+00   0.000000e+00
 4.553275e-03   0.000000e+00   0.000000e+00
 4.569145e-03   0.000000e+00   0.000000e+00
 4.585015e-03   0.000000e+00   0.000000e+00
 4.600885e-03   0.000000e+00   0.000000e+00
 4.616755e-03   0.000000e+00   0.000000e+00
 4.632625e-03   0.000000e+00   0.000000e+00
 4.648495e-03   0.000000e+00   0.000000e+00
 4.664365e-03   0.000000e+00   0.000000e+00
 4.680235e-03   0.000000e+00   0.000000e+00
 4.696105e-03   0.000000e+00   0.000000e+00
 4.711975e-03   0.000000e+00   0.000000e+00
 4.727845e-03   0.000000e+00   0.000000e+00
 4.743715e-03   0.000000e+00   0.000000e+00
 4.759585e-03   0.000000e+00   0.000000e+00
 4.775455e-03   0.000000e+00   0.000000e+00
 4.791325e-03   0.000000e+00   0.000000e+00
 4.807195e-03   0.000000e+00   0.000000e+00
 4.823065e-03   0.000000e+00   0.000000e+00
 4.838935e-03   0.000000e+00   0.000000e+00
 4.854805e-03   0.000000e+00   0.000000e+00
 4.870675e-03   0.000000e+00   0.000000e+00
 4.886545e-03   0.000000e+00   0.000000e+00
 4.902415e-03   0.000000e+00   0.000000e+00
 4.918285e-03   0.000000e+00   0.000000e+00
 4.934155e-03   0.000000e+00   0.000000e+00
 4.950025e-03   0.000000e+00   0.000000e+00
 4.965895e-03   0.000000e+00   0.000000e+00
 4.981765e-03   0.000000e+00   0.000000e+00
 4.997635e-03   0.000000e+00   0.000000e+00
 5.013505e-03   0.000000e+00   0.000000e+00
 5.029375e-03   0.000000e+00   0.000000e+00
 5.045245e-03   0.000000e+00   0.000000e+00
 5.061115e-03   0.000000e+00   0.000000e+00
 5.076985e-03   0.000000e+00   0.000000e+00
 5.092855e-03   0.000000e+00   0.000000e+00
 5.108725e-03   0.000000e+00   0.000000e+00
 5.124595e-03   0.000000e+00   0.000000e+00
 5.140465e-03   0.000000e+00   0.000000e+00
 5.156335e-03   0.000000e+00   0.000000e+00
 5.172205e-03   0.000000e+00   0.000000e+00
 5.188075e-03   0.000000e+00   0.000000e+00
 5.203945e-03   0.000000e+00   0.000000e+00
 5.219815e-03   0.000000e+00   0.000000e+00
 5.235685e-03   0.000000e+00   0.000000e+00
 5.251555e-03   0.000000e+00   0.000000e+00
 5.267425e-03   0.000000e+00   0.000000e+00
 5.283295e-03   0.000000e+00   0.000000e+00
 5.299165e-03   0.000000e+00   0.000000e+00
 5.315035e-03   0.000000e+00   0.000000e+00
 5.330905e-03   0.000000e+00   0.000000e+00
 5.346775e-03   0.000000e+00   0.000000e+00
 5.362645e-03   0.000000e+00   0.000000e+00
 5.378515e-03   0.000000e+00   0.000000e+00
 5.394385e-03   0.000000e+00   0.000000e+00
 5.410255e-03   0.000000e+00   0.000000e+00
 5.426125e-03   0.000000e+00   0.000000e+00
 5.441995e-03   0.000000e+00   0.000000e+00
 5.457865e-03   0.000000e+00   0.000000e+00
 5.473735e-03   0.000000e+00   0.000000e+00
 5.489605e-03   0.000000e+00   0.000000e+00
 5.505475e-03   0.000000e+00   0.000000e+00
 5.521345e-03   0.000000e+00   0.000000e+00
 5.537215e-03   0.000000e+00   0.000000e+00
 5.553085e-03   0.000000e+00   0.000000e+00
 5.568955e-03   0.000000e+00   0.000000e+00
 5.584825e-03   0.000000e+00   0.000000e+00
 5.600695e-03   0.000000e+00   0.000000e+00
 5.616565e-03   0.000000e+00   0.000000e+00
 5.632435e-03   0.000000e+00   0.000000e+00
 5.648305e-03   0.000000e+00   0.000000e+00
 5.664175e-03   0.000000e+00   0.000000e+00
 5.680045e-03   0.000000e+00   0.000000e+00
 5.695915e-03   0.000000e+00   0.000000e+00
 5.711785e-03   0.000000e+00   0.000000e+00
 5.727655e-03   0.000000e+00   0.000000e+00
 5.743525e-03   0.000000e+00   0.000000e+00
 5.759395e-03   0.000000e+00   0.000000e+00
 5.775265e-03   0.000000e+00   0.000000e+00
 5.791135e-03   0.000000e+00   0.000000e+00
 5.807005e-03   0.000000e+00   0.000000e+00
 5.822875e-03   0.000000e+00   0.000000e+00
 5.838745e-03   0.000000e+00   0.000000e+00
 5.854615e-03   0.000000e+00   0.000000e+00
 5.870485e-03   0.000000e+00   0.000000e+00
 5.886355e-03   0.000000e+00   0.000000e+00
 5.902225e-03   0.000000e+00   0.000000e+00
 5.918095e-03   0.000000e+00   0.000000e+00
 5.933965e-03   0.000000e+00   0.000000e+00
 5.949835e-03   0.000000e+00   0.000000e+00
 5.965705e-03   0.000000e+00   0.000000e+00
 5.981575e-03   0.000000e+00   0.000000e+00
 5.997445e-03   0.000000e+00   0.000000e+00
 6.013315e-03   0.000000e+00   0.000000e+00
 6.029185e-03   0.000000e+00   0.000000e+00
 6.045055e-03   0.000000e+00   0.000000e+00
 6.060925e-03   0.000000e+00   0.000000e+00
 6.076795e-03   0.000000e+00   0.000000e+00
 6.092665e-03   0.000000e+00   0.000000e+00
 6.108535e-03   0.000000e+00   0.000000e+00
 6.124405e-03   0.000000e+00   0.000000e+00
 6.140275e-03   0.000000e+00   0.000000e+00
 6.156145e-03   0.000000e+00   0.000000e+00
 6.172015e-03   0.000000e+00   0.000000e+00
 6.187885e-03   0.000000e+00   0.000000e+00
 6.203755e-03   0.000000e+00   0.000000e+00
 6.219625e-03   0.000000e+00   0.000000e+00
 6.235495e-03   0.000000e+00   0.000000e+00
 6.251365e-03   0.000000e+00   0.000000e+00
 6.267235e-03   0.000000e+00   0.000000e+00
 6.283105e-03   0.000000e+00   0.000000e+00
 6.298975e-03   0.000000e+00   0.000000e+00
 6.314845e-03   0.000000e+00   0.000000e+00
 6.330715e-03   0.000000e+00   0.000000e+00
 6.346585e-03   0.000000e+00   0.000000e+00
 6.362455e-03   0.000000e+00   0.000000e+00
 6.378325e-03   0.000000e+00   0.000000e+00
 6.394195e-03   0.000000e+00   0.000000e+00
 6.410065e-03   0.000000e+00   0.000000e+00
 6.425935e-03   0.000000e+00   0.000000e+00
 6.441805e-03   0.000000e+00   0.000000e+00
 6.457675e-03   0.000000e+00   0.000000e+00
 6.473545e-03   0.000000e+00   0.000000e+00
 6.489415e-03   0.000000e+00   0.000000e+00
 6.505285e-03   0.000000e+00   0.000000e+00
 6.521155e-03   0.000000e+00   0.000000e+00
 6.537025e-03   0.000000e+00   0.000000e+00
 6.552895e-03   0.000000e+00   0.000000e+00
 6.568765e-03   0.000000e+00   0.000000e+00
 6.584635e-03   0.000000e+00   0.000000e+00
 6.600505e-03   0.000000e+00   0.000000e+00
 6.616375e-03   0.000000e+00   0.000000e+00
 6.632245e-03   0.000000e+00   0.000000e+00
 6.648115e-03   0.000000e+00   0.000000e+00
 6.663985e-03   0.000000e+00   0.000000e+00
 6.679855e-03   0.000000e+00   0.000000e+00
 6.695725e-03   0.000000e+00   0.000000e+00
 6.711595e-03   0.000000e+00   0.000000e+00
 6.727465e-03   0.000000e+00   0.000000e+00
 6.743335e-03   0.000000e+00   0.000000e+00
 6.759205e-03   0.000000e+00   0.000000e+00
 6.775075e-03   0.000000e+00   0.000000e+00
 6.790945e-03   0.000000e+00   0.000000e+00
 6.806815e-03   0.000000e+00   0.000000e+00
 6.822685e-03   0.000000e+00   0.000000e+00
 6.838555e-03   0.000000e+00   0.000000e+00
 6.854425e-03   0.000000e+00   0.000000e+00
 6.870295e-03   0.000000e+00   0.000000e+00
 6.886165e-03   0.000000e+00   0.000000e+00
 6.902035e-03   0.000000e+00   0.000000e+00
 6.917905e-03   0.000000e+00   0.000000e+00
 6.933775e-03   0.000000e+00   0.000000e+00
 6.949645e-03   0.000000e+00   0.000000e+00
 6.965515e-03   0.000000e+00   0.000000e+00
 6.981385e-03   0.000000e+00   0.000000e+00
 6.997255e-03   0.000000e+00   0.000000e+00
 7.013125e-03   0.000000e+00   0.000000e+00
 7.028995e-03   0.000000e+00   0.000000e+00
 7.044865e-03   0.000000e+00   0.000000e+00
 7.060735e-03   0.000000e+00   0.000000e+00
 7.076605e-03   0.000000e+00   0.000000e+00
 7.092475e-03   0.000000e+00   0.000000e+00
 7.108345e-03   0.000000e+00   0.000000e+00
 7.124215e-03   0.000000e+00   0.000000e+00
 7.140085e-03   0.000000e+00   0.000000e+00
 7.155955e-03   0.000000e+00   0.000000e+00
 7.171825e-03   0.000000e+00   0.000000e+00
 7.187695e-03   0.000000e+00   0.000000e+00
 7.203565e-03   0.000000e+00   0.000000e+00
 7.219435e-03   0.000000e+00   0.000000e+00
 7.235305e-03   0.000000e+00   0.000000e+00
 7.251175e-03   0.000000e+00   0.000000e+00
 7.267045e-03   0.000000e+00   0.000000e+00
 7.282915e-03   0.000000e+00   0.000000e+00
 7.298785e-03   0.000000e+00   0.000000e+00
 7.314655e-03   0.000000e+00   0.000000e+00
 7.330525e-03   0.000000e+00   0.000000e+00
 7.346395e-03   0.000000e+00   0.000000e+00
 7.362265e-03   0.000000e+00   0.000000e+00
 7.378135e-03   0.000000e+00   0.000000e+00
 7.394005e-03   0.000000e+00   0.000000e+00
 7.409875e-03   0.000000e+00   0.000000e+00
 7.425745e-03   0.000000e+00   0.000000e+00
 7.441615e-03   0.000000e+00   0.000000e+00
 7.457485e-03   0.000000e+00   0.000000e+00
 7.473355e-03   0.000000e+00   0.000000e+00
 7.489225e-03   0.000000e+00   0.000000e+00
 7.505095e-03   0.000000e+00   0.000000e+00
 7.520965e-03   0.000000e+00   0.000000e+00
 7.536835e-03   0.000000e+00   0.000000e+00
 7.552705e-03   0.000000e+00   0.000000e+00
 7.568575e-03   0.000000e+00   0.000000e+00
 7.584445e-03   0.000000e+00   0.000000e+00
 7.600315e-03   0.000000e+00   0.000000e+00
 7.616185e-03   0.000000e+00   0.000000e+00
 7.632055e-03   0.000000e+00   0.000000e+00
 7.647925e-03   0.000000e+00   0.000000e+00
 7.663795e-03   0.000000e+00   0.000000e+00
 7.679665e-03   0.000000e+00   0.000000e+00
 7.695535e-03   0.000000e+00   0.000000e+00
 7.711405e-03   0.000000e+00   0.000000e+00
 7.727275e-03   0.000000e+00   0.000000e+00
 7.743145e-03   0.000000e+00   0.000000e+00
 7.759015e-03   0.000000e+00   0.000000e+00
 7.774885e-03   0.000000e+00   0.000000e+00
 7.790755e-03   0.000000e+00   0.000000e+00
 7.806625e-03   0.000000e+00   0.000000e+00
 7.822495e-03   0.000000e+00   0.000000e+00
 7.838365e-03   0.000000e+00   0.000000e+00
 7.854235e-03   0.000000e+00   0.000000e+00
 7.870105e-03   0.000000e+00   0.000000e+00
 7.885975e-03   0.000000e+00   0.000000e+00
 7.901845e-03   0.000000e+00   0.000000e+00
 7.917715e-03   0.000000e+00   0.000000e+00
 7.933585e-03   0.000000e+00   0.000000e+00
 7.949455e-03   0.000000e+00   0.000000e+00
 7.965325e-03   0.000000e+00   0.000000e+00
 7.981195e-03   0.000000e+00   0.000000e+00
 7.997065e-03   0.000000e+00   0.000000e+00
 inf   0.000000e+00   0.000000e+00
