phi5_x_lab bin centers    value    Error 
-inf   1.728130e-02   2.227216e-04
-1.197600e-02   1.510605e-05   1.440702e-05
-1.192800e-02   2.567465e-03   9.010292e-04
-1.188000e-02   9.109338e-04   4.463797e-04
-1.183200e-02   6.572114e-03   2.229874e-03
-1.178400e-02   6.661786e-03   1.532426e-03
-1.173600e-02   3.809952e-03   1.246284e-03
-1.168800e-02   2.061180e-03   7.582529e-04
-1.164000e-02   3.267906e-03   8.361875e-04
-1.159200e-02   3.158548e-04   2.175981e-04
-1.154400e-02   5.175475e-04   1.624894e-04
-1.149600e-02   1.211381e-03   4.462915e-04
-1.144800e-02   3.514452e-03   1.237542e-03
-1.140000e-02   1.631739e-03   3.875644e-04
-1.135200e-02   9.972072e-04   2.133505e-04
-1.130400e-02   2.069662e-03   6.240551e-04
-1.125600e-02   3.451318e-04   2.594473e-04
-1.120800e-02   1.953351e-03   5.885096e-04
-1.116000e-02   4.443158e-03   1.374596e-03
-1.111200e-02   3.971634e-03   9.726277e-04
-1.106400e-02   2.250258e-03   7.930243e-04
-1.101600e-02   2.607748e-03   8.446240e-04
-1.096800e-02   1.282353e-03   3.905425e-04
-1.092000e-02   2.500882e-03   7.302628e-04
-1.087200e-02   1.109906e-03   3.246111e-04
-1.082400e-02   1.295599e-03   2.787001e-04
-1.077600e-02   2.659679e-03   5.753361e-04
-1.072800e-02   2.504860e-04   1.110396e-04
-1.068000e-02   1.393365e-03   4.599059e-04
-1.063200e-02   2.847969e-03   9.333404e-04
-1.058400e-02   3.730557e-03   1.325727e-03
-1.053600e-02   8.078002e-04   3.935639e-04
-1.048800e-02   3.522706e-03   1.254629e-03
-1.044000e-02   2.313420e-03   7.342298e-04
-1.039200e-02   2.123594e-03   5.101767e-04
-1.034400e-02   3.905215e-03   8.496917e-04
-1.029600e-02   3.373104e-03   1.248304e-03
-1.024800e-02   1.068937e-03   3.774535e-04
-1.020000e-02   1.744274e-03   5.306573e-04
-1.015200e-02   2.036304e-04   1.896009e-04
-1.010400e-02   1.085746e-03   5.118111e-04
-1.005600e-02   8.572002e-04   3.241339e-04
-1.000800e-02   1.044378e-02   3.259221e-03
-9.960000e-03   1.156056e-03   4.378631e-04
-9.912000e-03   2.867917e-03   8.664078e-04
-9.864000e-03   2.070336e-03   7.460487e-04
-9.816000e-03   3.864186e-03   1.242442e-03
-9.768000e-03   9.788181e-04   3.267512e-04
-9.720000e-03   2.750272e-03   7.849742e-04
-9.672000e-03   4.869603e-03   2.201584e-03
-9.624000e-03   1.678995e-03   6.530940e-04
-9.576000e-03   2.896931e-03   1.016248e-03
-9.528000e-03   4.422696e-03   1.245845e-03
-9.480000e-03   1.247961e-03   7.453943e-04
-9.432000e-03   3.178652e-03   8.921105e-04
-9.384000e-03   3.644244e-03   1.087075e-03
-9.336000e-03   1.603370e-03   6.023127e-04
-9.288000e-03   1.485693e-03   5.636755e-04
-9.240000e-03   6.229871e-03   1.813796e-03
-9.192000e-03   3.540502e-03   1.232928e-03
-9.144000e-03   1.766948e-03   7.275101e-04
-9.096000e-03   7.525497e-04   2.855518e-04
-9.048000e-03   4.326430e-03   1.472411e-03
-9.000000e-03   7.703779e-05   4.175708e-05
-8.952000e-03   7.473331e-04   3.746399e-04
-8.904000e-03   4.532534e-03   1.722558e-03
-8.856000e-03   4.778378e-03   1.555914e-03
-8.808000e-03   5.791494e-04   2.045738e-04
-8.760000e-03   2.356205e-03   7.339634e-04
-8.712000e-03   3.845442e-03   1.005891e-03
-8.664000e-03   1.554453e-03   6.016435e-04
-8.616000e-03   6.982143e-04   2.367630e-04
-8.568000e-03   2.256268e-03   5.123275e-04
-8.520000e-03   2.162322e-03   6.466360e-04
-8.472000e-03   2.482253e-03   7.456333e-04
-8.424000e-03   3.815204e-04   1.246585e-04
-8.376000e-03   2.122316e-03   7.656493e-04
-8.328000e-03   2.253036e-03   7.958723e-04
-8.280000e-03   1.165974e-03   3.645766e-04
-8.232000e-03   5.677438e-03   1.613032e-03
-8.184000e-03   2.983077e-03   7.580451e-04
-8.136000e-03   2.675482e-03   1.004373e-03
-8.088000e-03   3.104663e-03   9.636299e-04
-8.040000e-03   3.132477e-03   9.237338e-04
-7.992000e-03   1.737538e-03   8.045767e-04
-7.944000e-03   6.709402e-03   2.284189e-03
-7.896000e-03   2.063814e-03   6.985850e-04
-7.848000e-03   5.802584e-04   1.964375e-04
-7.800000e-03   2.372572e-03   5.065196e-04
-7.752000e-03   1.316958e-03   4.867274e-04
-7.704000e-03   1.072976e-03   3.556037e-04
-7.656000e-03   2.282684e-03   8.716488e-04
-7.608000e-03   2.099835e-03   8.373455e-04
-7.560000e-03   2.885842e-03   6.976811e-04
-7.512000e-03   2.133283e-03   6.610398e-04
-7.464000e-03   2.102101e-03   7.574941e-04
-7.416000e-03   4.775013e-03   1.130710e-03
-7.368000e-03   9.842737e-04   3.755874e-04
-7.320000e-03   5.984757e-04   2.356007e-04
-7.272000e-03   1.801140e-03   5.828233e-04
-7.224000e-03   1.713967e-03   4.713862e-04
-7.176000e-03   1.004303e-03   3.355683e-04
-7.128000e-03   3.592082e-03   1.396596e-03
-7.080000e-03   2.145814e-03   6.107749e-04
-7.032000e-03   9.905969e-04   2.690589e-04
-6.984000e-03   2.661391e-03   6.697169e-04
-6.936000e-03   2.246018e-03   5.651732e-04
-6.888000e-03   1.286091e-03   4.659178e-04
-6.840000e-03   1.528174e-03   4.769599e-04
-6.792000e-03   8.861502e-04   4.380426e-04
-6.744000e-03   4.566769e-03   1.695770e-03
-6.696000e-03   2.981717e-03   8.381411e-04
-6.648000e-03   1.820939e-03   8.500487e-04
-6.600000e-03   4.040972e-03   8.575829e-04
-6.552000e-03   1.003762e-03   2.774671e-04
-6.504000e-03   2.322640e-03   8.762809e-04
-6.456000e-03   5.733733e-04   2.458472e-04
-6.408000e-03   2.156150e-03   5.058926e-04
-6.360000e-03   1.576483e-03   6.772769e-04
-6.312000e-03   4.305374e-03   1.294150e-03
-6.264000e-03   2.466580e-03   8.549067e-04
-6.216000e-03   2.613576e-03   7.710038e-04
-6.168000e-03   1.495085e-03   4.679301e-04
-6.120000e-03   1.872550e-04   1.093995e-04
-6.072000e-03   8.346647e-05   6.340342e-05
-6.024000e-03   3.048673e-03   8.380264e-04
-5.976000e-03   3.202874e-03   9.164555e-04
-5.928000e-03   1.460054e-03   4.018336e-04
-5.880000e-03   9.950631e-04   3.407313e-04
-5.832000e-03   2.674800e-03   7.703853e-04
-5.784000e-03   2.061665e-03   7.209337e-04
-5.736000e-03   3.143910e-04   1.659498e-04
-5.688000e-03   2.950631e-04   1.181677e-04
-5.640000e-03   4.409515e-04   1.931884e-04
-5.592000e-03   1.207471e-03   3.591981e-04
-5.544000e-03   3.276221e-03   6.772063e-04
-5.496000e-03   3.437114e-03   9.865505e-04
-5.448000e-03   1.426037e-03   4.211117e-04
-5.400000e-03   8.283761e-04   1.922686e-04
-5.352000e-03   1.352002e-03   4.525461e-04
-5.304000e-03   2.393250e-03   6.526235e-04
-5.256000e-03   3.297238e-04   1.661978e-04
-5.208000e-03   1.988824e-03   4.699043e-04
-5.160000e-03   3.083764e-03   9.410683e-04
-5.112000e-03   2.741958e-03   1.004504e-03
-5.064000e-03   4.088674e-03   1.064952e-03
-5.016000e-03   1.599498e-03   4.827863e-04
-4.968000e-03   1.794201e-03   5.418848e-04
-4.920000e-03   1.908349e-03   5.136854e-04
-4.872000e-03   2.026537e-05   1.276912e-05
-4.824000e-03   3.565741e-03   1.232831e-03
-4.776000e-03   1.036705e-03   3.856093e-04
-4.728000e-03   9.326121e-04   3.155696e-04
-4.680000e-03   2.320242e-03   7.168184e-04
-4.632000e-03   8.691188e-04   3.672146e-04
-4.584000e-03   1.918119e-03   5.137554e-04
-4.536000e-03   4.270062e-04   2.307640e-04
-4.488000e-03   1.444383e-03   4.981492e-04
-4.440000e-03   2.806465e-03   6.526901e-04
-4.392000e-03   3.368317e-04   2.157764e-04
-4.344000e-03   1.992120e-03   5.371577e-04
-4.296000e-03   1.798094e-03   4.781341e-04
-4.248000e-03   2.437607e-03   7.195248e-04
-4.200000e-03   1.528572e-03   5.758017e-04
-4.152000e-03   2.945258e-03   9.326506e-04
-4.104000e-03   3.815849e-03   1.211520e-03
-4.056000e-03   2.453471e-03   7.261761e-04
-4.008000e-03   2.240987e-03   7.762748e-04
-3.960000e-03   8.746058e-04   2.733628e-04
-3.912000e-03   1.888562e-03   4.603396e-04
-3.864000e-03   4.255425e-03   1.386827e-03
-3.816000e-03   1.073872e-04   7.138067e-05
-3.768000e-03   1.365169e-03   3.286457e-04
-3.720000e-03   2.630510e-03   5.703754e-04
-3.672000e-03   9.407966e-03   3.454405e-03
-3.624000e-03   7.658350e-04   2.454733e-04
-3.576000e-03   2.791611e-03   1.041924e-03
-3.528000e-03   4.582755e-03   1.237072e-03
-3.480000e-03   1.636904e-03   4.967848e-04
-3.432000e-03   1.429720e-03   5.232570e-04
-3.384000e-03   4.328452e-03   1.830999e-03
-3.336000e-03   1.820020e-03   5.179653e-04
-3.288000e-03   3.387343e-03   7.053978e-04
-3.240000e-03   6.534150e-03   2.561135e-03
-3.192000e-03   2.688519e-03   9.253275e-04
-3.144000e-03   2.649002e-03   7.727286e-04
-3.096000e-03   2.832819e-03   6.962822e-04
-3.048000e-03   3.157838e-03   8.728017e-04
-3.000000e-03   3.346901e-03   1.237279e-03
-2.952000e-03   3.165204e-03   7.693028e-04
-2.904000e-03   1.154667e-03   4.000872e-04
-2.856000e-03   9.366664e-04   3.585576e-04
-2.808000e-03   6.144833e-03   1.562824e-03
-2.760000e-03   3.016970e-03   9.196766e-04
-2.712000e-03   1.983075e-03   7.193542e-04
-2.664000e-03   1.907061e-03   8.188050e-04
-2.616000e-03   1.131492e-03   6.825469e-04
-2.568000e-03   1.487751e-04   8.137185e-05
-2.520000e-03   1.207768e-03   4.937575e-04
-2.472000e-03   2.354508e-03   6.514404e-04
-2.424000e-03   4.213527e-03   1.571283e-03
-2.376000e-03   4.471850e-04   1.841521e-04
-2.328000e-03   1.449970e-03   6.471001e-04
-2.280000e-03   1.863310e-04   8.317989e-05
-2.232000e-03   2.614993e-03   1.272498e-03
-2.184000e-03   2.825656e-03   1.150747e-03
-2.136000e-03   3.184052e-03   9.675339e-04
-2.088000e-03   6.223900e-03   1.882489e-03
-2.040000e-03   2.610973e-03   7.220479e-04
-1.992000e-03   2.186374e-04   1.079225e-04
-1.944000e-03   3.238643e-03   8.509528e-04
-1.896000e-03   3.122076e-03   7.034783e-04
-1.848000e-03   3.883039e-03   1.037418e-03
-1.800000e-03   9.825505e-04   3.152271e-04
-1.752000e-03   2.657919e-03   8.617883e-04
-1.704000e-03   1.782344e-03   6.115553e-04
-1.656000e-03   2.206982e-04   1.208846e-04
-1.608000e-03   5.458475e-03   1.638949e-03
-1.560000e-03   1.024433e-03   3.680071e-04
-1.512000e-03   1.949609e-03   6.030106e-04
-1.464000e-03   1.743049e-03   7.155799e-04
-1.416000e-03   2.689054e-04   1.498528e-04
-1.368000e-03   1.568922e-03   5.243898e-04
-1.320000e-03   3.811842e-04   1.676938e-04
-1.272000e-03   3.633897e-03   1.077008e-03
-1.224000e-03   3.305705e-03   7.546119e-04
-1.176000e-03   2.245751e-03   4.775640e-04
-1.128000e-03   5.410752e-04   2.348905e-04
-1.080000e-03   4.204580e-03   1.355865e-03
-1.032000e-03   8.316417e-04   3.556982e-04
-9.840000e-04   1.904078e-03   6.388808e-04
-9.360000e-04   2.355680e-03   6.352352e-04
-8.880000e-04   1.327700e-03   3.517017e-04
-8.400000e-04   7.474280e-04   3.297977e-04
-7.920000e-04   2.122073e-03   7.057465e-04
-7.440000e-04   2.680530e-03   7.033506e-04
-6.960000e-04   2.044707e-03   4.165556e-04
-6.480000e-04   1.372937e-03   3.733194e-04
-6.000000e-04   6.495341e-04   3.163134e-04
-5.520000e-04   2.074643e-03   6.369130e-04
-5.040000e-04   1.606626e-03   4.744272e-04
-4.560000e-04   4.034773e-03   1.273967e-03
-4.080000e-04   3.598237e-03   9.864610e-04
-3.600000e-04   2.260935e-03   4.905097e-04
-3.120000e-04   1.611854e-03   5.362551e-04
-2.640000e-04   1.252645e-03   3.650885e-04
-2.160000e-04   5.034496e-03   2.274005e-03
-1.680000e-04   3.523946e-04   2.245878e-04
-1.200000e-04   1.351628e-03   5.430617e-04
-7.200000e-05   8.026638e-04   2.729884e-04
-2.400000e-05  -9.480132e+03   4.133958e+02
 2.400000e-05   1.267593e-03   4.646180e-04
 7.200000e-05   2.559343e-03   1.104655e-03
 1.200000e-04   2.466497e-03   6.803897e-04
 1.680000e-04   2.015979e-03   9.354338e-04
 2.160000e-04   6.075480e-05   2.715531e-05
 2.640000e-04   1.872685e-03   5.224690e-04
 3.120000e-04   1.869142e-03   6.245804e-04
 3.600000e-04   5.537335e-04   1.828606e-04
 4.080000e-04   1.311901e-03   4.960514e-04
 4.560000e-04   3.078320e-04   1.969683e-04
 5.040000e-04   1.798222e-03   7.051154e-04
 5.520000e-04   2.413867e-03   6.105729e-04
 6.000000e-04   2.963535e-03   8.741591e-04
 6.480000e-04   1.400809e-03   4.276926e-04
 6.960000e-04   2.576220e-03   6.877314e-04
 7.440000e-04   3.585240e-03   1.207182e-03
 7.920000e-04   1.088308e-03   3.935955e-04
 8.400000e-04   8.997284e-05   4.800587e-05
 8.880000e-04   1.376947e-03   3.937824e-04
 9.360000e-04   4.589689e-04   2.053436e-04
 9.840000e-04   5.544463e-04   2.712848e-04
 1.032000e-03   1.109526e-03   4.887374e-04
 1.080000e-03   3.284014e-03   1.357441e-03
 1.128000e-03   1.263267e-03   5.583525e-04
 1.176000e-03   3.303249e-03   7.298942e-04
 1.224000e-03   2.142535e-03   6.652534e-04
 1.272000e-03   2.256632e-03   7.149249e-04
 1.320000e-03   7.775450e-03   3.286423e-03
 1.368000e-03   1.337524e-03   3.939709e-04
 1.416000e-03   2.228048e-03   4.947718e-04
 1.464000e-03   3.608644e-03   1.409358e-03
 1.512000e-03   8.671382e-04   3.850376e-04
 1.560000e-03   1.561148e-03   3.657778e-04
 1.608000e-03   2.591516e-03   6.871028e-04
 1.656000e-03   2.179440e-03   6.646347e-04
 1.704000e-03   3.143988e-04   1.080362e-04
 1.752000e-03   1.668782e-03   6.273315e-04
 1.800000e-03   1.506710e-03   5.377523e-04
 1.848000e-03   4.540104e-04   2.392770e-04
 1.896000e-03   1.609862e-03   6.783889e-04
 1.944000e-03   2.391035e-03   8.023051e-04
 1.992000e-03   4.561070e-03   1.358030e-03
 2.040000e-03   3.018300e-03   8.379714e-04
 2.088000e-03   2.165828e-04   1.235021e-04
 2.136000e-03   3.700498e-03   1.237347e-03
 2.184000e-03   2.859253e-03   7.419818e-04
 2.232000e-03   3.561378e-04   1.429924e-04
 2.280000e-03   9.254686e-03   2.869364e-03
 2.328000e-03   2.516337e-03   6.721768e-04
 2.376000e-03   1.655169e-03   5.104048e-04
 2.424000e-03   2.522075e-04   9.054046e-05
 2.472000e-03   1.450064e-03   3.204976e-04
 2.520000e-03   3.286734e-03   9.866517e-04
 2.568000e-03   2.643434e-03   7.579578e-04
 2.616000e-03   1.878112e-03   6.517459e-04
 2.664000e-03   1.591952e-03   4.852154e-04
 2.712000e-03   1.005096e-03   3.452859e-04
 2.760000e-03   2.077560e-03   8.348496e-04
 2.808000e-03   4.344082e-03   1.056184e-03
 2.856000e-03   2.729817e-03   6.633410e-04
 2.904000e-03   1.161117e-02   4.736222e-03
 2.952000e-03   2.825194e-03   7.821967e-04
 3.000000e-03   2.705106e-03   7.687839e-04
 3.048000e-03   5.505310e-05   3.832433e-05
 3.096000e-03   1.788829e-03   5.175756e-04
 3.144000e-03   4.107135e-03   1.398539e-03
 3.192000e-03   7.469164e-03   2.284188e-03
 3.240000e-03   3.899747e-03   1.170664e-03
 3.288000e-03   2.553585e-03   8.637692e-04
 3.336000e-03   3.902126e-03   1.580907e-03
 3.384000e-03   3.464858e-03   7.870887e-04
 3.432000e-03   1.488131e-03   5.214515e-04
 3.480000e-03   9.388636e-04   3.093970e-04
 3.528000e-03   2.779360e-03   8.693590e-04
 3.576000e-03   4.543121e-03   1.674987e-03
 3.624000e-03   3.332196e-04   1.344690e-04
 3.672000e-03   6.936457e-04   3.595882e-04
 3.720000e-03   1.445872e-03   5.439339e-04
 3.768000e-03   1.974129e-03   4.966926e-04
 3.816000e-03   2.897350e-03   8.208154e-04
 3.864000e-03   1.583613e-03   4.962315e-04
 3.912000e-03   6.946098e-04   2.559011e-04
 3.960000e-03   3.324432e-03   9.313382e-04
 4.008000e-03   2.436402e-03   7.647649e-04
 4.056000e-03   3.579636e-04   2.626596e-04
 4.104000e-03   1.513113e-04   7.195950e-05
 4.152000e-03   4.532233e-04   1.835513e-04
 4.200000e-03   3.102155e-03   8.627157e-04
 4.248000e-03   2.202711e-03   4.552849e-04
 4.296000e-03   2.208970e-03   7.885995e-04
 4.344000e-03   2.142110e-03   4.539016e-04
 4.392000e-03   4.352274e-03   1.299377e-03
 4.440000e-03   2.187498e-03   1.064466e-03
 4.488000e-03   2.148444e-03   6.241583e-04
 4.536000e-03   1.322511e-03   4.588749e-04
 4.584000e-03   1.860223e-03   6.087990e-04
 4.632000e-03   7.115984e-04   3.134926e-04
 4.680000e-03   1.127337e-03   3.492174e-04
 4.728000e-03   1.543929e-03   4.878114e-04
 4.776000e-03   2.450226e-04   1.188131e-04
 4.824000e-03   2.510954e-03   6.676080e-04
 4.872000e-03   3.495981e-03   1.135207e-03
 4.920000e-03   3.627211e-03   8.335801e-04
 4.968000e-03   1.128688e-03   4.006347e-04
 5.016000e-03   1.967029e-03   6.152884e-04
 5.064000e-03   1.298841e-03   4.147894e-04
 5.112000e-03   1.993731e-03   5.651512e-04
 5.160000e-03   1.650204e-03   5.524253e-04
 5.208000e-03   9.964232e-04   2.951116e-04
 5.256000e-03   8.542404e-04   3.947949e-04
 5.304000e-03   7.378827e-03   2.754140e-03
 5.352000e-03   1.597684e-03   4.243779e-04
 5.400000e-03   1.533139e-03   4.221695e-04
 5.448000e-03   5.998189e-03   1.937792e-03
 5.496000e-03   3.084133e-04   1.691038e-04
 5.544000e-03   1.532491e-03   4.233643e-04
 5.592000e-03   2.034708e-03   4.648991e-04
 5.640000e-03   6.142055e-04   1.671805e-04
 5.688000e-03   4.016179e-03   1.516917e-03
 5.736000e-03   2.857801e-03   8.951226e-04
 5.784000e-03   1.740405e-03   5.677060e-04
 5.832000e-03   5.726760e-03   2.160459e-03
 5.880000e-03   2.511359e-03   5.951826e-04
 5.928000e-03   3.986106e-03   9.025979e-04
 5.976000e-03   7.322730e-04   2.288290e-04
 6.024000e-03   5.647788e-04   2.446652e-04
 6.072000e-03   2.709568e-04   1.220592e-04
 6.120000e-03   1.593728e-03   6.224655e-04
 6.168000e-03   2.638059e-03   9.144029e-04
 6.216000e-03   1.800188e-03   5.540357e-04
 6.264000e-03   2.028857e-03   5.711297e-04
 6.312000e-03   1.318828e-03   5.609629e-04
 6.360000e-03   5.249050e-03   2.340777e-03
 6.408000e-03   3.810991e-03   8.973028e-04
 6.456000e-03   2.524405e-03   1.029589e-03
 6.504000e-03   1.558392e-03   5.502869e-04
 6.552000e-03   9.135135e-04   4.020404e-04
 6.600000e-03   1.607814e-03   5.606625e-04
 6.648000e-03   1.788824e-03   6.100472e-04
 6.696000e-03   7.773093e-04   3.000905e-04
 6.744000e-03   2.030804e-03   9.034441e-04
 6.792000e-03   8.264227e-04   2.758761e-04
 6.840000e-03   2.799751e-03   7.410150e-04
 6.888000e-03   1.952386e-03   5.291720e-04
 6.936000e-03   2.269935e-03   5.443895e-04
 6.984000e-03   2.637366e-03   7.355085e-04
 7.032000e-03   9.466307e-04   3.497788e-04
 7.080000e-03   8.850636e-04   3.464339e-04
 7.128000e-03   3.692956e-03   1.224875e-03
 7.176000e-03   2.197674e-03   9.711947e-04
 7.224000e-03   2.782005e-03   1.045553e-03
 7.272000e-03   1.421806e-03   4.457542e-04
 7.320000e-03   4.008570e-03   1.183075e-03
 7.368000e-03   1.009262e-04   5.869181e-05
 7.416000e-03   1.468549e-03   4.309761e-04
 7.464000e-03   7.743641e-04   3.591118e-04
 7.512000e-03   2.118026e-03   5.092422e-04
 7.560000e-03   8.182430e-03   2.940820e-03
 7.608000e-03   8.097231e-04   3.525596e-04
 7.656000e-03   3.237771e-03   7.790585e-04
 7.704000e-03   2.098489e-03   8.132792e-04
 7.752000e-03   1.843284e-03   5.856294e-04
 7.800000e-03   2.003955e-03   4.664458e-04
 7.848000e-03   1.902282e-03   8.165670e-04
 7.896000e-03   1.775845e-03   5.864400e-04
 7.944000e-03   2.189367e-03   6.685226e-04
 7.992000e-03   1.783332e-03   5.059259e-04
 8.040000e-03   2.541764e-03   6.525645e-04
 8.088000e-03   4.136256e-03   1.339007e-03
 8.136000e-03   1.877436e-03   5.372350e-04
 8.184000e-03   4.046953e-03   1.318952e-03
 8.232000e-03   2.360437e-03   7.517000e-04
 8.280000e-03   2.617237e-04   1.164521e-04
 8.328000e-03   1.011804e-03   4.838711e-04
 8.376000e-03   3.458872e-03   9.238385e-04
 8.424000e-03   1.962612e-03   7.807095e-04
 8.472000e-03   1.440794e-03   5.857481e-04
 8.520000e-03   2.435841e-03   7.791819e-04
 8.568000e-03   1.145959e-03   4.579207e-04
 8.616000e-03   1.434803e-03   5.003012e-04
 8.664000e-03   1.529363e-03   3.682153e-04
 8.712000e-03   1.592586e-03   4.946389e-04
 8.760000e-03   2.632604e-03   6.714165e-04
 8.808000e-03   3.608924e-03   1.103453e-03
 8.856000e-03   1.754776e-03   5.996547e-04
 8.904000e-03   1.957111e-03   7.134824e-04
 8.952000e-03   1.166282e-03   3.899149e-04
 9.000000e-03   1.566183e-03   6.609160e-04
 9.048000e-03   2.001903e-03   6.112046e-04
 9.096000e-03   2.932208e-03   8.447851e-04
 9.144000e-03   1.873864e-03   5.998581e-04
 9.192000e-03   1.575952e-03   5.354175e-04
 9.240000e-03   3.235690e-03   9.132507e-04
 9.288000e-03   5.771971e-04   2.285149e-04
 9.336000e-03   8.730415e-04   3.388208e-04
 9.384000e-03   1.607450e-03   3.915059e-04
 9.432000e-03   5.124599e-03   2.554652e-03
 9.480000e-03   2.290136e-03   5.901711e-04
 9.528000e-03   1.278230e-03   5.196317e-04
 9.576000e-03   2.923890e-03   1.006923e-03
 9.624000e-03   6.236627e-04   2.284619e-04
 9.672000e-03   1.810213e-03   7.074651e-04
 9.720000e-03   7.136054e-03   1.909442e-03
 9.768000e-03   1.482924e-03   5.483720e-04
 9.816000e-03   1.742039e-03   5.112496e-04
 9.864000e-03   2.094673e-03   5.566597e-04
 9.912000e-03   4.028794e-03   1.300925e-03
 9.960000e-03   2.746878e-03   6.950110e-04
 1.000800e-02   2.688330e-03   8.048488e-04
 1.005600e-02   2.152782e-03   6.282373e-04
 1.010400e-02   3.111694e-03   8.631133e-04
 1.015200e-02   8.745115e-04   3.763180e-04
 1.020000e-02   2.343839e-03   7.065875e-04
 1.024800e-02   2.858364e-03   7.762514e-04
 1.029600e-02   1.726055e-03   4.867974e-04
 1.034400e-02   1.006583e-02   4.392965e-03
 1.039200e-02   3.019449e-03   8.277491e-04
 1.044000e-02   5.100369e-03   1.571445e-03
 1.048800e-02   1.185418e-03   3.911899e-04
 1.053600e-02   8.108444e-04   2.915260e-04
 1.058400e-02   2.837128e-03   9.095318e-04
 1.063200e-02   1.301133e-03   5.527086e-04
 1.068000e-02   1.665366e-03   7.852791e-04
 1.072800e-02   2.743015e-03   8.160097e-04
 1.077600e-02   2.809367e-03   6.905919e-04
 1.082400e-02   1.145325e-03   3.889628e-04
 1.087200e-02   2.179108e-03   8.751247e-04
 1.092000e-02   2.827373e-03   1.428666e-03
 1.096800e-02   2.470094e-04   1.014034e-04
 1.101600e-02   1.520068e-03   6.002584e-04
 1.106400e-02   9.517123e-04   3.644390e-04
 1.111200e-02   2.655719e-03   7.230092e-04
 1.116000e-02   1.313734e-02   4.792889e-03
 1.120800e-02   1.669540e-03   4.984047e-04
 1.125600e-02   1.303942e-03   4.280791e-04
 1.130400e-02   2.631119e-03   6.427825e-04
 1.135200e-02   1.824325e-03   4.744014e-04
 1.140000e-02   4.299483e-03   1.471954e-03
 1.144800e-02   8.436494e-04   2.852667e-04
 1.149600e-02   1.785057e-03   5.298458e-04
 1.154400e-02   4.279905e-03   1.309762e-03
 1.159200e-02   3.071098e-03   1.058779e-03
 1.164000e-02   2.888801e-03   7.343586e-04
 1.168800e-02   3.952702e-04   1.737512e-04
 1.173600e-02   7.016917e-05   5.493292e-05
 1.178400e-02   2.333514e-03   4.285446e-04
 1.183200e-02   5.168403e-06   5.105398e-06
 1.188000e-02   6.823156e-04   2.538682e-04
 1.192800e-02   1.395801e-03   4.832276e-04
 1.197600e-02   8.869715e-04   3.031129e-04
 inf   1.710189e-02   2.901201e-04
