x5_lab bin centers    value    Error 
-inf   1.475055e-02   9.511396e-04
-1.996000e-01   1.117853e-01   1.161140e-02
-1.988000e-01   1.722768e-01   3.742152e-02
-1.980000e-01   1.395108e-01   2.362335e-02
-1.972000e-01   1.724293e-01   3.970199e-02
-1.964000e-01   1.756228e-01   5.093792e-02
-1.956000e-01   1.596725e-01   2.339241e-02
-1.948000e-01   1.492086e-01   1.882012e-02
-1.940000e-01   1.387485e-01   1.387241e-02
-1.932000e-01   1.175270e-01   6.703388e-03
-1.924000e-01   1.639851e-01   1.865122e-02
-1.916000e-01   1.634451e-01   1.319898e-02
-1.908000e-01   1.203458e-01   8.222063e-03
-1.900000e-01   2.099511e-01   3.986041e-02
-1.892000e-01   1.342517e-01   9.952161e-03
-1.884000e-01   1.476716e-01   1.963077e-02
-1.876000e-01   1.365622e-01   9.844037e-03
-1.868000e-01   1.917605e-01   4.259272e-02
-1.860000e-01   1.909524e-01   2.517631e-02
-1.852000e-01   1.412118e-01   1.256351e-02
-1.844000e-01   1.743764e-01   1.968091e-02
-1.836000e-01   1.641325e-01   7.689145e-03
-1.828000e-01   3.150518e-01   7.200425e-02
-1.820000e-01   1.851794e-01   1.838228e-02
-1.812000e-01   1.946520e-01   1.712492e-02
-1.804000e-01   1.883553e-01   1.714481e-02
-1.796000e-01   1.808601e-01   2.073109e-02
-1.788000e-01   1.903711e-01   3.096001e-02
-1.780000e-01   2.035951e-01   4.329990e-02
-1.772000e-01   1.556992e-01   1.035944e-02
-1.764000e-01   1.636812e-01   1.483700e-02
-1.756000e-01   1.874124e-01   3.059110e-02
-1.748000e-01   2.032873e-01   1.744140e-02
-1.740000e-01   2.177157e-01   1.721091e-02
-1.732000e-01   2.494067e-01   3.761303e-02
-1.724000e-01   2.183918e-01   2.129093e-02
-1.716000e-01   1.927002e-01   2.397551e-02
-1.708000e-01   2.225953e-01   1.683037e-02
-1.700000e-01   2.191256e-01   2.207131e-02
-1.692000e-01   1.979208e-01   1.591619e-02
-1.684000e-01   2.174164e-01   1.841286e-02
-1.676000e-01   2.491274e-01   2.792821e-02
-1.668000e-01   2.710051e-01   6.164690e-02
-1.660000e-01   2.809137e-01   2.239224e-02
-1.652000e-01   2.372033e-01   1.403435e-02
-1.644000e-01   1.982354e-01   1.155603e-02
-1.636000e-01   2.815127e-01   3.448191e-02
-1.628000e-01   2.589270e-01   2.125008e-02
-1.620000e-01   2.461964e-01   2.918987e-02
-1.612000e-01   2.276525e-01   1.557220e-02
-1.604000e-01   2.291352e-01   1.766616e-02
-1.596000e-01   2.572614e-01   2.291255e-02
-1.588000e-01   2.483371e-01   1.742013e-02
-1.580000e-01   3.491367e-01   5.467613e-02
-1.572000e-01   2.728082e-01   1.987772e-02
-1.564000e-01   2.702822e-01   1.831042e-02
-1.556000e-01   3.095952e-01   2.911020e-02
-1.548000e-01   2.596047e-01   1.231857e-02
-1.540000e-01   3.370019e-01   4.734430e-02
-1.532000e-01   2.963911e-01   1.714828e-02
-1.524000e-01   2.612441e-01   1.702117e-02
-1.516000e-01   3.327242e-01   3.053787e-02
-1.508000e-01   2.729726e-01   1.887279e-02
-1.500000e-01   3.587898e-01   2.769332e-02
-1.492000e-01   3.356761e-01   2.731992e-02
-1.484000e-01   3.357758e-01   3.633189e-02
-1.476000e-01   3.658186e-01   3.322291e-02
-1.468000e-01   3.290999e-01   3.667874e-02
-1.460000e-01   3.213662e-01   2.060194e-02
-1.452000e-01   3.689081e-01   2.651052e-02
-1.444000e-01   3.390838e-01   2.987840e-02
-1.436000e-01   3.649156e-01   3.607266e-02
-1.428000e-01   3.848762e-01   2.639812e-02
-1.420000e-01   3.388388e-01   2.379126e-02
-1.412000e-01   4.224216e-01   3.070924e-02
-1.404000e-01   4.437307e-01   3.998263e-02
-1.396000e-01   4.079444e-01   5.228111e-02
-1.388000e-01   3.467092e-01   2.150019e-02
-1.380000e-01   4.185290e-01   3.046579e-02
-1.372000e-01   4.126817e-01   3.046771e-02
-1.364000e-01   4.310113e-01   3.711776e-02
-1.356000e-01   4.101680e-01   2.461255e-02
-1.348000e-01   4.425074e-01   3.113460e-02
-1.340000e-01   5.917499e-01   1.059609e-01
-1.332000e-01   5.171508e-01   6.839789e-02
-1.324000e-01   4.151986e-01   2.501529e-02
-1.316000e-01   5.456446e-01   5.470956e-02
-1.308000e-01   5.675904e-01   7.723346e-02
-1.300000e-01   4.417481e-01   1.724716e-02
-1.292000e-01   4.955647e-01   3.710005e-02
-1.284000e-01   4.902749e-01   3.661111e-02
-1.276000e-01   4.865718e-01   3.081162e-02
-1.268000e-01   5.521996e-01   5.246460e-02
-1.260000e-01   6.150816e-01   7.533256e-02
-1.252000e-01   5.070490e-01   3.413402e-02
-1.244000e-01   5.747536e-01   4.137791e-02
-1.236000e-01   5.126591e-01   2.427515e-02
-1.228000e-01   5.610465e-01   3.708443e-02
-1.220000e-01   6.751943e-01   8.169156e-02
-1.212000e-01   6.409219e-01   6.533557e-02
-1.204000e-01   5.746278e-01   4.183145e-02
-1.196000e-01   6.183936e-01   4.533510e-02
-1.188000e-01   6.482718e-01   4.475662e-02
-1.180000e-01   6.611238e-01   4.488849e-02
-1.172000e-01   6.512893e-01   4.899601e-02
-1.164000e-01   9.971226e-01   2.061838e-01
-1.156000e-01   9.349453e-01   1.557309e-01
-1.148000e-01   8.714479e-01   1.293170e-01
-1.140000e-01   6.255434e-01   2.670397e-02
-1.132000e-01   6.733176e-01   2.985782e-02
-1.124000e-01   8.003012e-01   6.496416e-02
-1.116000e-01   1.148865e+00   3.235091e-01
-1.108000e-01   8.299194e-01   5.588478e-02
-1.100000e-01   7.775545e-01   5.211360e-02
-1.092000e-01   1.073390e+00   1.847483e-01
-1.084000e-01   8.734365e-01   7.293766e-02
-1.076000e-01   1.044236e+00   1.266649e-01
-1.068000e-01   1.437190e+00   3.019858e-01
-1.060000e-01   7.648436e-01   1.668312e-02
-1.052000e-01   1.640446e+00   5.122643e-01
-1.044000e-01   8.662222e-01   5.089338e-02
-1.036000e-01   9.258143e-01   9.547244e-02
-1.028000e-01   9.393138e-01   7.278439e-02
-1.020000e-01   1.071860e+00   1.612355e-01
-1.012000e-01   1.252668e+00   2.178309e-01
-1.004000e-01   9.816734e-01   6.388195e-02
-9.960000e-02   1.166511e+00   1.122182e-01
-9.880000e-02   1.051098e+00   1.335449e-01
-9.800000e-02   1.100165e+00   7.550849e-02
-9.720000e-02   1.133110e+00   1.313678e-01
-9.640000e-02   1.171721e+00   5.963880e-02
-9.560000e-02   1.166624e+00   5.902011e-02
-9.480000e-02   1.163171e+00   9.105259e-02
-9.400000e-02   1.452217e+00   2.119821e-01
-9.320000e-02   1.066174e+00   5.146483e-02
-9.240000e-02   1.115417e+00   5.994664e-02
-9.160000e-02   5.043493e+00   3.313305e+00
-9.080000e-02   1.627180e+00   2.793754e-01
-9.000000e-02   1.302502e+00   1.119591e-01
-8.920000e-02   1.284779e+00   6.628070e-02
-8.840000e-02   1.527132e+00   2.065303e-01
-8.760000e-02   1.377448e+00   9.734967e-02
-8.680000e-02   1.709806e+00   3.363879e-01
-8.600000e-02   1.236122e+00   4.748851e-02
-8.520000e-02   1.390203e+00   5.826214e-02
-8.440000e-02   1.829708e+00   1.517027e-01
-8.360000e-02   1.575107e+00   1.565316e-01
-8.280000e-02   1.444405e+00   6.730948e-02
-8.200000e-02   1.590002e+00   1.015134e-01
-8.120000e-02   1.772493e+00   2.786972e-01
-8.040000e-02   1.482764e+00   7.153028e-02
-7.960000e-02   1.743980e+00   7.135249e-02
-7.880000e-02   1.741037e+00   8.725964e-02
-7.800000e-02   2.415302e+00   6.626603e-01
-7.720000e-02   1.872162e+00   1.248878e-01
-7.640000e-02   1.827211e+00   9.915489e-02
-7.560000e-02   4.514049e+00   1.706485e+00
-7.480000e-02   1.757325e+00   6.160439e-02
-7.400000e-02   1.964039e+00   1.531951e-01
-7.320000e-02   2.383646e+00   2.129753e-01
-7.240000e-02   2.388465e+00   1.840720e-01
-7.160000e-02   2.306609e+00   2.467518e-01
-7.080000e-02   2.158709e+00   1.566818e-01
-7.000000e-02   2.184911e+00   1.090205e-01
-6.920000e-02   2.053393e+00   8.281934e-02
-6.840000e-02   2.259332e+00   9.866213e-02
-6.760000e-02   2.248879e+00   1.013331e-01
-6.680000e-02   2.706301e+00   2.602222e-01
-6.600000e-02   2.991590e+00   3.812588e-01
-6.520000e-02   2.400129e+00   2.383023e-01
-6.440000e-02   2.402178e+00   1.301318e-01
-6.360000e-02   2.740489e+00   2.056457e-01
-6.280000e-02   4.129420e+00   7.001011e-01
-6.200000e-02   3.239694e+00   2.235848e-01
-6.120000e-02   3.083718e+00   3.919012e-01
-6.040000e-02   3.057055e+00   1.899772e-01
-5.960000e-02   3.645002e+00   4.361937e-01
-5.880000e-02   3.540716e+00   2.940464e-01
-5.800000e-02   3.249229e+00   2.101451e-01
-5.720000e-02   3.226038e+00   1.921646e-01
-5.640000e-02   4.452271e+00   9.293033e-01
-5.560000e-02   4.524882e+00   8.013420e-01
-5.480000e-02   4.864322e+00   7.417453e-01
-5.400000e-02   3.824297e+00   3.137112e-01
-5.320000e-02   4.220479e+00   3.504769e-01
-5.240000e-02   4.382903e+00   3.332398e-01
-5.160000e-02   4.325272e+00   4.175890e-01
-5.080000e-02   6.832746e+00   1.959321e+00
-5.000000e-02   4.184705e+00   4.474729e-01
-4.920000e-02   4.148288e+00   1.895176e-01
-4.840000e-02   4.954745e+00   3.694316e-01
-4.760000e-02   6.119563e+00   6.391462e-01
-4.680000e-02   5.328033e+00   6.044704e-01
-4.600000e-02   7.831020e+00   1.678577e+00
-4.520000e-02   7.394479e+00   9.224315e-01
-4.440000e-02   5.068088e+00   2.746898e-01
-4.360000e-02   5.844613e+00   4.246660e-01
-4.280000e-02   5.539327e+00   3.264769e-01
-4.200000e-02   6.245445e+00   4.706509e-01
-4.120000e-02   5.881614e+00   2.510723e-01
-4.040000e-02   6.112057e+00   3.435138e-01
-3.960000e-02   7.036880e+00   5.061154e-01
-3.880000e-02   7.544516e+00   1.100165e+00
-3.800000e-02   7.548731e+00   9.174640e-01
-3.720000e-02   6.176629e+00   3.506534e-01
-3.640000e-02   7.365294e+00   6.386264e-01
-3.560000e-02   7.115251e+00   4.254034e-01
-3.480000e-02   6.984699e+00   2.869071e-01
-3.400000e-02   1.401296e+01   3.306927e+00
-3.320000e-02   8.631554e+00   8.011042e-01
-3.240000e-02   8.756237e+00   7.781395e-01
-3.160000e-02   8.428349e+00   5.797926e-01
-3.080000e-02   1.290276e+01   2.840847e+00
-3.000000e-02   9.134103e+00   6.745179e-01
-2.920000e-02   8.570486e+00   5.253441e-01
-2.840000e-02   1.106830e+01   1.859074e+00
-2.760000e-02   1.737033e+01   4.835262e+00
-2.680000e-02   1.129124e+01   8.041597e-01
-2.600000e-02   1.180835e+01   1.138212e+00
-2.520000e-02   1.083188e+01   1.154487e+00
-2.440000e-02   1.424212e+01   1.765677e+00
-2.360000e-02   1.064885e+01   6.128061e-01
-2.280000e-02   1.098086e+01   4.920270e-01
-2.200000e-02   1.233699e+01   8.792707e-01
-2.120000e-02   1.196516e+01   8.666305e-01
-2.040000e-02   1.409187e+01   9.685071e-01
-1.960000e-02   1.184863e+01   5.157121e-01
-1.880000e-02   1.504118e+01   1.213378e+00
-1.800000e-02   1.885684e+01   3.989715e+00
-1.720000e-02   1.358232e+01   6.702729e-01
-1.640000e-02   1.800220e+01   4.077415e+00
-1.560000e-02   1.434101e+01   7.338624e-01
-1.480000e-02   1.472922e+01   1.033486e+00
-1.400000e-02   1.798361e+01   1.744894e+00
-1.320000e-02   3.860522e+01   1.378706e+01
-1.240000e-02   2.461700e+01   4.747662e+00
-1.160000e-02   1.580775e+01   8.759584e-01
-1.080000e-02   1.428506e+01   8.116860e-01
-1.000000e-02   1.728328e+01   1.258838e+00
-9.200000e-03   1.934062e+01   2.569672e+00
-8.400000e-03   2.138021e+01   3.102864e+00
-7.600000e-03   1.679365e+01   1.198892e+00
-6.800000e-03   1.788127e+01   2.104990e+00
-6.000000e-03   1.720426e+01   7.124962e-01
-5.200000e-03   2.905875e+01   8.453532e+00
-4.400000e-03   2.267000e+01   1.970872e+00
-3.600000e-03   1.941148e+01   1.204848e+00
-2.800000e-03   2.076589e+01   1.948150e+00
-2.000000e-03   1.920778e+01   1.277875e+00
-1.200000e-03   2.277157e+01   2.779666e+00
-4.000000e-04   1.275186e+03   1.460776e+02
 4.000000e-04   2.080004e+01   1.769365e+00
 1.200000e-03   1.957301e+01   1.468832e+00
 2.000000e-03   2.433642e+01   3.682192e+00
 2.800000e-03   2.012658e+01   2.052551e+00
 3.600000e-03   2.035653e+01   1.910214e+00
 4.400000e-03   3.342200e+01   6.397526e+00
 5.200000e-03   1.801540e+01   1.133424e+00
 6.000000e-03   1.901427e+01   1.220643e+00
 6.800000e-03   1.925516e+01   1.296917e+00
 7.600000e-03   1.696134e+01   8.861386e-01
 8.400000e-03   1.020596e+02   7.635656e+01
 9.200000e-03   2.374689e+01   5.330067e+00
 1.000000e-02   1.489456e+01   4.904065e-01
 1.080000e-02   2.205216e+01   3.799477e+00
 1.160000e-02   1.700779e+01   1.397159e+00
 1.240000e-02   1.658176e+01   1.313545e+00
 1.320000e-02   2.623298e+01   4.650891e+00
 1.400000e-02   1.689828e+01   1.264745e+00
 1.480000e-02   2.653457e+01   6.125620e+00
 1.560000e-02   1.762729e+01   3.116351e+00
 1.640000e-02   1.961801e+01   2.805371e+00
 1.720000e-02   1.318400e+01   1.332448e+00
 1.800000e-02   1.484167e+01   1.343934e+00
 1.880000e-02   1.179270e+01   5.928754e-01
 1.960000e-02   1.268966e+01   6.515136e-01
 2.040000e-02   1.291054e+01   6.246091e-01
 2.120000e-02   1.351036e+01   1.032137e+00
 2.200000e-02   1.366221e+01   1.130180e+00
 2.280000e-02   1.255539e+01   8.087458e-01
 2.360000e-02   1.451160e+01   1.516407e+00
 2.440000e-02   1.146374e+01   8.089094e-01
 2.520000e-02   9.468481e+00   2.407271e-01
 2.600000e-02   1.221529e+01   1.042780e+00
 2.680000e-02   1.207501e+01   9.993045e-01
 2.760000e-02   1.235332e+01   1.792457e+00
 2.840000e-02   1.051511e+01   7.814136e-01
 2.920000e-02   9.960377e+00   1.058032e+00
 3.000000e-02   1.064282e+01   7.849478e-01
 3.080000e-02   9.376846e+00   4.555607e-01
 3.160000e-02   9.259723e+00   1.122857e+00
 3.240000e-02   1.237028e+01   1.346512e+00
 3.320000e-02   9.554581e+00   8.076198e-01
 3.400000e-02   9.704536e+00   1.164684e+00
 3.480000e-02   1.182266e+01   1.709050e+00
 3.560000e-02   7.242777e+00   3.215201e-01
 3.640000e-02   9.384520e+00   1.882718e+00
 3.720000e-02   6.961138e+00   3.668737e-01
 3.800000e-02   6.736921e+00   5.770561e-01
 3.880000e-02   8.043005e+00   1.647736e+00
 3.960000e-02   6.651160e+00   4.769405e-01
 4.040000e-02   1.695875e+01   8.559985e+00
 4.120000e-02   6.873630e+00   7.141492e-01
 4.200000e-02   6.007452e+00   3.861364e-01
 4.280000e-02   5.401777e+00   2.609418e-01
 4.360000e-02   4.961322e+00   2.839585e-01
 4.440000e-02   6.630790e+00   7.403975e-01
 4.520000e-02   7.864993e+00   1.235934e+00
 4.600000e-02   4.799884e+00   2.464064e-01
 4.680000e-02   5.207394e+00   7.331156e-01
 4.760000e-02   4.980144e+00   4.054593e-01
 4.840000e-02   6.108552e+00   9.189707e-01
 4.920000e-02   4.591195e+00   3.395662e-01
 5.000000e-02   4.531774e+00   2.585309e-01
 5.080000e-02   4.352743e+00   3.659416e-01
 5.160000e-02   4.764121e+00   4.819677e-01
 5.240000e-02   4.843948e+00   5.334557e-01
 5.320000e-02   8.957282e+00   3.212357e+00
 5.400000e-02   3.832047e+00   2.475915e-01
 5.480000e-02   4.006829e+00   3.576380e-01
 5.560000e-02   4.396200e+00   4.676355e-01
 5.640000e-02   4.238511e+00   2.867861e-01
 5.720000e-02   3.540838e+00   2.403213e-01
 5.800000e-02   3.048561e+00   2.410194e-01
 5.880000e-02   3.538102e+00   5.473397e-01
 5.960000e-02   4.139978e+00   6.684952e-01
 6.040000e-02   4.288188e+00   8.464166e-01
 6.120000e-02   2.906020e+00   2.250783e-01
 6.200000e-02   3.092517e+00   2.235546e-01
 6.280000e-02   3.019127e+00   1.968422e-01
 6.360000e-02   2.687198e+00   1.386059e-01
 6.440000e-02   2.727816e+00   2.354822e-01
 6.520000e-02   2.967824e+00   4.145630e-01
 6.600000e-02   2.898303e+00   2.578315e-01
 6.680000e-02   2.744590e+00   2.158194e-01
 6.760000e-02   2.565605e+00   2.102834e-01
 6.840000e-02   3.498088e+00   8.316350e-01
 6.920000e-02   2.185482e+00   5.099556e-02
 7.000000e-02   2.120026e+00   1.005647e-01
 7.080000e-02   2.259080e+00   9.399040e-02
 7.160000e-02   1.920216e+00   1.085236e-01
 7.240000e-02   2.703748e+00   2.787235e-01
 7.320000e-02   2.163354e+00   1.241805e-01
 7.400000e-02   2.094128e+00   1.413444e-01
 7.480000e-02   2.076057e+00   1.049661e-01
 7.560000e-02   1.920456e+00   1.484119e-01
 7.640000e-02   2.135035e+00   1.647004e-01
 7.720000e-02   1.989680e+00   2.412050e-01
 7.800000e-02   1.993669e+00   1.385690e-01
 7.880000e-02   1.931900e+00   1.512486e-01
 7.960000e-02   1.690497e+00   1.264680e-01
 8.040000e-02   1.541306e+00   4.630698e-02
 8.120000e-02   2.020386e+00   2.314938e-01
 8.200000e-02   1.761039e+00   1.392130e-01
 8.280000e-02   1.759934e+00   1.595586e-01
 8.360000e-02   1.507592e+00   1.092567e-01
 8.440000e-02   1.417634e+00   5.214019e-02
 8.520000e-02   1.342450e+00   5.397149e-02
 8.600000e-02   1.547048e+00   1.153741e-01
 8.680000e-02   1.351088e+00   9.875943e-02
 8.760000e-02   1.461860e+00   1.013277e-01
 8.840000e-02   1.403508e+00   8.508553e-02
 8.920000e-02   1.555842e+00   2.250635e-01
 9.000000e-02   1.701694e+00   3.855661e-01
 9.080000e-02   1.244998e+00   6.882361e-02
 9.160000e-02   1.724558e+00   2.965746e-01
 9.240000e-02   1.521061e+00   1.728190e-01
 9.320000e-02   1.166441e+00   8.591345e-02
 9.400000e-02   1.462109e+00   9.187804e-02
 9.480000e-02   1.433402e+00   2.439080e-01
 9.560000e-02   1.355720e+00   1.603926e-01
 9.640000e-02   1.093308e+00   5.319103e-02
 9.720000e-02   1.475449e+00   1.525921e-01
 9.800000e-02   1.145419e+00   8.803657e-02
 9.880000e-02   1.051501e+00   5.890389e-02
 9.960000e-02   9.794755e-01   7.339470e-02
 1.004000e-01   1.318575e+00   1.722963e-01
 1.012000e-01   1.062282e+00   9.644780e-02
 1.020000e-01   8.344283e-01   5.242531e-02
 1.028000e-01   8.653965e-01   5.890906e-02
 1.036000e-01   1.156389e+00   8.066556e-02
 1.044000e-01   9.339525e-01   9.380067e-02
 1.052000e-01   7.891177e-01   5.901012e-02
 1.060000e-01   7.292134e-01   3.626745e-02
 1.068000e-01   7.849492e-01   4.196426e-02
 1.076000e-01   6.203157e-01   2.326308e-02
 1.084000e-01   9.365236e-01   1.124750e-01
 1.092000e-01   1.009564e+00   1.258847e-01
 1.100000e-01   7.548171e-01   4.768972e-02
 1.108000e-01   8.359905e-01   7.920523e-02
 1.116000e-01   7.189271e-01   5.857769e-02
 1.124000e-01   7.568839e-01   8.891095e-02
 1.132000e-01   6.389697e-01   3.342599e-02
 1.140000e-01   6.446725e-01   2.170424e-02
 1.148000e-01   7.200448e-01   5.734240e-02
 1.156000e-01   7.401185e-01   7.516119e-02
 1.164000e-01   7.819476e-01   1.282763e-01
 1.172000e-01   8.080049e-01   1.161883e-01
 1.180000e-01   7.451615e-01   7.809607e-02
 1.188000e-01   7.188164e-01   1.093975e-01
 1.196000e-01   7.215582e-01   7.810018e-02
 1.204000e-01   6.300251e-01   3.602829e-02
 1.212000e-01   6.804182e-01   9.133006e-02
 1.220000e-01   5.945362e-01   3.446730e-02
 1.228000e-01   6.654326e-01   5.914322e-02
 1.236000e-01   4.912928e-01   2.497388e-02
 1.244000e-01   5.134518e-01   3.337290e-02
 1.252000e-01   5.652829e-01   5.175723e-02
 1.260000e-01   7.222266e-01   1.082281e-01
 1.268000e-01   5.216423e-01   3.611831e-02
 1.276000e-01   6.139528e-01   8.127955e-02
 1.284000e-01   7.132138e-01   1.850881e-01
 1.292000e-01   5.534720e-01   8.763172e-02
 1.300000e-01   5.635213e-01   6.501037e-02
 1.308000e-01   4.947238e-01   6.758819e-02
 1.316000e-01   4.735728e-01   3.983298e-02
 1.324000e-01   4.037222e-01   1.590543e-02
 1.332000e-01   3.968813e-01   2.139290e-02
 1.340000e-01   4.827501e-01   3.183619e-02
 1.348000e-01   4.412779e-01   2.834767e-02
 1.356000e-01   4.768829e-01   4.335164e-02
 1.364000e-01   6.340346e-01   1.419824e-01
 1.372000e-01   3.820843e-01   2.629090e-02
 1.380000e-01   3.595102e-01   2.200036e-02
 1.388000e-01   4.594013e-01   5.191131e-02
 1.396000e-01   4.905432e-01   6.603118e-02
 1.404000e-01   3.733210e-01   1.890411e-02
 1.412000e-01   3.858994e-01   3.514443e-02
 1.420000e-01   9.178339e-01   3.580548e-01
 1.428000e-01   4.386897e-01   6.059061e-02
 1.436000e-01   3.287975e-01   1.856755e-02
 1.444000e-01   2.854848e-01   1.546663e-02
 1.452000e-01   4.754403e-01   6.583233e-02
 1.460000e-01   5.461611e-01   1.327717e-01
 1.468000e-01   2.927875e-01   1.316301e-02
 1.476000e-01   7.162842e-01   2.069644e-01
 1.484000e-01   2.650648e-01   1.926632e-02
 1.492000e-01   4.943267e-01   1.427929e-01
 1.500000e-01   3.988470e-01   3.823199e-02
 1.508000e-01   3.540349e-01   4.059872e-02
 1.516000e-01   3.009105e-01   4.288109e-02
 1.524000e-01   3.347610e-01   3.525302e-02
 1.532000e-01   2.883311e-01   2.426300e-02
 1.540000e-01   2.968577e-01   3.201767e-02
 1.548000e-01   3.132592e-01   3.778291e-02
 1.556000e-01   4.007527e-01   6.616554e-02
 1.564000e-01   3.935154e-01   4.996309e-02
 1.572000e-01   2.501194e-01   2.052316e-02
 1.580000e-01   2.818619e-01   3.218416e-02
 1.588000e-01   2.696678e-01   2.767878e-02
 1.596000e-01   2.568669e-01   2.898255e-02
 1.604000e-01   2.609405e-01   1.854859e-02
 1.612000e-01   2.739461e-01   4.010024e-02
 1.620000e-01   2.316797e-01   1.773483e-02
 1.628000e-01   2.989688e-01   3.672484e-02
 1.636000e-01   2.607449e-01   3.198631e-02
 1.644000e-01   2.642140e-01   1.990918e-02
 1.652000e-01   2.522766e-01   2.535851e-02
 1.660000e-01   3.625873e-01   5.338320e-02
 1.668000e-01   3.416629e-01   6.197798e-02
 1.676000e-01   2.263073e-01   2.003048e-02
 1.684000e-01   3.178517e-01   6.544921e-02
 1.692000e-01   2.025431e-01   1.687438e-02
 1.700000e-01   2.083986e-01   1.775445e-02
 1.708000e-01   2.302906e-01   2.390899e-02
 1.716000e-01   3.200633e-01   6.592966e-02
 1.724000e-01   3.241332e-01   5.321913e-02
 1.732000e-01   2.417989e-01   3.907677e-02
 1.740000e-01   1.614336e-01   5.984913e-03
 1.748000e-01   2.017612e-01   2.850394e-02
 1.756000e-01   1.839376e-01   1.425944e-02
 1.764000e-01   2.143362e-01   2.863131e-02
 1.772000e-01   1.559272e-01   1.072184e-02
 1.780000e-01   1.731504e-01   7.280380e-03
 1.788000e-01   1.961839e-01   1.965670e-02
 1.796000e-01   2.450322e-01   4.286932e-02
 1.804000e-01   1.985485e-01   3.401083e-02
 1.812000e-01   2.110554e-01   2.794825e-02
 1.820000e-01   1.873144e-01   3.176522e-02
 1.828000e-01   2.395235e-01   4.846543e-02
 1.836000e-01   1.790054e-01   2.008822e-02
 1.844000e-01   2.525278e-01   6.487350e-02
 1.852000e-01   1.902743e-01   2.196583e-02
 1.860000e-01   1.537267e-01   1.591077e-02
 1.868000e-01   1.528579e-01   1.539111e-02
 1.876000e-01   1.602739e-01   1.540328e-02
 1.884000e-01   1.787412e-01   1.578541e-02
 1.892000e-01   2.910282e-01   8.942809e-02
 1.900000e-01   1.378853e-01   1.871632e-02
 1.908000e-01   2.450552e-01   6.497228e-02
 1.916000e-01   1.433864e-01   1.949000e-02
 1.924000e-01   1.292863e-01   9.628150e-03
 1.932000e-01   1.874389e-01   3.021892e-02
 1.940000e-01   1.273650e-01   9.427421e-03
 1.948000e-01   1.477785e-01   1.120626e-02
 1.956000e-01   1.187728e-01   9.893265e-03
 1.964000e-01   1.554055e-01   1.786851e-02
 1.972000e-01   1.711347e-01   4.400749e-02
 1.980000e-01   1.187908e-01   7.699338e-03
 1.988000e-01   1.200001e-01   1.555824e-02
 1.996000e-01   1.372862e-01   1.338011e-02
 inf   1.516008e-02   7.480298e-04
