Emu_lab bin centers    value    Error 
-inf   7.575426e-03   3.250085e-03
 9.500600e+04   6.876219e-09   6.876219e-09
 9.501800e+04   8.046939e-07   5.392882e-07
 9.503000e+04   0.000000e+00   0.000000e+00
 9.504200e+04   0.000000e+00   0.000000e+00
 9.505400e+04   3.911916e-07   3.911916e-07
 9.506600e+04   0.000000e+00   0.000000e+00
 9.507800e+04   0.000000e+00   0.000000e+00
 9.509000e+04   0.000000e+00   0.000000e+00
 9.510200e+04   0.000000e+00   0.000000e+00
 9.511400e+04   0.000000e+00   0.000000e+00
 9.512600e+04   0.000000e+00   0.000000e+00
 9.513800e+04   8.323149e-08   8.323149e-08
 9.515000e+04   1.863347e-06   1.566065e-06
 9.516200e+04   0.000000e+00   0.000000e+00
 9.517400e+04   0.000000e+00   0.000000e+00
 9.518600e+04   0.000000e+00   0.000000e+00
 9.519800e+04   6.564517e-06   6.564517e-06
 9.521000e+04   2.727216e-06   2.021105e-06
 9.522200e+04   0.000000e+00   0.000000e+00
 9.523400e+04   1.480715e-07   1.480715e-07
 9.524600e+04   0.000000e+00   0.000000e+00
 9.525800e+04   0.000000e+00   0.000000e+00
 9.527000e+04   0.000000e+00   0.000000e+00
 9.528200e+04   0.000000e+00   0.000000e+00
 9.529400e+04   0.000000e+00   0.000000e+00
 9.530600e+04   0.000000e+00   0.000000e+00
 9.531800e+04   0.000000e+00   0.000000e+00
 9.533000e+04   0.000000e+00   0.000000e+00
 9.534200e+04   0.000000e+00   0.000000e+00
 9.535400e+04   2.763457e-08   2.763457e-08
 9.536600e+04   0.000000e+00   0.000000e+00
 9.537800e+04   2.279801e-09   2.279801e-09
 9.539000e+04   0.000000e+00   0.000000e+00
 9.540200e+04   1.580273e-06   1.580273e-06
 9.541400e+04   1.685657e-07   1.685657e-07
 9.542600e+04   0.000000e+00   0.000000e+00
 9.543800e+04   0.000000e+00   0.000000e+00
 9.545000e+04   0.000000e+00   0.000000e+00
 9.546200e+04   7.121663e-08   7.121663e-08
 9.547400e+04   0.000000e+00   0.000000e+00
 9.548600e+04   1.604884e-07   1.604884e-07
 9.549800e+04   1.160180e-06   1.117024e-06
 9.551000e+04   7.966202e-08   7.966202e-08
 9.552200e+04   0.000000e+00   0.000000e+00
 9.553400e+04   2.876755e-06   2.876755e-06
 9.554600e+04   0.000000e+00   0.000000e+00
 9.555800e+04   0.000000e+00   0.000000e+00
 9.557000e+04   8.631531e-07   8.631531e-07
 9.558200e+04   9.766556e-07   9.494322e-07
 9.559400e+04   3.443236e-06   3.443236e-06
 9.560600e+04   9.386523e-07   9.386523e-07
 9.561800e+04   7.567792e-07   7.567792e-07
 9.563000e+04   2.320700e-07   2.320700e-07
 9.564200e+04   5.747511e-06   5.386754e-06
 9.565400e+04   0.000000e+00   0.000000e+00
 9.566600e+04   2.719134e-07   2.719134e-07
 9.567800e+04   3.590803e-07   3.590803e-07
 9.569000e+04   0.000000e+00   0.000000e+00
 9.570200e+04   0.000000e+00   0.000000e+00
 9.571400e+04   2.096972e-07   2.096972e-07
 9.572600e+04   1.528447e-07   1.200020e-07
 9.573800e+04   0.000000e+00   0.000000e+00
 9.575000e+04   1.830534e-06   1.793868e-06
 9.576200e+04   0.000000e+00   0.000000e+00
 9.577400e+04   2.225473e-07   2.225473e-07
 9.578600e+04   0.000000e+00   0.000000e+00
 9.579800e+04   1.824570e-06   1.824570e-06
 9.581000e+04   0.000000e+00   0.000000e+00
 9.582200e+04   1.363768e-06   9.743051e-07
 9.583400e+04   0.000000e+00   0.000000e+00
 9.584600e+04   3.317088e-07   3.317088e-07
 9.585800e+04   7.311495e-07   6.689557e-07
 9.587000e+04   2.024216e-08   2.024216e-08
 9.588200e+04   1.953694e-06   1.953694e-06
 9.589400e+04   7.348313e-09   7.348313e-09
 9.590600e+04   1.632140e-08   1.632140e-08
 9.591800e+04   8.710993e-08   8.710993e-08
 9.593000e+04   1.234768e-08   1.234768e-08
 9.594200e+04   9.767831e-07   9.767831e-07
 9.595400e+04   2.078758e-06   2.078758e-06
 9.596600e+04   0.000000e+00   0.000000e+00
 9.597800e+04   0.000000e+00   0.000000e+00
 9.599000e+04   0.000000e+00   0.000000e+00
 9.600200e+04   0.000000e+00   0.000000e+00
 9.601400e+04   0.000000e+00   0.000000e+00
 9.602600e+04   7.435587e-07   7.435587e-07
 9.603800e+04   8.104632e-08   8.104632e-08
 9.605000e+04   1.720949e-07   1.720949e-07
 9.606200e+04   1.539570e-07   1.539570e-07
 9.607400e+04   0.000000e+00   0.000000e+00
 9.608600e+04   1.371770e-08   1.371770e-08
 9.609800e+04   0.000000e+00   0.000000e+00
 9.611000e+04   0.000000e+00   0.000000e+00
 9.612200e+04   0.000000e+00   0.000000e+00
 9.613400e+04   1.805566e-08   1.805566e-08
 9.614600e+04   1.928082e-07   1.928082e-07
 9.615800e+04   0.000000e+00   0.000000e+00
 9.617000e+04   4.442883e-07   4.442883e-07
 9.618200e+04   0.000000e+00   0.000000e+00
 9.619400e+04   6.373153e-08   6.373153e-08
 9.620600e+04   1.641133e-07   1.641133e-07
 9.621800e+04   7.754589e-09   7.754589e-09
 9.623000e+04   0.000000e+00   0.000000e+00
 9.624200e+04   6.998866e-07   5.836359e-07
 9.625400e+04   1.347455e-07   1.347455e-07
 9.626600e+04   0.000000e+00   0.000000e+00
 9.627800e+04   0.000000e+00   0.000000e+00
 9.629000e+04   0.000000e+00   0.000000e+00
 9.630200e+04   1.949414e-07   1.949414e-07
 9.631400e+04   0.000000e+00   0.000000e+00
 9.632600e+04   0.000000e+00   0.000000e+00
 9.633800e+04   3.787470e-07   2.564441e-07
 9.635000e+04   0.000000e+00   0.000000e+00
 9.636200e+04   1.059160e-06   1.059160e-06
 9.637400e+04   8.069166e-08   8.069166e-08
 9.638600e+04   3.557884e-07   2.814643e-07
 9.639800e+04   0.000000e+00   0.000000e+00
 9.641000e+04   4.340752e-08   4.340752e-08
 9.642200e+04   2.044181e-08   2.044181e-08
 9.643400e+04   2.925111e-06   2.140458e-06
 9.644600e+04   3.132167e-08   3.132167e-08
 9.645800e+04   0.000000e+00   0.000000e+00
 9.647000e+04   5.507738e-07   5.507738e-07
 9.648200e+04   7.588788e-06   7.555523e-06
 9.649400e+04   2.282174e-07   2.077855e-07
 9.650600e+04   7.227523e-09   7.227523e-09
 9.651800e+04   1.064490e-08   1.064490e-08
 9.653000e+04   2.890546e-07   2.890546e-07
 9.654200e+04   8.836443e-07   6.293138e-07
 9.655400e+04   6.156164e-06   5.876077e-06
 9.656600e+04   2.293711e-07   2.293711e-07
 9.657800e+04   7.486336e-07   7.486336e-07
 9.659000e+04   7.078487e-09   7.078487e-09
 9.660200e+04   1.917824e-09   1.917824e-09
 9.661400e+04   2.565677e-07   2.565677e-07
 9.662600e+04   1.033483e-07   1.033483e-07
 9.663800e+04   3.456803e-07   3.456803e-07
 9.665000e+04   5.505781e-08   5.505781e-08
 9.666200e+04   6.067675e-07   6.067675e-07
 9.667400e+04   2.189971e-06   2.183255e-06
 9.668600e+04   5.561339e-09   5.561339e-09
 9.669800e+04   5.828582e-09   5.828582e-09
 9.671000e+04   0.000000e+00   0.000000e+00
 9.672200e+04   1.328244e-06   1.212391e-06
 9.673400e+04   4.532021e-06   4.475542e-06
 9.674600e+04   9.243866e-07   6.203368e-07
 9.675800e+04   3.312078e-07   3.312078e-07
 9.677000e+04   0.000000e+00   0.000000e+00
 9.678200e+04   6.410836e-07   4.979850e-07
 9.679400e+04   2.552112e-06   2.552112e-06
 9.680600e+04   1.141405e-06   8.007399e-07
 9.681800e+04   0.000000e+00   0.000000e+00
 9.683000e+04   1.348325e-06   1.102380e-06
 9.684200e+04   1.148149e-06   9.938179e-07
 9.685400e+04   1.997974e-07   1.711536e-07
 9.686600e+04   0.000000e+00   0.000000e+00
 9.687800e+04   5.093242e-07   5.093242e-07
 9.689000e+04   0.000000e+00   0.000000e+00
 9.690200e+04   8.224701e-06   8.224701e-06
 9.691400e+04   2.098866e-07   2.098866e-07
 9.692600e+04   1.921799e-06   1.921799e-06
 9.693800e+04   2.213459e-07   1.761292e-07
 9.695000e+04   2.811154e-07   2.811154e-07
 9.696200e+04   1.454323e-06   1.282877e-06
 9.697400e+04   4.026651e-07   4.026651e-07
 9.698600e+04   4.113370e-07   2.908908e-07
 9.699800e+04   0.000000e+00   0.000000e+00
 9.701000e+04   5.963539e-07   5.963539e-07
 9.702200e+04   0.000000e+00   0.000000e+00
 9.703400e+04   2.168168e-08   2.168168e-08
 9.704600e+04   0.000000e+00   0.000000e+00
 9.705800e+04   0.000000e+00   0.000000e+00
 9.707000e+04   9.598334e-06   9.598334e-06
 9.708200e+04   8.594833e-09   8.594833e-09
 9.709400e+04   1.875920e-07   1.875920e-07
 9.710600e+04   0.000000e+00   0.000000e+00
 9.711800e+04   3.215465e-08   3.215465e-08
 9.713000e+04   0.000000e+00   0.000000e+00
 9.714200e+04   9.162080e-08   9.162080e-08
 9.715400e+04   1.717418e-07   1.717418e-07
 9.716600e+04   6.592386e-07   6.592386e-07
 9.717800e+04   2.628228e-07   1.883984e-07
 9.719000e+04   7.313662e-06   5.472810e-06
 9.720200e+04   4.163222e-07   3.850966e-07
 9.721400e+04   2.557726e-07   1.790081e-07
 9.722600e+04   0.000000e+00   0.000000e+00
 9.723800e+04   0.000000e+00   0.000000e+00
 9.725000e+04   1.648444e-06   1.122194e-06
 9.726200e+04   4.051905e-06   2.251645e-06
 9.727400e+04   0.000000e+00   0.000000e+00
 9.728600e+04   1.819929e-06   1.819929e-06
 9.729800e+04   8.825198e-07   8.825198e-07
 9.731000e+04   0.000000e+00   0.000000e+00
 9.732200e+04   0.000000e+00   0.000000e+00
 9.733400e+04   3.662730e-07   2.795527e-07
 9.734600e+04   0.000000e+00   0.000000e+00
 9.735800e+04   2.806865e-07   2.806865e-07
 9.737000e+04   1.225114e-06   1.225114e-06
 9.738200e+04   1.012889e-05   1.012889e-05
 9.739400e+04   1.053116e-07   1.053116e-07
 9.740600e+04   6.277316e-07   6.137480e-07
 9.741800e+04   0.000000e+00   0.000000e+00
 9.743000e+04   0.000000e+00   0.000000e+00
 9.744200e+04   1.573037e-06   1.382628e-06
 9.745400e+04   2.005778e-08   2.005778e-08
 9.746600e+04   0.000000e+00   0.000000e+00
 9.747800e+04   2.052481e-07   2.052481e-07
 9.749000e+04   1.854281e-06   1.562928e-06
 9.750200e+04   6.184286e-07   6.184286e-07
 9.751400e+04   1.093166e-06   7.423780e-07
 9.752600e+04   0.000000e+00   0.000000e+00
 9.753800e+04   1.500243e-08   1.500243e-08
 9.755000e+04   0.000000e+00   0.000000e+00
 9.756200e+04   7.476577e-07   7.476577e-07
 9.757400e+04   2.894664e-07   2.505697e-07
 9.758600e+04   4.154523e-06   3.959413e-06
 9.759800e+04   5.606531e-08   5.606531e-08
 9.761000e+04   5.607631e-06   4.199147e-06
 9.762200e+04   2.913352e-07   2.913352e-07
 9.763400e+04   6.682996e-08   6.682996e-08
 9.764600e+04   0.000000e+00   0.000000e+00
 9.765800e+04   1.532683e-05   1.532683e-05
 9.767000e+04   1.482781e-07   1.482781e-07
 9.768200e+04   1.820865e-07   1.820865e-07
 9.769400e+04   0.000000e+00   0.000000e+00
 9.770600e+04   9.286303e-08   9.286303e-08
 9.771800e+04   0.000000e+00   0.000000e+00
 9.773000e+04   0.000000e+00   0.000000e+00
 9.774200e+04   8.736856e-07   8.024696e-07
 9.775400e+04   0.000000e+00   0.000000e+00
 9.776600e+04   2.488717e-07   2.488717e-07
 9.777800e+04   0.000000e+00   0.000000e+00
 9.779000e+04   2.664754e-06   1.957016e-06
 9.780200e+04   6.853809e-07   6.853809e-07
 9.781400e+04   1.429294e-06   1.374481e-06
 9.782600e+04   0.000000e+00   0.000000e+00
 9.783800e+04   2.091919e-07   2.091919e-07
 9.785000e+04   1.703680e-07   1.703680e-07
 9.786200e+04   8.740946e-06   5.515636e-06
 9.787400e+04   8.019529e-07   8.019529e-07
 9.788600e+04   0.000000e+00   0.000000e+00
 9.789800e+04   3.098585e-07   3.098585e-07
 9.791000e+04   9.097841e-07   9.097841e-07
 9.792200e+04   0.000000e+00   0.000000e+00
 9.793400e+04   1.705070e-06   1.130863e-06
 9.794600e+04   1.188261e-07   8.758712e-08
 9.795800e+04   2.847893e-07   1.935318e-07
 9.797000e+04   2.269188e-07   1.931381e-07
 9.798200e+04   7.081174e-06   4.889396e-06
 9.799400e+04   5.821232e-07   5.554943e-07
 9.800600e+04   1.331497e-06   6.685396e-07
 9.801800e+04   0.000000e+00   0.000000e+00
 9.803000e+04   0.000000e+00   0.000000e+00
 9.804200e+04   8.568691e-07   8.568691e-07
 9.805400e+04   0.000000e+00   0.000000e+00
 9.806600e+04   5.945830e-07   5.945830e-07
 9.807800e+04   1.080206e-06   1.080206e-06
 9.809000e+04   2.591942e-07   2.374560e-07
 9.810200e+04   1.459568e-06   1.450006e-06
 9.811400e+04   0.000000e+00   0.000000e+00
 9.812600e+04   2.384618e-06   2.384618e-06
 9.813800e+04   7.361555e-07   6.017174e-07
 9.815000e+04   0.000000e+00   0.000000e+00
 9.816200e+04   0.000000e+00   0.000000e+00
 9.817400e+04   2.410521e-07   2.410521e-07
 9.818600e+04   6.694508e-07   6.254255e-07
 9.819800e+04   7.847825e-07   7.776040e-07
 9.821000e+04   8.137346e-06   6.620824e-06
 9.822200e+04   2.341765e-07   1.941723e-07
 9.823400e+04   3.735841e-08   3.735841e-08
 9.824600e+04   2.776548e-07   1.988279e-07
 9.825800e+04   0.000000e+00   0.000000e+00
 9.827000e+04   7.889171e-07   6.674643e-07
 9.828200e+04   5.516837e-07   5.516837e-07
 9.829400e+04   1.911232e-07   1.570475e-07
 9.830600e+04   0.000000e+00   0.000000e+00
 9.831800e+04   6.065684e-08   6.065684e-08
 9.833000e+04   3.012210e-06   3.012210e-06
 9.834200e+04   9.713483e-08   9.713483e-08
 9.835400e+04   2.541341e-07   1.352944e-07
 9.836600e+04   1.967709e-08   1.967709e-08
 9.837800e+04   2.620534e-06   2.620534e-06
 9.839000e+04   5.499211e-06   5.499211e-06
 9.840200e+04   4.235089e-07   3.357474e-07
 9.841400e+04   1.267027e-07   1.114551e-07
 9.842600e+04   3.756948e-06   3.756948e-06
 9.843800e+04   5.064380e-07   5.064380e-07
 9.845000e+04   3.174041e-07   3.174041e-07
 9.846200e+04   7.644180e-07   7.323863e-07
 9.847400e+04   0.000000e+00   0.000000e+00
 9.848600e+04   2.484896e-07   2.484896e-07
 9.849800e+04   9.707792e-07   5.964264e-07
 9.851000e+04   2.691277e-06   1.753066e-06
 9.852200e+04   3.113469e-07   3.113469e-07
 9.853400e+04   2.816462e-09   2.816462e-09
 9.854600e+04   6.464265e-06   5.959944e-06
 9.855800e+04   6.591285e-06   6.387400e-06
 9.857000e+04   1.735154e-07   1.735154e-07
 9.858200e+04   1.645026e-06   1.645026e-06
 9.859400e+04   8.088569e-07   8.088569e-07
 9.860600e+04   6.947498e-07   5.061408e-07
 9.861800e+04   6.728551e-08   6.728551e-08
 9.863000e+04   3.817772e-06   2.781944e-06
 9.864200e+04   1.134151e-06   1.036776e-06
 9.865400e+04   2.300041e-06   2.117512e-06
 9.866600e+04   1.219623e-06   1.170259e-06
 9.867800e+04   6.921958e-08   5.288497e-08
 9.869000e+04   2.515744e-06   1.901264e-06
 9.870200e+04   1.217023e-06   1.217023e-06
 9.871400e+04   2.084952e-08   1.500287e-08
 9.872600e+04   9.623545e-07   5.510160e-07
 9.873800e+04   1.056356e-06   9.633403e-07
 9.875000e+04   7.786726e-07   6.719347e-07
 9.876200e+04   4.934742e-06   3.686623e-06
 9.877400e+04   1.122968e-06   7.312929e-07
 9.878600e+04   1.605081e-06   8.334729e-07
 9.879800e+04   2.851709e-08   2.639543e-08
 9.881000e+04   2.206458e-06   1.921597e-06
 9.882200e+04   1.987368e-06   1.654070e-06
 9.883400e+04   3.369984e-05   3.245689e-05
 9.884600e+04   2.888149e-07   2.030062e-07
 9.885800e+04   8.213803e-06   5.298992e-06
 9.887000e+04   1.501656e-07   1.101482e-07
 9.888200e+04   3.612112e-07   3.076862e-07
 9.889400e+04   1.014783e-06   6.765318e-07
 9.890600e+04   5.943885e-07   4.148912e-07
 9.891800e+04   1.133544e-05   1.132445e-05
 9.893000e+04   2.742619e-06   2.141592e-06
 9.894200e+04   1.691724e-06   1.691724e-06
 9.895400e+04   1.174679e-05   9.175625e-06
 9.896600e+04   2.184256e-06   1.797564e-06
 9.897800e+04   2.833461e-06   2.182336e-06
 9.899000e+04   1.236321e-05   1.113225e-05
 9.900200e+04   5.516220e-06   3.729773e-06
 9.901400e+04   3.714423e-06   2.280725e-06
 9.902600e+04   6.014563e-06   5.135100e-06
 9.903800e+04   1.953512e-06   1.308190e-06
 9.905000e+04   1.429438e-09   1.429438e-09
 9.906200e+04   3.261745e-06   2.693260e-06
 9.907400e+04   1.114825e-07   1.067282e-07
 9.908600e+04   2.129500e-07   1.349132e-07
 9.909800e+04   4.774278e-07   3.934072e-07
 9.911000e+04   5.021251e-06   4.562576e-06
 9.912200e+04   1.211648e-05   8.149252e-06
 9.913400e+04   7.090940e-06   4.601299e-06
 9.914600e+04   4.851244e-07   4.505412e-07
 9.915800e+04   2.029896e-06   2.000377e-06
 9.917000e+04   9.613353e-06   7.301899e-06
 9.918200e+04   8.287037e-06   4.272078e-06
 9.919400e+04   6.556788e-07   4.876108e-07
 9.920600e+04   1.672364e-06   1.672364e-06
 9.921800e+04   7.226536e-06   3.421199e-06
 9.923000e+04   6.332837e-07   4.700797e-07
 9.924200e+04   1.300212e-06   1.140814e-06
 9.925400e+04   3.469583e-06   2.877123e-06
 9.926600e+04   2.287121e-05   2.147443e-05
 9.927800e+04   1.602207e-05   1.035988e-05
 9.929000e+04   3.554560e-06   2.928256e-06
 9.930200e+04   8.382990e-06   8.044267e-06
 9.931400e+04   6.894149e-06   4.763412e-06
 9.932600e+04   9.583197e-07   8.389149e-07
 9.933800e+04   5.785465e-06   3.700503e-06
 9.935000e+04   1.397658e-05   9.852174e-06
 9.936200e+04   6.085048e-06   4.053076e-06
 9.937400e+04   7.132026e-06   4.366872e-06
 9.938600e+04   2.869806e-06   2.863260e-06
 9.939800e+04   1.758250e-05   1.746648e-05
 9.941000e+04   2.274196e-06   1.591322e-06
 9.942200e+04   4.323563e-06   3.040522e-06
 9.943400e+04   1.686793e-06   1.236952e-06
 9.944600e+04   1.482893e-06   9.158003e-07
 9.945800e+04   2.338963e-06   1.924699e-06
 9.947000e+04   3.627336e-06   2.680699e-06
 9.948200e+04   2.061663e-06   2.056016e-06
 9.949400e+04   6.315133e-06   5.332292e-06
 9.950600e+04   1.295704e-05   1.276975e-05
 9.951800e+04   6.517835e-06   4.779461e-06
 9.953000e+04   2.405329e-06   1.669217e-06
 9.954200e+04   3.549690e-06   2.967161e-06
 9.955400e+04   8.317441e-06   5.308027e-06
 9.956600e+04   8.397676e-06   5.651423e-06
 9.957800e+04   6.160575e-06   3.254065e-06
 9.959000e+04   1.071672e-05   6.480812e-06
 9.960200e+04   5.855707e-06   3.148446e-06
 9.961400e+04   7.389019e-06   4.885912e-06
 9.962600e+04   1.046487e-05   7.717900e-06
 9.963800e+04   1.089684e-05   7.680510e-06
 9.965000e+04   8.928846e-06   5.820106e-06
 9.966200e+04   1.352289e-05   1.114672e-05
 9.967400e+04   9.391601e-06   5.140537e-06
 9.968600e+04   7.620965e-06   5.076906e-06
 9.969800e+04   5.310821e-06   2.778202e-06
 9.971000e+04   5.346754e-06   3.946398e-06
 9.972200e+04   1.848917e-05   1.246576e-05
 9.973400e+04   1.386950e-05   8.816899e-06
 9.974600e+04   9.773461e-06   5.387344e-06
 9.975800e+04   5.626876e-06   3.151469e-06
 9.977000e+04   2.557803e-05   1.402987e-05
 9.978200e+04   1.292021e-05   7.804038e-06
 9.979400e+04   3.319889e-05   1.850809e-05
 9.980600e+04   1.467440e-05   9.465761e-06
 9.981800e+04   3.420726e-05   2.340787e-05
 9.983000e+04   7.812889e-06   4.783696e-06
 9.984200e+04   1.193559e-04   9.734950e-05
 9.985400e+04   2.733493e-05   1.200280e-05
 9.986600e+04   3.796137e-05   1.627182e-05
 9.987800e+04   5.155273e-05   2.352734e-05
 9.989000e+04   4.407206e-05   1.912643e-05
 9.990200e+04   3.521505e-05   1.811342e-05
 9.991400e+04   3.810155e-05   1.745619e-05
 9.992600e+04   5.131212e-05   2.231802e-05
 9.993800e+04   1.054853e-04   5.940454e-05
 9.995000e+04   9.350586e-05   3.829100e-05
 9.996200e+04   1.809458e-04   8.695005e-05
 9.997400e+04   3.002517e-04   1.493452e-04
 9.998600e+04   2.124728e-03   9.002086e-04
 9.999800e+04   0.000000e+00   0.000000e+00
 1.000100e+05   0.000000e+00   0.000000e+00
 1.000220e+05   0.000000e+00   0.000000e+00
 1.000340e+05   0.000000e+00   0.000000e+00
 1.000460e+05   0.000000e+00   0.000000e+00
 1.000580e+05   0.000000e+00   0.000000e+00
 1.000700e+05   0.000000e+00   0.000000e+00
 1.000820e+05   0.000000e+00   0.000000e+00
 1.000940e+05   0.000000e+00   0.000000e+00
 1.001060e+05   0.000000e+00   0.000000e+00
 1.001180e+05   0.000000e+00   0.000000e+00
 1.001300e+05   0.000000e+00   0.000000e+00
 1.001420e+05   0.000000e+00   0.000000e+00
 1.001540e+05   0.000000e+00   0.000000e+00
 1.001660e+05   0.000000e+00   0.000000e+00
 1.001780e+05   0.000000e+00   0.000000e+00
 1.001900e+05   0.000000e+00   0.000000e+00
 1.002020e+05   0.000000e+00   0.000000e+00
 1.002140e+05   0.000000e+00   0.000000e+00
 1.002260e+05   0.000000e+00   0.000000e+00
 1.002380e+05   0.000000e+00   0.000000e+00
 1.002500e+05   0.000000e+00   0.000000e+00
 1.002620e+05   0.000000e+00   0.000000e+00
 1.002740e+05   0.000000e+00   0.000000e+00
 1.002860e+05   0.000000e+00   0.000000e+00
 1.002980e+05   0.000000e+00   0.000000e+00
 1.003100e+05   0.000000e+00   0.000000e+00
 1.003220e+05   0.000000e+00   0.000000e+00
 1.003340e+05   0.000000e+00   0.000000e+00
 1.003460e+05   0.000000e+00   0.000000e+00
 1.003580e+05   0.000000e+00   0.000000e+00
 1.003700e+05   0.000000e+00   0.000000e+00
 1.003820e+05   0.000000e+00   0.000000e+00
 1.003940e+05   0.000000e+00   0.000000e+00
 1.004060e+05   0.000000e+00   0.000000e+00
 1.004180e+05   0.000000e+00   0.000000e+00
 1.004300e+05   0.000000e+00   0.000000e+00
 1.004420e+05   0.000000e+00   0.000000e+00
 1.004540e+05   0.000000e+00   0.000000e+00
 1.004660e+05   0.000000e+00   0.000000e+00
 1.004780e+05   0.000000e+00   0.000000e+00
 1.004900e+05   0.000000e+00   0.000000e+00
 1.005020e+05   0.000000e+00   0.000000e+00
 1.005140e+05   0.000000e+00   0.000000e+00
 1.005260e+05   0.000000e+00   0.000000e+00
 1.005380e+05   0.000000e+00   0.000000e+00
 1.005500e+05   0.000000e+00   0.000000e+00
 1.005620e+05   0.000000e+00   0.000000e+00
 1.005740e+05   0.000000e+00   0.000000e+00
 1.005860e+05   0.000000e+00   0.000000e+00
 1.005980e+05   0.000000e+00   0.000000e+00
 1.006100e+05   0.000000e+00   0.000000e+00
 1.006220e+05   0.000000e+00   0.000000e+00
 1.006340e+05   0.000000e+00   0.000000e+00
 1.006460e+05   0.000000e+00   0.000000e+00
 1.006580e+05   0.000000e+00   0.000000e+00
 1.006700e+05   0.000000e+00   0.000000e+00
 1.006820e+05   0.000000e+00   0.000000e+00
 1.006940e+05   0.000000e+00   0.000000e+00
 1.007060e+05   0.000000e+00   0.000000e+00
 1.007180e+05   0.000000e+00   0.000000e+00
 1.007300e+05   0.000000e+00   0.000000e+00
 1.007420e+05   0.000000e+00   0.000000e+00
 1.007540e+05   0.000000e+00   0.000000e+00
 1.007660e+05   0.000000e+00   0.000000e+00
 1.007780e+05   0.000000e+00   0.000000e+00
 1.007900e+05   0.000000e+00   0.000000e+00
 1.008020e+05   0.000000e+00   0.000000e+00
 1.008140e+05   0.000000e+00   0.000000e+00
 1.008260e+05   0.000000e+00   0.000000e+00
 1.008380e+05   0.000000e+00   0.000000e+00
 1.008500e+05   0.000000e+00   0.000000e+00
 1.008620e+05   0.000000e+00   0.000000e+00
 1.008740e+05   0.000000e+00   0.000000e+00
 1.008860e+05   0.000000e+00   0.000000e+00
 1.008980e+05   0.000000e+00   0.000000e+00
 1.009100e+05   0.000000e+00   0.000000e+00
 1.009220e+05   0.000000e+00   0.000000e+00
 1.009340e+05   0.000000e+00   0.000000e+00
 1.009460e+05   0.000000e+00   0.000000e+00
 1.009580e+05   0.000000e+00   0.000000e+00
 1.009700e+05   0.000000e+00   0.000000e+00
 1.009820e+05   0.000000e+00   0.000000e+00
 1.009940e+05   0.000000e+00   0.000000e+00
 inf   0.000000e+00   0.000000e+00
