Eph_lab bin centers    value    Error 
-inf   0.000000e+00   0.000000e+00
 1.010000e+02   1.141253e-02   2.407213e-06
 3.030000e+02   3.890538e-04   1.859025e-06
 5.050000e+02   2.284841e-04   8.811895e-07
 7.070000e+02   1.614362e-04   8.137386e-07
 9.090000e+02   1.255063e-04   7.108056e-07
 1.111000e+03   1.034811e-04   5.627482e-07
 1.313000e+03   8.668233e-05   3.446574e-07
 1.515000e+03   7.531089e-05   5.516962e-07
 1.717000e+03   6.637213e-05   4.018276e-07
 1.919000e+03   5.983701e-05   2.743645e-07
 2.121000e+03   5.456806e-05   2.698528e-07
 2.323000e+03   5.003954e-05   2.834750e-07
 2.525000e+03   4.559234e-05   1.782504e-07
 2.727000e+03   4.296937e-05   2.310946e-07
 2.929000e+03   3.979409e-05   1.602222e-07
 3.131000e+03   3.752381e-05   2.009920e-07
 3.333000e+03   3.537973e-05   1.964722e-07
 3.535000e+03   3.347614e-05   1.862393e-07
 3.737000e+03   3.194652e-05   1.902485e-07
 3.939000e+03   3.025837e-05   1.221022e-07
 4.141000e+03   2.924646e-05   1.882940e-07
 4.343000e+03   2.808704e-05   1.568620e-07
 4.545000e+03   2.677006e-05   1.074665e-07
 4.747000e+03   2.614354e-05   1.197344e-07
 4.949000e+03   2.516917e-05   8.641650e-08
 5.151000e+03   2.439837e-05   1.054564e-07
 5.353000e+03   2.372938e-05   9.605910e-08
 5.555000e+03   2.300364e-05   8.684055e-08
 5.757000e+03   2.267559e-05   1.366131e-07
 5.959000e+03   2.194166e-05   1.080822e-07
 6.161000e+03   2.097671e-05   7.480187e-08
 6.363000e+03   2.094128e-05   9.048064e-08
 6.565000e+03   2.042190e-05   7.925477e-08
 6.767000e+03   1.995941e-05   8.068500e-08
 6.969000e+03   1.956131e-05   9.003531e-08
 7.171000e+03   1.924985e-05   8.466327e-08
 7.373000e+03   1.879871e-05   7.975584e-08
 7.575000e+03   1.850065e-05   6.673888e-08
 7.777000e+03   1.836262e-05   7.990235e-08
 7.979000e+03   1.794710e-05   8.587706e-08
 8.181000e+03   1.763761e-05   8.331310e-08
 8.383000e+03   1.744207e-05   6.303073e-08
 8.585000e+03   1.707001e-05   6.200929e-08
 8.787000e+03   1.701747e-05   8.051678e-08
 8.989000e+03   1.666461e-05   6.741166e-08
 9.191000e+03   1.660564e-05   7.326448e-08
 9.393000e+03   1.631630e-05   6.254273e-08
 9.595000e+03   1.622420e-05   6.810838e-08
 9.797000e+03   1.607311e-05   7.226006e-08
 9.999000e+03   1.577100e-05   6.379438e-08
 1.020100e+04   1.572786e-05   6.861996e-08
 1.040300e+04   1.558223e-05   5.157871e-08
 1.060500e+04   1.539507e-05   5.910086e-08
 1.080700e+04   1.523573e-05   6.005014e-08
 1.100900e+04   1.517789e-05   7.430022e-08
 1.121100e+04   1.499285e-05   5.470538e-08
 1.141300e+04   1.478266e-05   5.066918e-08
 1.161500e+04   1.478789e-05   6.868903e-08
 1.181700e+04   1.459424e-05   5.566829e-08
 1.201900e+04   1.462250e-05   6.334379e-08
 1.222100e+04   1.428141e-05   6.481783e-08
 1.242300e+04   1.431657e-05   7.300347e-08
 1.262500e+04   1.416053e-05   4.853730e-08
 1.282700e+04   1.404919e-05   6.039581e-08
 1.302900e+04   1.399622e-05   5.753774e-08
 1.323100e+04   1.391219e-05   6.171225e-08
 1.343300e+04   1.368371e-05   6.128507e-08
 1.363500e+04   1.373326e-05   5.806446e-08
 1.383700e+04   1.352750e-05   5.445013e-08
 1.403900e+04   1.343841e-05   5.663157e-08
 1.424100e+04   1.347932e-05   7.495530e-08
 1.444300e+04   1.326858e-05   6.391219e-08
 1.464500e+04   1.329000e-05   5.393926e-08
 1.484700e+04   1.314035e-05   6.991460e-08
 1.504900e+04   1.303051e-05   5.859361e-08
 1.525100e+04   1.295751e-05   5.837469e-08
 1.545300e+04   1.290669e-05   6.253460e-08
 1.565500e+04   1.282559e-05   6.513512e-08
 1.585700e+04   1.275773e-05   5.823969e-08
 1.605900e+04   1.247507e-05   4.632600e-08
 1.626100e+04   1.263910e-05   5.883703e-08
 1.646300e+04   1.251423e-05   6.298152e-08
 1.666500e+04   1.241368e-05   6.361078e-08
 1.686700e+04   1.235540e-05   6.270920e-08
 1.706900e+04   1.226179e-05   4.956823e-08
 1.727100e+04   1.235347e-05   5.647326e-08
 1.747300e+04   1.213024e-05   6.241901e-08
 1.767500e+04   1.196325e-05   5.862289e-08
 1.787700e+04   1.201605e-05   5.152201e-08
 1.807900e+04   1.189964e-05   5.720966e-08
 1.828100e+04   1.190516e-05   5.624576e-08
 1.848300e+04   1.163708e-05   4.869241e-08
 1.868500e+04   1.172444e-05   6.212898e-08
 1.888700e+04   1.158724e-05   5.779248e-08
 1.908900e+04   1.157293e-05   6.772558e-08
 1.929100e+04   1.154678e-05   4.984535e-08
 1.949300e+04   1.137116e-05   5.019458e-08
 1.969500e+04   1.125853e-05   5.605463e-08
 1.989700e+04   1.113541e-05   5.504443e-08
 2.009900e+04   1.112802e-05   5.520836e-08
 2.030100e+04   1.104169e-05   5.120181e-08
 2.050300e+04   1.104280e-05   5.267484e-08
 2.070500e+04   1.091029e-05   5.384964e-08
 2.090700e+04   1.092101e-05   5.918295e-08
 2.110900e+04   1.073391e-05   4.385076e-08
 2.131100e+04   1.076084e-05   5.735600e-08
 2.151300e+04   1.068142e-05   4.827575e-08
 2.171500e+04   1.068987e-05   5.987632e-08
 2.191700e+04   1.056138e-05   4.825665e-08
 2.211900e+04   1.053757e-05   4.723337e-08
 2.232100e+04   1.043088e-05   5.867470e-08
 2.252300e+04   1.035015e-05   5.098773e-08
 2.272500e+04   1.036409e-05   5.245528e-08
 2.292700e+04   1.028402e-05   5.169140e-08
 2.312900e+04   1.019720e-05   5.172492e-08
 2.333100e+04   1.019102e-05   5.891206e-08
 2.353300e+04   1.006791e-05   5.138648e-08
 2.373500e+04   1.001933e-05   5.573262e-08
 2.393700e+04   9.934470e-06   5.562389e-08
 2.413900e+04   9.986525e-06   5.803130e-08
 2.434100e+04   9.744156e-06   5.186987e-08
 2.454300e+04   9.758393e-06   5.910236e-08
 2.474500e+04   9.837078e-06   4.618302e-08
 2.494700e+04   9.678011e-06   5.640711e-08
 2.514900e+04   9.610138e-06   5.186242e-08
 2.535100e+04   9.552518e-06   6.633515e-08
 2.555300e+04   9.462020e-06   5.765780e-08
 2.575500e+04   9.413209e-06   5.630673e-08
 2.595700e+04   9.254804e-06   4.981753e-08
 2.615900e+04   9.222212e-06   4.721816e-08
 2.636100e+04   9.243118e-06   5.444389e-08
 2.656300e+04   9.276180e-06   5.506736e-08
 2.676500e+04   9.060240e-06   4.905153e-08
 2.696700e+04   9.091142e-06   5.238960e-08
 2.716900e+04   8.896360e-06   5.254573e-08
 2.737100e+04   9.081714e-06   5.523342e-08
 2.757300e+04   8.927854e-06   4.848763e-08
 2.777500e+04   8.828650e-06   4.995259e-08
 2.797700e+04   8.832745e-06   5.865880e-08
 2.817900e+04   8.733368e-06   5.689107e-08
 2.838100e+04   8.727828e-06   5.374808e-08
 2.858300e+04   8.541845e-06   5.436670e-08
 2.878500e+04   8.510098e-06   4.981658e-08
 2.898700e+04   8.550428e-06   5.229970e-08
 2.918900e+04   8.525284e-06   6.089662e-08
 2.939100e+04   8.401181e-06   5.009490e-08
 2.959300e+04   8.294467e-06   4.026670e-08
 2.979500e+04   8.395750e-06   5.109859e-08
 2.999700e+04   8.223959e-06   5.307768e-08
 3.019900e+04   8.212809e-06   4.984498e-08
 3.040100e+04   8.128354e-06   5.060313e-08
 3.060300e+04   8.165575e-06   5.081257e-08
 3.080500e+04   8.168696e-06   5.631778e-08
 3.100700e+04   7.933914e-06   4.045925e-08
 3.120900e+04   7.952731e-06   5.437839e-08
 3.141100e+04   8.005469e-06   4.606995e-08
 3.161300e+04   7.918626e-06   5.349032e-08
 3.181500e+04   7.845958e-06   4.937096e-08
 3.201700e+04   7.690183e-06   4.502681e-08
 3.221900e+04   7.738067e-06   4.747645e-08
 3.242100e+04   7.591159e-06   4.741981e-08
 3.262300e+04   7.531845e-06   4.384481e-08
 3.282500e+04   7.679120e-06   6.115554e-08
 3.302700e+04   7.461962e-06   5.563325e-08
 3.322900e+04   7.503280e-06   4.862964e-08
 3.343100e+04   7.449761e-06   5.182406e-08
 3.363300e+04   7.353606e-06   5.985596e-08
 3.383500e+04   7.293146e-06   5.294453e-08
 3.403700e+04   7.372384e-06   5.217724e-08
 3.423900e+04   7.178574e-06   4.714015e-08
 3.444100e+04   7.185583e-06   4.318121e-08
 3.464300e+04   7.181529e-06   4.373259e-08
 3.484500e+04   7.088560e-06   4.628393e-08
 3.504700e+04   7.129908e-06   4.890956e-08
 3.524900e+04   7.079319e-06   4.807036e-08
 3.545100e+04   6.986449e-06   4.380460e-08
 3.565300e+04   7.001976e-06   4.139171e-08
 3.585500e+04   6.958216e-06   5.032552e-08
 3.605700e+04   6.797875e-06   4.723614e-08
 3.625900e+04   6.771436e-06   5.041027e-08
 3.646100e+04   6.788306e-06   4.870922e-08
 3.666300e+04   6.747859e-06   4.691854e-08
 3.686500e+04   6.763299e-06   5.005946e-08
 3.706700e+04   6.562679e-06   4.582389e-08
 3.726900e+04   6.566417e-06   4.644078e-08
 3.747100e+04   6.618687e-06   4.370260e-08
 3.767300e+04   6.588923e-06   4.452537e-08
 3.787500e+04   6.420597e-06   5.261242e-08
 3.807700e+04   6.405303e-06   4.384916e-08
 3.827900e+04   6.462764e-06   5.473103e-08
 3.848100e+04   6.374212e-06   4.427560e-08
 3.868300e+04   6.362515e-06   4.009536e-08
 3.888500e+04   6.172151e-06   4.138637e-08
 3.908700e+04   6.142877e-06   4.014617e-08
 3.928900e+04   6.181911e-06   4.181367e-08
 3.949100e+04   6.142932e-06   4.731029e-08
 3.969300e+04   6.057303e-06   4.341095e-08
 3.989500e+04   6.101344e-06   5.035585e-08
 4.009700e+04   6.024996e-06   4.164170e-08
 4.029900e+04   6.003345e-06   4.460127e-08
 4.050100e+04   5.943380e-06   4.418443e-08
 4.070300e+04   5.829527e-06   4.407772e-08
 4.090500e+04   5.863725e-06   4.519857e-08
 4.110700e+04   5.776411e-06   3.354884e-08
 4.130900e+04   5.840506e-06   5.138904e-08
 4.151100e+04   5.764723e-06   4.394580e-08
 4.171300e+04   5.671309e-06   4.400834e-08
 4.191500e+04   5.655666e-06   3.918935e-08
 4.211700e+04   5.619198e-06   5.052203e-08
 4.231900e+04   5.624299e-06   3.996641e-08
 4.252100e+04   5.476833e-06   3.879165e-08
 4.272300e+04   5.494282e-06   3.801031e-08
 4.292500e+04   5.547749e-06   4.846812e-08
 4.312700e+04   5.384595e-06   4.052130e-08
 4.332900e+04   5.426533e-06   4.918884e-08
 4.353100e+04   5.397324e-06   5.158039e-08
 4.373300e+04   5.271950e-06   4.080970e-08
 4.393500e+04   5.226515e-06   4.058088e-08
 4.413700e+04   5.189567e-06   4.124618e-08
 4.433900e+04   5.207163e-06   4.092541e-08
 4.454100e+04   5.116414e-06   3.339095e-08
 4.474300e+04   5.114964e-06   4.015137e-08
 4.494500e+04   5.126071e-06   3.630228e-08
 4.514700e+04   5.121592e-06   4.483185e-08
 4.534900e+04   5.003967e-06   4.155125e-08
 4.555100e+04   4.958597e-06   4.410426e-08
 4.575300e+04   4.933399e-06   3.864522e-08
 4.595500e+04   4.953053e-06   4.237776e-08
 4.615700e+04   4.791388e-06   3.577251e-08
 4.635900e+04   4.808180e-06   4.632993e-08
 4.656100e+04   4.785681e-06   4.153325e-08
 4.676300e+04   4.836453e-06   4.390723e-08
 4.696500e+04   4.684741e-06   3.524392e-08
 4.716700e+04   4.773869e-06   3.943361e-08
 4.736900e+04   4.681649e-06   3.990726e-08
 4.757100e+04   4.631649e-06   3.811702e-08
 4.777300e+04   4.550076e-06   3.280836e-08
 4.797500e+04   4.430609e-06   3.429597e-08
 4.817700e+04   4.528283e-06   3.935059e-08
 4.837900e+04   4.431330e-06   4.179759e-08
 4.858100e+04   4.554660e-06   4.284430e-08
 4.878300e+04   4.487582e-06   4.128855e-08
 4.898500e+04   4.375422e-06   3.356602e-08
 4.918700e+04   4.307947e-06   4.182661e-08
 4.938900e+04   4.321319e-06   3.941304e-08
 4.959100e+04   4.293490e-06   3.207057e-08
 4.979300e+04   4.258973e-06   3.526519e-08
 4.999500e+04   4.194028e-06   3.933494e-08
 5.019700e+04   4.155507e-06   3.696547e-08
 5.039900e+04   4.176815e-06   4.131837e-08
 5.060100e+04   4.085108e-06   3.450869e-08
 5.080300e+04   4.025964e-06   3.092530e-08
 5.100500e+04   4.043668e-06   3.304272e-08
 5.120700e+04   4.021153e-06   4.089319e-08
 5.140900e+04   3.955590e-06   4.411622e-08
 5.161100e+04   3.963603e-06   3.939356e-08
 5.181300e+04   3.924131e-06   3.710054e-08
 5.201500e+04   3.903263e-06   3.684961e-08
 5.221700e+04   3.874763e-06   3.521688e-08
 5.241900e+04   3.803627e-06   4.012884e-08
 5.262100e+04   3.776006e-06   3.576042e-08
 5.282300e+04   3.743967e-06   3.134442e-08
 5.302500e+04   3.776403e-06   4.257940e-08
 5.322700e+04   3.672908e-06   3.920550e-08
 5.342900e+04   3.653235e-06   3.271458e-08
 5.363100e+04   3.658867e-06   3.999933e-08
 5.383300e+04   3.545181e-06   3.203013e-08
 5.403500e+04   3.513307e-06   3.163633e-08
 5.423700e+04   3.560664e-06   2.991903e-08
 5.443900e+04   3.494524e-06   3.756085e-08
 5.464100e+04   3.546060e-06   3.885434e-08
 5.484300e+04   3.454155e-06   3.191013e-08
 5.504500e+04   3.377192e-06   3.267289e-08
 5.524700e+04   3.352197e-06   3.456679e-08
 5.544900e+04   3.358562e-06   3.263524e-08
 5.565100e+04   3.291361e-06   3.333599e-08
 5.585300e+04   3.364447e-06   4.093299e-08
 5.605500e+04   3.290010e-06   3.183067e-08
 5.625700e+04   3.275876e-06   3.349864e-08
 5.645900e+04   3.212074e-06   3.724404e-08
 5.666100e+04   3.218030e-06   3.343855e-08
 5.686300e+04   3.172208e-06   3.067492e-08
 5.706500e+04   3.113751e-06   3.282425e-08
 5.726700e+04   3.112314e-06   3.676719e-08
 5.746900e+04   3.069483e-06   3.361478e-08
 5.767100e+04   3.064188e-06   3.178927e-08
 5.787300e+04   3.024934e-06   3.457610e-08
 5.807500e+04   2.979137e-06   3.978551e-08
 5.827700e+04   2.977186e-06   3.151596e-08
 5.847900e+04   2.866250e-06   3.051801e-08
 5.868100e+04   2.970433e-06   3.286473e-08
 5.888300e+04   2.884909e-06   3.156757e-08
 5.908500e+04   2.819811e-06   2.927536e-08
 5.928700e+04   2.815647e-06   3.090604e-08
 5.948900e+04   2.778402e-06   2.958633e-08
 5.969100e+04   2.823076e-06   3.282519e-08
 5.989300e+04   2.713749e-06   2.850263e-08
 6.009500e+04   2.710496e-06   2.959490e-08
 6.029700e+04   2.678282e-06   3.090383e-08
 6.049900e+04   2.687520e-06   2.657532e-08
 6.070100e+04   2.642857e-06   3.349728e-08
 6.090300e+04   2.581500e-06   3.122313e-08
 6.110500e+04   2.530705e-06   2.959792e-08
 6.130700e+04   2.574621e-06   3.190114e-08
 6.150900e+04   2.551335e-06   2.905325e-08
 6.171100e+04   2.556278e-06   2.727270e-08
 6.191300e+04   2.410760e-06   2.874636e-08
 6.211500e+04   2.477447e-06   2.998754e-08
 6.231700e+04   2.432349e-06   3.098307e-08
 6.251900e+04   2.408733e-06   2.866473e-08
 6.272100e+04   2.380114e-06   3.292459e-08
 6.292300e+04   2.296968e-06   3.026908e-08
 6.312500e+04   2.366432e-06   3.040064e-08
 6.332700e+04   2.311849e-06   2.739244e-08
 6.352900e+04   2.280121e-06   2.653826e-08
 6.373100e+04   2.272473e-06   3.161628e-08
 6.393300e+04   2.215463e-06   2.700614e-08
 6.413500e+04   2.180671e-06   2.861773e-08
 6.433700e+04   2.184725e-06   2.915923e-08
 6.453900e+04   2.130840e-06   2.659582e-08
 6.474100e+04   2.085577e-06   2.517322e-08
 6.494300e+04   2.077259e-06   2.626313e-08
 6.514500e+04   2.080835e-06   2.456108e-08
 6.534700e+04   2.036854e-06   2.708669e-08
 6.554900e+04   2.077301e-06   3.138710e-08
 6.575100e+04   2.044354e-06   3.068790e-08
 6.595300e+04   1.997622e-06   2.668885e-08
 6.615500e+04   1.912652e-06   2.681331e-08
 6.635700e+04   1.931457e-06   2.615212e-08
 6.655900e+04   1.840117e-06   2.346204e-08
 6.676100e+04   1.892774e-06   2.524301e-08
 6.696300e+04   1.834593e-06   2.505512e-08
 6.716500e+04   1.914308e-06   3.335895e-08
 6.736700e+04   1.807357e-06   2.484858e-08
 6.756900e+04   1.802908e-06   2.460488e-08
 6.777100e+04   1.795832e-06   2.870638e-08
 6.797300e+04   1.720316e-06   2.598504e-08
 6.817500e+04   1.689796e-06   2.672596e-08
 6.837700e+04   1.679131e-06   2.482398e-08
 6.857900e+04   1.679994e-06   2.698551e-08
 6.878100e+04   1.626828e-06   2.432450e-08
 6.898300e+04   1.633672e-06   2.771907e-08
 6.918500e+04   1.587782e-06   2.256663e-08
 6.938700e+04   1.577374e-06   2.606834e-08
 6.958900e+04   1.550068e-06   2.539739e-08
 6.979100e+04   1.524455e-06   2.312675e-08
 6.999300e+04   1.523820e-06   2.684994e-08
 7.019500e+04   1.542217e-06   2.869408e-08
 7.039700e+04   1.465151e-06   2.479227e-08
 7.059900e+04   1.452021e-06   2.094662e-08
 7.080100e+04   1.391721e-06   2.047940e-08
 7.100300e+04   1.409049e-06   2.358895e-08
 7.120500e+04   1.415344e-06   2.484737e-08
 7.140700e+04   1.387729e-06   2.778064e-08
 7.160900e+04   1.321285e-06   2.253005e-08
 7.181100e+04   1.340104e-06   2.090483e-08
 7.201300e+04   1.269924e-06   1.773420e-08
 7.221500e+04   1.261851e-06   1.797986e-08
 7.241700e+04   1.257280e-06   2.250283e-08
 7.261900e+04   1.208244e-06   1.946840e-08
 7.282100e+04   1.195813e-06   1.870937e-08
 7.302300e+04   1.227803e-06   2.378691e-08
 7.322500e+04   1.174763e-06   2.085898e-08
 7.342700e+04   1.130000e-06   1.933184e-08
 7.362900e+04   1.128863e-06   1.934075e-08
 7.383100e+04   1.137241e-06   2.222084e-08
 7.403300e+04   1.171704e-06   2.444398e-08
 7.423500e+04   1.131357e-06   2.034488e-08
 7.443700e+04   1.088027e-06   2.682010e-08
 7.463900e+04   1.030506e-06   1.927770e-08
 7.484100e+04   1.003238e-06   2.068167e-08
 7.504300e+04   9.761928e-07   1.929321e-08
 7.524500e+04   1.023134e-06   2.503272e-08
 7.544700e+04   9.604135e-07   1.743534e-08
 7.564900e+04   9.869858e-07   2.298982e-08
 7.585100e+04   9.438869e-07   2.506136e-08
 7.605300e+04   9.195433e-07   1.929671e-08
 7.625500e+04   8.903828e-07   1.589712e-08
 7.645700e+04   8.739158e-07   1.661565e-08
 7.665900e+04   8.672615e-07   1.930925e-08
 7.686100e+04   8.404865e-07   2.129404e-08
 7.706300e+04   8.267472e-07   1.727761e-08
 7.726500e+04   8.136315e-07   2.091694e-08
 7.746700e+04   8.051017e-07   1.998152e-08
 7.766900e+04   7.834310e-07   2.037741e-08
 7.787100e+04   7.540426e-07   1.933226e-08
 7.807300e+04   7.390388e-07   1.611668e-08
 7.827500e+04   7.015150e-07   1.444253e-08
 7.847700e+04   7.212045e-07   1.989521e-08
 7.867900e+04   6.721686e-07   1.360058e-08
 7.888100e+04   6.941045e-07   1.508303e-08
 7.908300e+04   6.563097e-07   1.480798e-08
 7.928500e+04   6.587150e-07   1.901849e-08
 7.948700e+04   6.304017e-07   1.519391e-08
 7.968900e+04   6.282110e-07   1.511015e-08
 7.989100e+04   6.231901e-07   1.691498e-08
 8.009300e+04   5.999414e-07   1.320348e-08
 8.029500e+04   5.731596e-07   1.474414e-08
 8.049700e+04   6.047931e-07   1.719339e-08
 8.069900e+04   5.560171e-07   1.390364e-08
 8.090100e+04   4.910103e-07   7.999187e-09
 8.110300e+04   5.011337e-07   1.081528e-08
 8.130500e+04   4.903715e-07   1.111788e-08
 8.150700e+04   5.168069e-07   1.359576e-08
 8.170900e+04   4.854112e-07   1.110187e-08
 8.191100e+04   4.937767e-07   1.462853e-08
 8.211300e+04   4.735819e-07   1.099768e-08
 8.231500e+04   4.546092e-07   1.124134e-08
 8.251700e+04   4.258197e-07   9.738289e-09
 8.271900e+04   4.208585e-07   1.082762e-08
 8.292100e+04   4.131756e-07   1.074468e-08
 8.312300e+04   3.812846e-07   8.628234e-09
 8.332500e+04   3.739290e-07   8.011352e-09
 8.352700e+04   3.789137e-07   7.354113e-09
 8.372900e+04   3.731094e-07   8.365776e-09
 8.393100e+04   3.657439e-07   8.784734e-09
 8.413300e+04   3.314251e-07   8.168743e-09
 8.433500e+04   3.298805e-07   6.961862e-09
 8.453700e+04   3.197112e-07   6.578955e-09
 8.473900e+04   3.119766e-07   8.816784e-09
 8.494100e+04   2.912029e-07   6.443282e-09
 8.514300e+04   2.922200e-07   5.939106e-09
 8.534500e+04   2.723070e-07   6.531211e-09
 8.554700e+04   2.854869e-07   5.941882e-09
 8.574900e+04   2.664222e-07   6.744229e-09
 8.595100e+04   2.654944e-07   5.930526e-09
 8.615300e+04   2.430897e-07   4.931191e-09
 8.635500e+04   2.322196e-07   4.537072e-09
 8.655700e+04   2.380458e-07   6.401348e-09
 8.675900e+04   2.151713e-07   4.388528e-09
 8.696100e+04   2.145543e-07   4.184577e-09
 8.716300e+04   2.094179e-07   5.601661e-09
 8.736500e+04   1.953281e-07   4.034745e-09
 8.756700e+04   2.035764e-07   4.462834e-09
 8.776900e+04   1.807470e-07   3.719550e-09
 8.797100e+04   1.714321e-07   4.138468e-09
 8.817300e+04   1.674712e-07   3.137403e-09
 8.837500e+04   1.620534e-07   3.036658e-09
 8.857700e+04   1.545868e-07   2.694977e-09
 8.877900e+04   1.511973e-07   3.185066e-09
 8.898100e+04   1.383406e-07   2.891696e-09
 8.918300e+04   1.305528e-07   2.120285e-09
 8.938500e+04   1.349697e-07   3.018426e-09
 8.958700e+04   1.229401e-07   2.271311e-09
 8.978900e+04   1.155670e-07   1.961169e-09
 8.999100e+04   1.153101e-07   1.993588e-09
 9.019300e+04   1.093825e-07   2.068451e-09
 9.039500e+04   9.856378e-08   1.594672e-09
 9.059700e+04   9.842049e-08   1.587244e-09
 9.079900e+04   9.171752e-08   1.583649e-09
 9.100100e+04   8.799744e-08   1.741984e-09
 9.120300e+04   8.264663e-08   1.415973e-09
 9.140500e+04   7.938062e-08   1.573933e-09
 9.160700e+04   7.305835e-08   1.114082e-09
 9.180900e+04   6.890289e-08   1.353307e-09
 9.201100e+04   6.598953e-08   1.215808e-09
 9.221300e+04   6.107546e-08   9.926916e-10
 9.241500e+04   5.855426e-08   8.650932e-10
 9.261700e+04   5.434853e-08   8.902863e-10
 9.281900e+04   5.108896e-08   7.951018e-10
 9.302100e+04   4.770778e-08   7.823892e-10
 9.322300e+04   4.392952e-08   6.802585e-10
 9.342500e+04   4.174649e-08   6.801032e-10
 9.362700e+04   3.766499e-08   5.922888e-10
 9.382900e+04   3.566136e-08   5.699916e-10
 9.403100e+04   3.205651e-08   4.964966e-10
 9.423300e+04   2.939606e-08   3.863890e-10
 9.443500e+04   2.686959e-08   4.008510e-10
 9.463700e+04   2.538092e-08   4.080533e-10
 9.483900e+04   2.272801e-08   3.914156e-10
 9.504100e+04   2.132438e-08   3.348958e-10
 9.524300e+04   1.902689e-08   2.609419e-10
 9.544500e+04   1.657988e-08   2.600220e-10
 9.564700e+04   1.525986e-08   1.789848e-10
 9.584900e+04   1.361902e-08   1.935403e-10
 9.605100e+04   1.192467e-08   1.288133e-10
 9.625300e+04   1.071764e-08   1.300492e-10
 9.645500e+04   9.312032e-09   9.844954e-11
 9.665700e+04   8.171626e-09   1.087355e-10
 9.685900e+04   6.931861e-09   7.909208e-11
 9.706100e+04   5.977538e-09   6.228235e-11
 9.726300e+04   5.108466e-09   5.835499e-11
 9.746500e+04   4.207536e-09   6.213337e-11
 9.766700e+04   3.444876e-09   4.225807e-11
 9.786900e+04   2.773690e-09   3.305768e-11
 9.807100e+04   2.185621e-09   2.670209e-11
 9.827300e+04   1.671477e-09   2.209814e-11
 9.847500e+04   1.226754e-09   1.433398e-11
 9.867700e+04   8.972154e-10   1.745936e-11
 9.887900e+04   5.804384e-10   9.429509e-12
 9.908100e+04   3.505758e-10   4.784955e-12
 9.928300e+04   1.799836e-10   2.422713e-12
 9.948500e+04   7.556430e-11   1.474627e-12
 9.968700e+04   1.801515e-11   9.377214e-13
 9.988900e+04   1.421329e-13   2.513851e-14
 1.000910e+05   0.000000e+00   0.000000e+00
 1.002930e+05   0.000000e+00   0.000000e+00
 1.004950e+05   0.000000e+00   0.000000e+00
 1.006970e+05   0.000000e+00   0.000000e+00
 1.008990e+05   0.000000e+00   0.000000e+00
 inf   0.000000e+00   0.000000e+00
