Eph_lab bin centers    value    Error 
-inf   2.112746e+00   5.373284e-03
 1.509500e+02   8.847265e-04   1.062277e-05
 3.528500e+02   3.212153e-04   6.746813e-06
 5.547500e+02   1.983796e-04   4.062014e-06
 7.566500e+02   1.488439e-04   3.365056e-06
 9.585500e+02   1.134488e-04   2.147352e-06
 1.160450e+03   9.738112e-05   4.286380e-06
 1.362350e+03   8.267866e-05   2.658227e-06
 1.564250e+03   6.951891e-05   2.414205e-06
 1.766150e+03   6.759981e-05   4.791744e-06
 1.968050e+03   5.143186e-05   1.111745e-06
 2.169950e+03   6.436990e-05   1.206361e-05
 2.371850e+03   4.706057e-05   1.006725e-06
 2.573750e+03   4.255518e-05   1.121046e-06
 2.775650e+03   3.913906e-05   1.257600e-06
 2.977550e+03   4.028259e-05   1.950658e-06
 3.179450e+03   3.516972e-05   1.397163e-06
 3.381350e+03   3.786388e-05   5.670015e-06
 3.583250e+03   3.164463e-05   1.346307e-06
 3.785150e+03   2.979574e-05   6.722197e-07
 3.987050e+03   2.893020e-05   1.169999e-06
 4.188950e+03   2.734550e-05   1.041380e-06
 4.390850e+03   2.776043e-05   1.073985e-06
 4.592750e+03   2.519174e-05   7.670756e-07
 4.794650e+03   2.421719e-05   1.150846e-06
 4.996550e+03   2.363298e-05   3.704944e-07
 5.198450e+03   2.181370e-05   4.604292e-07
 5.400350e+03   2.269495e-05   3.487569e-07
 5.602250e+03   2.197863e-05   4.943123e-07
 5.804150e+03   2.220181e-05   6.507257e-07
 6.006050e+03   2.069157e-05   3.954776e-07
 6.207950e+03   2.085545e-05   5.086323e-07
 6.409850e+03   2.176852e-05   1.048771e-06
 6.611750e+03   1.964096e-05   3.758729e-07
 6.813650e+03   1.905181e-05   4.270566e-07
 7.015550e+03   1.890553e-05   7.870096e-07
 7.217450e+03   1.889970e-05   3.838891e-07
 7.419350e+03   1.734905e-05   5.712542e-07
 7.621250e+03   1.744492e-05   3.785986e-07
 7.823150e+03   1.728461e-05   3.130543e-07
 8.025050e+03   1.808698e-05   6.225026e-07
 8.226950e+03   1.670958e-05   3.492186e-07
 8.428850e+03   1.622516e-05   3.442715e-07
 8.630750e+03   1.669871e-05   4.857489e-07
 8.832650e+03   1.610098e-05   4.307965e-07
 9.034550e+03   1.733449e-05   5.867325e-07
 9.236450e+03   1.649033e-05   6.259184e-07
 9.438350e+03   1.724276e-05   8.005975e-07
 9.640250e+03   1.542838e-05   4.003053e-07
 9.842150e+03   1.620724e-05   7.318926e-07
 1.004405e+04   1.546490e-05   2.787719e-07
 1.024595e+04   1.660016e-05   1.027966e-06
 1.044785e+04   1.553687e-05   6.438909e-07
 1.064975e+04   1.482004e-05   3.844104e-07
 1.085165e+04   1.626932e-05   7.356824e-07
 1.105355e+04   1.487386e-05   3.659596e-07
 1.125545e+04   1.441917e-05   3.544864e-07
 1.145735e+04   1.482022e-05   5.797042e-07
 1.165925e+04   1.442466e-05   6.136789e-07
 1.186115e+04   1.508887e-05   4.476199e-07
 1.206305e+04   1.408348e-05   4.939621e-07
 1.226495e+04   1.387901e-05   2.433603e-07
 1.246685e+04   1.580022e-05   1.206007e-06
 1.266875e+04   1.405661e-05   8.990574e-07
 1.287065e+04   1.438073e-05   4.870551e-07
 1.307255e+04   1.457606e-05   6.684880e-07
 1.327445e+04   1.453858e-05   5.635545e-07
 1.347635e+04   1.413861e-05   5.732206e-07
 1.367825e+04   1.463246e-05   5.323175e-07
 1.388015e+04   1.524808e-05   8.721132e-07
 1.408205e+04   1.347833e-05   4.333054e-07
 1.428395e+04   2.857337e-05   1.434587e-05
 1.448585e+04   1.309240e-05   3.116552e-07
 1.468775e+04   1.370204e-05   3.309687e-07
 1.488965e+04   1.372296e-05   6.468334e-07
 1.509155e+04   1.322004e-05   4.296734e-07
 1.529345e+04   1.328485e-05   4.517513e-07
 1.549535e+04   1.334931e-05   5.675018e-07
 1.569725e+04   1.260529e-05   5.057677e-07
 1.589915e+04   1.260618e-05   4.366396e-07
 1.610105e+04   1.292281e-05   4.297171e-07
 1.630295e+04   1.273686e-05   4.528145e-07
 1.650485e+04   1.452591e-05   1.938870e-06
 1.670675e+04   1.318019e-05   1.046867e-06
 1.690865e+04   1.350857e-05   5.671363e-07
 1.711055e+04   1.291268e-05   5.951902e-07
 1.731245e+04   1.302153e-05   1.122806e-06
 1.751435e+04   1.202262e-05   4.870817e-07
 1.771625e+04   1.279469e-05   9.415923e-07
 1.791815e+04   1.238070e-05   5.910029e-07
 1.812005e+04   1.339980e-05   9.610342e-07
 1.832195e+04   1.252785e-05   4.229563e-07
 1.852385e+04   1.161656e-05   4.269710e-07
 1.872575e+04   1.194044e-05   4.930682e-07
 1.892765e+04   1.198104e-05   4.847897e-07
 1.912955e+04   1.218707e-05   9.716260e-07
 1.933145e+04   1.259385e-05   9.489004e-07
 1.953335e+04   1.126544e-05   4.438744e-07
 1.973525e+04   1.072100e-05   3.982827e-07
 1.993715e+04   1.127840e-05   3.328167e-07
 2.013905e+04   1.114729e-05   4.815354e-07
 2.034095e+04   1.149808e-05   4.645235e-07
 2.054285e+04   1.455450e-05   2.237778e-06
 2.074475e+04   1.085876e-05   2.985403e-07
 2.094665e+04   1.126004e-05   5.925398e-07
 2.114855e+04   1.099847e-05   6.432347e-07
 2.135045e+04   1.100980e-05   6.612467e-07
 2.155235e+04   1.128846e-05   9.420643e-07
 2.175425e+04   1.097487e-05   3.400936e-07
 2.195615e+04   1.181029e-05   9.017721e-07
 2.215805e+04   1.199625e-05   1.200663e-06
 2.235995e+04   9.656312e-06   2.056109e-07
 2.256185e+04   1.049090e-05   5.571670e-07
 2.276375e+04   1.062162e-05   5.692103e-07
 2.296565e+04   1.069377e-05   3.908092e-07
 2.316755e+04   1.034265e-05   5.979360e-07
 2.336945e+04   9.586118e-06   3.187203e-07
 2.357135e+04   1.104087e-05   7.575927e-07
 2.377325e+04   9.495535e-06   4.165101e-07
 2.397515e+04   9.291196e-06   4.284599e-07
 2.417705e+04   9.909319e-06   4.146838e-07
 2.437895e+04   1.171518e-05   2.726692e-06
 2.458085e+04   9.664293e-06   2.099144e-07
 2.478275e+04   9.992424e-06   3.763662e-07
 2.498465e+04   9.973583e-06   6.402112e-07
 2.518655e+04   9.159717e-06   5.743527e-07
 2.538845e+04   9.349154e-06   5.135304e-07
 2.559035e+04   1.565531e-05   6.179205e-06
 2.579225e+04   9.294812e-06   3.315447e-07
 2.599415e+04   8.821244e-06   4.424163e-07
 2.619605e+04   9.855637e-06   6.688387e-07
 2.639795e+04   9.128142e-06   2.858100e-07
 2.659985e+04   9.175414e-06   4.823718e-07
 2.680175e+04   8.929374e-06   4.355294e-07
 2.700365e+04   9.697249e-06   3.637351e-07
 2.720555e+04   8.070498e-06   3.703329e-07
 2.740745e+04   8.372124e-06   3.400436e-07
 2.760935e+04   8.811740e-06   3.786230e-07
 2.781125e+04   8.493225e-06   4.831623e-07
 2.801315e+04   9.688700e-06   8.988751e-07
 2.821505e+04   9.576302e-06   1.185287e-06
 2.841695e+04   7.894259e-06   3.824187e-07
 2.861885e+04   1.374095e-05   4.691762e-06
 2.882075e+04   7.710350e-06   3.078814e-07
 2.902265e+04   7.974332e-06   5.415041e-07
 2.922455e+04   8.579493e-06   5.818650e-07
 2.942645e+04   8.796373e-06   9.746227e-07
 2.962835e+04   8.064206e-06   4.569785e-07
 2.983025e+04   7.187584e-06   4.226634e-07
 3.003215e+04   2.388819e-06   2.216043e-07
 3.023405e+04   0.000000e+00   0.000000e+00
 3.043595e+04   0.000000e+00   0.000000e+00
 3.063785e+04   0.000000e+00   0.000000e+00
 3.083975e+04   0.000000e+00   0.000000e+00
 3.104165e+04   0.000000e+00   0.000000e+00
 3.124355e+04   0.000000e+00   0.000000e+00
 3.144545e+04   0.000000e+00   0.000000e+00
 3.164735e+04   0.000000e+00   0.000000e+00
 3.184925e+04   0.000000e+00   0.000000e+00
 3.205115e+04   0.000000e+00   0.000000e+00
 3.225305e+04   0.000000e+00   0.000000e+00
 3.245495e+04   0.000000e+00   0.000000e+00
 3.265685e+04   0.000000e+00   0.000000e+00
 3.285875e+04   0.000000e+00   0.000000e+00
 3.306065e+04   0.000000e+00   0.000000e+00
 3.326255e+04   0.000000e+00   0.000000e+00
 3.346445e+04   0.000000e+00   0.000000e+00
 3.366635e+04   0.000000e+00   0.000000e+00
 3.386825e+04   0.000000e+00   0.000000e+00
 3.407015e+04   0.000000e+00   0.000000e+00
 3.427205e+04   0.000000e+00   0.000000e+00
 3.447395e+04   0.000000e+00   0.000000e+00
 3.467585e+04   0.000000e+00   0.000000e+00
 3.487775e+04   0.000000e+00   0.000000e+00
 3.507965e+04   0.000000e+00   0.000000e+00
 3.528155e+04   0.000000e+00   0.000000e+00
 3.548345e+04   0.000000e+00   0.000000e+00
 3.568535e+04   0.000000e+00   0.000000e+00
 3.588725e+04   0.000000e+00   0.000000e+00
 3.608915e+04   0.000000e+00   0.000000e+00
 3.629105e+04   0.000000e+00   0.000000e+00
 3.649295e+04   0.000000e+00   0.000000e+00
 3.669485e+04   0.000000e+00   0.000000e+00
 3.689675e+04   0.000000e+00   0.000000e+00
 3.709865e+04   0.000000e+00   0.000000e+00
 3.730055e+04   0.000000e+00   0.000000e+00
 3.750245e+04   0.000000e+00   0.000000e+00
 3.770435e+04   0.000000e+00   0.000000e+00
 3.790625e+04   0.000000e+00   0.000000e+00
 3.810815e+04   0.000000e+00   0.000000e+00
 3.831005e+04   0.000000e+00   0.000000e+00
 3.851195e+04   0.000000e+00   0.000000e+00
 3.871385e+04   0.000000e+00   0.000000e+00
 3.891575e+04   0.000000e+00   0.000000e+00
 3.911765e+04   0.000000e+00   0.000000e+00
 3.931955e+04   0.000000e+00   0.000000e+00
 3.952145e+04   0.000000e+00   0.000000e+00
 3.972335e+04   0.000000e+00   0.000000e+00
 3.992525e+04   0.000000e+00   0.000000e+00
 4.012715e+04   0.000000e+00   0.000000e+00
 4.032905e+04   0.000000e+00   0.000000e+00
 4.053095e+04   0.000000e+00   0.000000e+00
 4.073285e+04   0.000000e+00   0.000000e+00
 4.093475e+04   0.000000e+00   0.000000e+00
 4.113665e+04   0.000000e+00   0.000000e+00
 4.133855e+04   0.000000e+00   0.000000e+00
 4.154045e+04   0.000000e+00   0.000000e+00
 4.174235e+04   0.000000e+00   0.000000e+00
 4.194425e+04   0.000000e+00   0.000000e+00
 4.214615e+04   0.000000e+00   0.000000e+00
 4.234805e+04   0.000000e+00   0.000000e+00
 4.254995e+04   0.000000e+00   0.000000e+00
 4.275185e+04   0.000000e+00   0.000000e+00
 4.295375e+04   0.000000e+00   0.000000e+00
 4.315565e+04   0.000000e+00   0.000000e+00
 4.335755e+04   0.000000e+00   0.000000e+00
 4.355945e+04   0.000000e+00   0.000000e+00
 4.376135e+04   0.000000e+00   0.000000e+00
 4.396325e+04   0.000000e+00   0.000000e+00
 4.416515e+04   0.000000e+00   0.000000e+00
 4.436705e+04   0.000000e+00   0.000000e+00
 4.456895e+04   0.000000e+00   0.000000e+00
 4.477085e+04   0.000000e+00   0.000000e+00
 4.497275e+04   0.000000e+00   0.000000e+00
 4.517465e+04   0.000000e+00   0.000000e+00
 4.537655e+04   0.000000e+00   0.000000e+00
 4.557845e+04   0.000000e+00   0.000000e+00
 4.578035e+04   0.000000e+00   0.000000e+00
 4.598225e+04   0.000000e+00   0.000000e+00
 4.618415e+04   0.000000e+00   0.000000e+00
 4.638605e+04   0.000000e+00   0.000000e+00
 4.658795e+04   0.000000e+00   0.000000e+00
 4.678985e+04   0.000000e+00   0.000000e+00
 4.699175e+04   0.000000e+00   0.000000e+00
 4.719365e+04   0.000000e+00   0.000000e+00
 4.739555e+04   0.000000e+00   0.000000e+00
 4.759745e+04   0.000000e+00   0.000000e+00
 4.779935e+04   0.000000e+00   0.000000e+00
 4.800125e+04   0.000000e+00   0.000000e+00
 4.820315e+04   0.000000e+00   0.000000e+00
 4.840505e+04   0.000000e+00   0.000000e+00
 4.860695e+04   0.000000e+00   0.000000e+00
 4.880885e+04   0.000000e+00   0.000000e+00
 4.901075e+04   0.000000e+00   0.000000e+00
 4.921265e+04   0.000000e+00   0.000000e+00
 4.941455e+04   0.000000e+00   0.000000e+00
 4.961645e+04   0.000000e+00   0.000000e+00
 4.981835e+04   0.000000e+00   0.000000e+00
 5.002025e+04   0.000000e+00   0.000000e+00
 5.022215e+04   0.000000e+00   0.000000e+00
 5.042405e+04   0.000000e+00   0.000000e+00
 5.062595e+04   0.000000e+00   0.000000e+00
 5.082785e+04   0.000000e+00   0.000000e+00
 5.102975e+04   0.000000e+00   0.000000e+00
 5.123165e+04   0.000000e+00   0.000000e+00
 5.143355e+04   0.000000e+00   0.000000e+00
 5.163545e+04   0.000000e+00   0.000000e+00
 5.183735e+04   0.000000e+00   0.000000e+00
 5.203925e+04   0.000000e+00   0.000000e+00
 5.224115e+04   0.000000e+00   0.000000e+00
 5.244305e+04   0.000000e+00   0.000000e+00
 5.264495e+04   0.000000e+00   0.000000e+00
 5.284685e+04   0.000000e+00   0.000000e+00
 5.304875e+04   0.000000e+00   0.000000e+00
 5.325065e+04   0.000000e+00   0.000000e+00
 5.345255e+04   0.000000e+00   0.000000e+00
 5.365445e+04   0.000000e+00   0.000000e+00
 5.385635e+04   0.000000e+00   0.000000e+00
 5.405825e+04   0.000000e+00   0.000000e+00
 5.426015e+04   0.000000e+00   0.000000e+00
 5.446205e+04   0.000000e+00   0.000000e+00
 5.466395e+04   0.000000e+00   0.000000e+00
 5.486585e+04   0.000000e+00   0.000000e+00
 5.506775e+04   0.000000e+00   0.000000e+00
 5.526965e+04   0.000000e+00   0.000000e+00
 5.547155e+04   0.000000e+00   0.000000e+00
 5.567345e+04   0.000000e+00   0.000000e+00
 5.587535e+04   0.000000e+00   0.000000e+00
 5.607725e+04   0.000000e+00   0.000000e+00
 5.627915e+04   0.000000e+00   0.000000e+00
 5.648105e+04   0.000000e+00   0.000000e+00
 5.668295e+04   0.000000e+00   0.000000e+00
 5.688485e+04   0.000000e+00   0.000000e+00
 5.708675e+04   0.000000e+00   0.000000e+00
 5.728865e+04   0.000000e+00   0.000000e+00
 5.749055e+04   0.000000e+00   0.000000e+00
 5.769245e+04   0.000000e+00   0.000000e+00
 5.789435e+04   0.000000e+00   0.000000e+00
 5.809625e+04   0.000000e+00   0.000000e+00
 5.829815e+04   0.000000e+00   0.000000e+00
 5.850005e+04   0.000000e+00   0.000000e+00
 5.870195e+04   0.000000e+00   0.000000e+00
 5.890385e+04   0.000000e+00   0.000000e+00
 5.910575e+04   0.000000e+00   0.000000e+00
 5.930765e+04   0.000000e+00   0.000000e+00
 5.950955e+04   0.000000e+00   0.000000e+00
 5.971145e+04   0.000000e+00   0.000000e+00
 5.991335e+04   0.000000e+00   0.000000e+00
 6.011525e+04   0.000000e+00   0.000000e+00
 6.031715e+04   0.000000e+00   0.000000e+00
 6.051905e+04   0.000000e+00   0.000000e+00
 6.072095e+04   0.000000e+00   0.000000e+00
 6.092285e+04   0.000000e+00   0.000000e+00
 6.112475e+04   0.000000e+00   0.000000e+00
 6.132665e+04   0.000000e+00   0.000000e+00
 6.152855e+04   0.000000e+00   0.000000e+00
 6.173045e+04   0.000000e+00   0.000000e+00
 6.193235e+04   0.000000e+00   0.000000e+00
 6.213425e+04   0.000000e+00   0.000000e+00
 6.233615e+04   0.000000e+00   0.000000e+00
 6.253805e+04   0.000000e+00   0.000000e+00
 6.273995e+04   0.000000e+00   0.000000e+00
 6.294185e+04   0.000000e+00   0.000000e+00
 6.314375e+04   0.000000e+00   0.000000e+00
 6.334565e+04   0.000000e+00   0.000000e+00
 6.354755e+04   0.000000e+00   0.000000e+00
 6.374945e+04   0.000000e+00   0.000000e+00
 6.395135e+04   0.000000e+00   0.000000e+00
 6.415325e+04   0.000000e+00   0.000000e+00
 6.435515e+04   0.000000e+00   0.000000e+00
 6.455705e+04   0.000000e+00   0.000000e+00
 6.475895e+04   0.000000e+00   0.000000e+00
 6.496085e+04   0.000000e+00   0.000000e+00
 6.516275e+04   0.000000e+00   0.000000e+00
 6.536465e+04   0.000000e+00   0.000000e+00
 6.556655e+04   0.000000e+00   0.000000e+00
 6.576845e+04   0.000000e+00   0.000000e+00
 6.597035e+04   0.000000e+00   0.000000e+00
 6.617225e+04   0.000000e+00   0.000000e+00
 6.637415e+04   0.000000e+00   0.000000e+00
 6.657605e+04   0.000000e+00   0.000000e+00
 6.677795e+04   0.000000e+00   0.000000e+00
 6.697985e+04   0.000000e+00   0.000000e+00
 6.718175e+04   0.000000e+00   0.000000e+00
 6.738365e+04   0.000000e+00   0.000000e+00
 6.758555e+04   0.000000e+00   0.000000e+00
 6.778745e+04   0.000000e+00   0.000000e+00
 6.798935e+04   0.000000e+00   0.000000e+00
 6.819125e+04   0.000000e+00   0.000000e+00
 6.839315e+04   0.000000e+00   0.000000e+00
 6.859505e+04   0.000000e+00   0.000000e+00
 6.879695e+04   0.000000e+00   0.000000e+00
 6.899885e+04   0.000000e+00   0.000000e+00
 6.920075e+04   0.000000e+00   0.000000e+00
 6.940265e+04   0.000000e+00   0.000000e+00
 6.960455e+04   0.000000e+00   0.000000e+00
 6.980645e+04   0.000000e+00   0.000000e+00
 7.000835e+04   0.000000e+00   0.000000e+00
 7.021025e+04   0.000000e+00   0.000000e+00
 7.041215e+04   0.000000e+00   0.000000e+00
 7.061405e+04   0.000000e+00   0.000000e+00
 7.081595e+04   0.000000e+00   0.000000e+00
 7.101785e+04   0.000000e+00   0.000000e+00
 7.121975e+04   0.000000e+00   0.000000e+00
 7.142165e+04   0.000000e+00   0.000000e+00
 7.162355e+04   0.000000e+00   0.000000e+00
 7.182545e+04   0.000000e+00   0.000000e+00
 7.202735e+04   0.000000e+00   0.000000e+00
 7.222925e+04   0.000000e+00   0.000000e+00
 7.243115e+04   0.000000e+00   0.000000e+00
 7.263305e+04   0.000000e+00   0.000000e+00
 7.283495e+04   0.000000e+00   0.000000e+00
 7.303685e+04   0.000000e+00   0.000000e+00
 7.323875e+04   0.000000e+00   0.000000e+00
 7.344065e+04   0.000000e+00   0.000000e+00
 7.364255e+04   0.000000e+00   0.000000e+00
 7.384445e+04   0.000000e+00   0.000000e+00
 7.404635e+04   0.000000e+00   0.000000e+00
 7.424825e+04   0.000000e+00   0.000000e+00
 7.445015e+04   0.000000e+00   0.000000e+00
 7.465205e+04   0.000000e+00   0.000000e+00
 7.485395e+04   0.000000e+00   0.000000e+00
 7.505585e+04   0.000000e+00   0.000000e+00
 7.525775e+04   0.000000e+00   0.000000e+00
 7.545965e+04   0.000000e+00   0.000000e+00
 7.566155e+04   0.000000e+00   0.000000e+00
 7.586345e+04   0.000000e+00   0.000000e+00
 7.606535e+04   0.000000e+00   0.000000e+00
 7.626725e+04   0.000000e+00   0.000000e+00
 7.646915e+04   0.000000e+00   0.000000e+00
 7.667105e+04   0.000000e+00   0.000000e+00
 7.687295e+04   0.000000e+00   0.000000e+00
 7.707485e+04   0.000000e+00   0.000000e+00
 7.727675e+04   0.000000e+00   0.000000e+00
 7.747865e+04   0.000000e+00   0.000000e+00
 7.768055e+04   0.000000e+00   0.000000e+00
 7.788245e+04   0.000000e+00   0.000000e+00
 7.808435e+04   0.000000e+00   0.000000e+00
 7.828625e+04   0.000000e+00   0.000000e+00
 7.848815e+04   0.000000e+00   0.000000e+00
 7.869005e+04   0.000000e+00   0.000000e+00
 7.889195e+04   0.000000e+00   0.000000e+00
 7.909385e+04   0.000000e+00   0.000000e+00
 7.929575e+04   0.000000e+00   0.000000e+00
 7.949765e+04   0.000000e+00   0.000000e+00
 7.969955e+04   0.000000e+00   0.000000e+00
 7.990145e+04   0.000000e+00   0.000000e+00
 8.010335e+04   0.000000e+00   0.000000e+00
 8.030525e+04   0.000000e+00   0.000000e+00
 8.050715e+04   0.000000e+00   0.000000e+00
 8.070905e+04   0.000000e+00   0.000000e+00
 8.091095e+04   0.000000e+00   0.000000e+00
 8.111285e+04   0.000000e+00   0.000000e+00
 8.131475e+04   0.000000e+00   0.000000e+00
 8.151665e+04   0.000000e+00   0.000000e+00
 8.171855e+04   0.000000e+00   0.000000e+00
 8.192045e+04   0.000000e+00   0.000000e+00
 8.212235e+04   0.000000e+00   0.000000e+00
 8.232425e+04   0.000000e+00   0.000000e+00
 8.252615e+04   0.000000e+00   0.000000e+00
 8.272805e+04   0.000000e+00   0.000000e+00
 8.292995e+04   0.000000e+00   0.000000e+00
 8.313185e+04   0.000000e+00   0.000000e+00
 8.333375e+04   0.000000e+00   0.000000e+00
 8.353565e+04   0.000000e+00   0.000000e+00
 8.373755e+04   0.000000e+00   0.000000e+00
 8.393945e+04   0.000000e+00   0.000000e+00
 8.414135e+04   0.000000e+00   0.000000e+00
 8.434325e+04   0.000000e+00   0.000000e+00
 8.454515e+04   0.000000e+00   0.000000e+00
 8.474705e+04   0.000000e+00   0.000000e+00
 8.494895e+04   0.000000e+00   0.000000e+00
 8.515085e+04   0.000000e+00   0.000000e+00
 8.535275e+04   0.000000e+00   0.000000e+00
 8.555465e+04   0.000000e+00   0.000000e+00
 8.575655e+04   0.000000e+00   0.000000e+00
 8.595845e+04   0.000000e+00   0.000000e+00
 8.616035e+04   0.000000e+00   0.000000e+00
 8.636225e+04   0.000000e+00   0.000000e+00
 8.656415e+04   0.000000e+00   0.000000e+00
 8.676605e+04   0.000000e+00   0.000000e+00
 8.696795e+04   0.000000e+00   0.000000e+00
 8.716985e+04   0.000000e+00   0.000000e+00
 8.737175e+04   0.000000e+00   0.000000e+00
 8.757365e+04   0.000000e+00   0.000000e+00
 8.777555e+04   0.000000e+00   0.000000e+00
 8.797745e+04   0.000000e+00   0.000000e+00
 8.817935e+04   0.000000e+00   0.000000e+00
 8.838125e+04   0.000000e+00   0.000000e+00
 8.858315e+04   0.000000e+00   0.000000e+00
 8.878505e+04   0.000000e+00   0.000000e+00
 8.898695e+04   0.000000e+00   0.000000e+00
 8.918885e+04   0.000000e+00   0.000000e+00
 8.939075e+04   0.000000e+00   0.000000e+00
 8.959265e+04   0.000000e+00   0.000000e+00
 8.979455e+04   0.000000e+00   0.000000e+00
 8.999645e+04   0.000000e+00   0.000000e+00
 9.019835e+04   0.000000e+00   0.000000e+00
 9.040025e+04   0.000000e+00   0.000000e+00
 9.060215e+04   0.000000e+00   0.000000e+00
 9.080405e+04   0.000000e+00   0.000000e+00
 9.100595e+04   0.000000e+00   0.000000e+00
 9.120785e+04   0.000000e+00   0.000000e+00
 9.140975e+04   0.000000e+00   0.000000e+00
 9.161165e+04   0.000000e+00   0.000000e+00
 9.181355e+04   0.000000e+00   0.000000e+00
 9.201545e+04   0.000000e+00   0.000000e+00
 9.221735e+04   0.000000e+00   0.000000e+00
 9.241925e+04   0.000000e+00   0.000000e+00
 9.262115e+04   0.000000e+00   0.000000e+00
 9.282305e+04   0.000000e+00   0.000000e+00
 9.302495e+04   0.000000e+00   0.000000e+00
 9.322685e+04   0.000000e+00   0.000000e+00
 9.342875e+04   0.000000e+00   0.000000e+00
 9.363065e+04   0.000000e+00   0.000000e+00
 9.383255e+04   0.000000e+00   0.000000e+00
 9.403445e+04   0.000000e+00   0.000000e+00
 9.423635e+04   0.000000e+00   0.000000e+00
 9.443825e+04   0.000000e+00   0.000000e+00
 9.464015e+04   0.000000e+00   0.000000e+00
 9.484205e+04   0.000000e+00   0.000000e+00
 9.504395e+04   0.000000e+00   0.000000e+00
 9.524585e+04   0.000000e+00   0.000000e+00
 9.544775e+04   0.000000e+00   0.000000e+00
 9.564965e+04   0.000000e+00   0.000000e+00
 9.585155e+04   0.000000e+00   0.000000e+00
 9.605345e+04   0.000000e+00   0.000000e+00
 9.625535e+04   0.000000e+00   0.000000e+00
 9.645725e+04   0.000000e+00   0.000000e+00
 9.665915e+04   0.000000e+00   0.000000e+00
 9.686105e+04   0.000000e+00   0.000000e+00
 9.706295e+04   0.000000e+00   0.000000e+00
 9.726485e+04   0.000000e+00   0.000000e+00
 9.746675e+04   0.000000e+00   0.000000e+00
 9.766865e+04   0.000000e+00   0.000000e+00
 9.787055e+04   0.000000e+00   0.000000e+00
 9.807245e+04   0.000000e+00   0.000000e+00
 9.827435e+04   0.000000e+00   0.000000e+00
 9.847625e+04   0.000000e+00   0.000000e+00
 9.867815e+04   0.000000e+00   0.000000e+00
 9.888005e+04   0.000000e+00   0.000000e+00
 9.908195e+04   0.000000e+00   0.000000e+00
 9.928385e+04   0.000000e+00   0.000000e+00
 9.948575e+04   0.000000e+00   0.000000e+00
 9.968765e+04   0.000000e+00   0.000000e+00
 9.988955e+04   0.000000e+00   0.000000e+00
 1.000914e+05   0.000000e+00   0.000000e+00
 1.002934e+05   0.000000e+00   0.000000e+00
 1.004952e+05   0.000000e+00   0.000000e+00
 1.006971e+05   0.000000e+00   0.000000e+00
 1.008991e+05   0.000000e+00   0.000000e+00
 inf   0.000000e+00   0.000000e+00
