th3_lab bin centers    value    Error 
-inf   0.000000e+00   0.000000e+00
 7.793500e-05   0.000000e+00   0.000000e+00
 9.380500e-05   0.000000e+00   0.000000e+00
 1.096750e-04   0.000000e+00   0.000000e+00
 1.255450e-04   0.000000e+00   0.000000e+00
 1.414150e-04   0.000000e+00   0.000000e+00
 1.572850e-04   0.000000e+00   0.000000e+00
 1.731550e-04   0.000000e+00   0.000000e+00
 1.890250e-04   0.000000e+00   0.000000e+00
 2.048950e-04   0.000000e+00   0.000000e+00
 2.207650e-04   0.000000e+00   0.000000e+00
 2.366350e-04   0.000000e+00   0.000000e+00
 2.525050e-04   0.000000e+00   0.000000e+00
 2.683750e-04   0.000000e+00   0.000000e+00
 2.842450e-04   0.000000e+00   0.000000e+00
 3.001150e-04   2.565430e+02   2.268075e+00
 3.159850e-04   8.236211e+03   1.622800e+00
 3.318550e-04   1.505275e+04   1.908235e+00
 3.477250e-04   1.327409e+04   1.842932e+00
 3.635950e-04   1.176557e+04   1.661003e+00
 3.794650e-04   1.048220e+04   1.674549e+00
 3.953350e-04   9.377228e+03   1.426824e+00
 4.112050e-04   8.432009e+03   1.697333e+00
 4.270750e-04   7.603536e+03   1.351118e+00
 4.429450e-04   6.879792e+03   1.276238e+00
 4.588150e-04   6.253999e+03   1.274586e+00
 4.746850e-04   5.697261e+03   1.104785e+00
 4.905550e-04   5.207419e+03   1.266698e+00
 5.064250e-04   4.772497e+03   1.178629e+00
 5.222950e-04   4.380641e+03   1.039349e+00
 5.381650e-04   4.037250e+03   1.067924e+00
 5.540350e-04   3.725171e+03   1.234535e+00
 5.699050e-04   3.446496e+03   1.392818e+00
 5.857750e-04   3.192982e+03   1.257274e+00
 6.016450e-04   2.964593e+03   1.144292e+00
 6.175150e-04   2.756576e+03   1.084342e+00
 6.333850e-04   2.567949e+03   1.037941e+00
 6.492550e-04   2.395424e+03   8.861989e-01
 6.651250e-04   2.239344e+03   8.793175e-01
 6.809950e-04   2.097672e+03   8.949496e-01
 6.968650e-04   1.966308e+03   1.224325e+00
 7.127350e-04   1.845933e+03   1.041867e+00
 7.286050e-04   1.735662e+03   1.046564e+00
 7.444750e-04   1.632701e+03   1.100181e+00
 7.603450e-04   1.536587e+03   8.130815e-01
 7.762150e-04   1.450895e+03   9.783356e-01
 7.920850e-04   1.366798e+03   8.825351e-01
 8.079550e-04   1.292322e+03   8.022726e-01
 8.238250e-04   1.225524e+03   6.776187e-01
 8.396950e-04   1.158595e+03   9.048176e-01
 8.555650e-04   1.100046e+03   9.902489e-01
 8.714350e-04   1.042489e+03   8.943258e-01
 8.873050e-04   9.902294e+02   6.917940e-01
 9.031750e-04   9.397492e+02   8.650785e-01
 9.190450e-04   8.948519e+02   8.349833e-01
 9.349150e-04   8.508166e+02   8.313795e-01
 9.507850e-04   8.099500e+02   1.056785e+00
 9.666550e-04   7.716538e+02   8.336831e-01
 9.825250e-04   7.385371e+02   8.722847e-01
 9.983950e-04   7.031296e+02   8.116348e-01
 1.014265e-03   6.713416e+02   8.644055e-01
 1.030135e-03   6.426131e+02   6.886253e-01
 1.046005e-03   6.127516e+02   7.787926e-01
 1.061875e-03   5.878249e+02   7.330061e-01
 1.077745e-03   5.601583e+02   1.009767e+00
 1.093615e-03   5.388898e+02   1.543257e+00
 1.109485e-03   5.161327e+02   8.749954e-01
 1.125355e-03   4.957156e+02   7.424577e-01
 1.141225e-03   4.746437e+02   6.162510e-01
 1.157095e-03   4.552639e+02   7.662640e-01
 1.172965e-03   4.382339e+02   1.032196e+00
 1.188835e-03   4.216559e+02   7.022686e-01
 1.204705e-03   4.032341e+02   8.825758e-01
 1.220575e-03   3.879228e+02   9.297444e-01
 1.236445e-03   3.741295e+02   9.334770e-01
 1.252315e-03   3.605586e+02   8.370582e-01
 1.268185e-03   3.445486e+02   1.273369e+00
 1.284055e-03   3.345368e+02   1.082457e+00
 1.299925e-03   3.225305e+02   7.835104e-01
 1.315795e-03   3.101647e+02   8.283563e-01
 1.331665e-03   2.967034e+02   7.565319e-01
 1.347535e-03   2.862978e+02   6.363822e-01
 1.363405e-03   2.793779e+02   1.052890e+00
 1.379275e-03   2.682362e+02   9.261064e-01
 1.395145e-03   2.588042e+02   1.513525e+00
 1.411015e-03   2.516545e+02   1.796223e+00
 1.426885e-03   2.421900e+02   1.010655e+00
 1.442755e-03   2.331968e+02   9.295395e-01
 1.458625e-03   2.261695e+02   1.117118e+00
 1.474495e-03   2.185575e+02   8.335569e-01
 1.490365e-03   2.098283e+02   1.178815e+00
 1.506235e-03   2.072559e+02   1.053537e+00
 1.522105e-03   1.966991e+02   1.291930e+00
 1.537975e-03   1.921889e+02   8.125053e-01
 1.553845e-03   1.858492e+02   8.962367e-01
 1.569715e-03   1.807372e+02   1.353556e+00
 1.585585e-03   1.765720e+02   1.214586e+00
 1.601455e-03   1.698888e+02   1.099713e+00
 1.617325e-03   1.640419e+02   1.410618e+00
 1.633195e-03   1.578389e+02   1.526646e+00
 1.649065e-03   1.573696e+02   1.582338e+00
 1.664935e-03   1.498086e+02   1.483053e+00
 1.680805e-03   1.469436e+02   1.255018e+00
 1.696675e-03   1.397399e+02   1.036575e+00
 1.712545e-03   1.381454e+02   1.564458e+00
 1.728415e-03   1.330921e+02   1.227064e+00
 1.744285e-03   1.287892e+02   8.926507e-01
 1.760155e-03   1.251065e+02   1.434429e+00
 1.776025e-03   1.222478e+02   1.437520e+00
 1.791895e-03   1.192385e+02   1.788711e+00
 1.807765e-03   1.166389e+02   1.108807e+00
 1.823635e-03   1.102676e+02   1.349591e+00
 1.839505e-03   1.099278e+02   2.535589e+00
 1.855375e-03   1.094844e+02   3.120398e+00
 1.871245e-03   1.066851e+02   1.792383e+00
 1.887115e-03   9.910555e+01   3.522450e+00
 1.902985e-03   1.038485e+02   2.512998e+00
 1.918855e-03   8.976039e+01   2.911084e+00
 1.934725e-03   9.352135e+01   2.610641e+00
 1.950595e-03   8.827930e+01   1.823063e+00
 1.966465e-03   8.886063e+01   3.059468e+00
 1.982335e-03   8.590509e+01   2.516465e+00
 1.998205e-03   5.126848e+01   2.306827e+00
 2.014075e-03   0.000000e+00   0.000000e+00
 2.029945e-03   0.000000e+00   0.000000e+00
 2.045815e-03   0.000000e+00   0.000000e+00
 2.061685e-03   0.000000e+00   0.000000e+00
 2.077555e-03   0.000000e+00   0.000000e+00
 2.093425e-03   0.000000e+00   0.000000e+00
 2.109295e-03   0.000000e+00   0.000000e+00
 2.125165e-03   0.000000e+00   0.000000e+00
 2.141035e-03   0.000000e+00   0.000000e+00
 2.156905e-03   0.000000e+00   0.000000e+00
 2.172775e-03   0.000000e+00   0.000000e+00
 2.188645e-03   0.000000e+00   0.000000e+00
 2.204515e-03   0.000000e+00   0.000000e+00
 2.220385e-03   0.000000e+00   0.000000e+00
 2.236255e-03   0.000000e+00   0.000000e+00
 2.252125e-03   0.000000e+00   0.000000e+00
 2.267995e-03   0.000000e+00   0.000000e+00
 2.283865e-03   0.000000e+00   0.000000e+00
 2.299735e-03   0.000000e+00   0.000000e+00
 2.315605e-03   0.000000e+00   0.000000e+00
 2.331475e-03   0.000000e+00   0.000000e+00
 2.347345e-03   0.000000e+00   0.000000e+00
 2.363215e-03   0.000000e+00   0.000000e+00
 2.379085e-03   0.000000e+00   0.000000e+00
 2.394955e-03   0.000000e+00   0.000000e+00
 2.410825e-03   0.000000e+00   0.000000e+00
 2.426695e-03   0.000000e+00   0.000000e+00
 2.442565e-03   0.000000e+00   0.000000e+00
 2.458435e-03   0.000000e+00   0.000000e+00
 2.474305e-03   0.000000e+00   0.000000e+00
 2.490175e-03   0.000000e+00   0.000000e+00
 2.506045e-03   0.000000e+00   0.000000e+00
 2.521915e-03   0.000000e+00   0.000000e+00
 2.537785e-03   0.000000e+00   0.000000e+00
 2.553655e-03   0.000000e+00   0.000000e+00
 2.569525e-03   0.000000e+00   0.000000e+00
 2.585395e-03   0.000000e+00   0.000000e+00
 2.601265e-03   0.000000e+00   0.000000e+00
 2.617135e-03   0.000000e+00   0.000000e+00
 2.633005e-03   0.000000e+00   0.000000e+00
 2.648875e-03   0.000000e+00   0.000000e+00
 2.664745e-03   0.000000e+00   0.000000e+00
 2.680615e-03   0.000000e+00   0.000000e+00
 2.696485e-03   0.000000e+00   0.000000e+00
 2.712355e-03   0.000000e+00   0.000000e+00
 2.728225e-03   0.000000e+00   0.000000e+00
 2.744095e-03   0.000000e+00   0.000000e+00
 2.759965e-03   0.000000e+00   0.000000e+00
 2.775835e-03   0.000000e+00   0.000000e+00
 2.791705e-03   0.000000e+00   0.000000e+00
 2.807575e-03   0.000000e+00   0.000000e+00
 2.823445e-03   0.000000e+00   0.000000e+00
 2.839315e-03   0.000000e+00   0.000000e+00
 2.855185e-03   0.000000e+00   0.000000e+00
 2.871055e-03   0.000000e+00   0.000000e+00
 2.886925e-03   0.000000e+00   0.000000e+00
 2.902795e-03   0.000000e+00   0.000000e+00
 2.918665e-03   0.000000e+00   0.000000e+00
 2.934535e-03   0.000000e+00   0.000000e+00
 2.950405e-03   0.000000e+00   0.000000e+00
 2.966275e-03   0.000000e+00   0.000000e+00
 2.982145e-03   0.000000e+00   0.000000e+00
 2.998015e-03   0.000000e+00   0.000000e+00
 3.013885e-03   0.000000e+00   0.000000e+00
 3.029755e-03   0.000000e+00   0.000000e+00
 3.045625e-03   0.000000e+00   0.000000e+00
 3.061495e-03   0.000000e+00   0.000000e+00
 3.077365e-03   0.000000e+00   0.000000e+00
 3.093235e-03   0.000000e+00   0.000000e+00
 3.109105e-03   0.000000e+00   0.000000e+00
 3.124975e-03   0.000000e+00   0.000000e+00
 3.140845e-03   0.000000e+00   0.000000e+00
 3.156715e-03   0.000000e+00   0.000000e+00
 3.172585e-03   0.000000e+00   0.000000e+00
 3.188455e-03   0.000000e+00   0.000000e+00
 3.204325e-03   0.000000e+00   0.000000e+00
 3.220195e-03   0.000000e+00   0.000000e+00
 3.236065e-03   0.000000e+00   0.000000e+00
 3.251935e-03   0.000000e+00   0.000000e+00
 3.267805e-03   0.000000e+00   0.000000e+00
 3.283675e-03   0.000000e+00   0.000000e+00
 3.299545e-03   0.000000e+00   0.000000e+00
 3.315415e-03   0.000000e+00   0.000000e+00
 3.331285e-03   0.000000e+00   0.000000e+00
 3.347155e-03   0.000000e+00   0.000000e+00
 3.363025e-03   0.000000e+00   0.000000e+00
 3.378895e-03   0.000000e+00   0.000000e+00
 3.394765e-03   0.000000e+00   0.000000e+00
 3.410635e-03   0.000000e+00   0.000000e+00
 3.426505e-03   0.000000e+00   0.000000e+00
 3.442375e-03   0.000000e+00   0.000000e+00
 3.458245e-03   0.000000e+00   0.000000e+00
 3.474115e-03   0.000000e+00   0.000000e+00
 3.489985e-03   0.000000e+00   0.000000e+00
 3.505855e-03   0.000000e+00   0.000000e+00
 3.521725e-03   0.000000e+00   0.000000e+00
 3.537595e-03   0.000000e+00   0.000000e+00
 3.553465e-03   0.000000e+00   0.000000e+00
 3.569335e-03   0.000000e+00   0.000000e+00
 3.585205e-03   0.000000e+00   0.000000e+00
 3.601075e-03   0.000000e+00   0.000000e+00
 3.616945e-03   0.000000e+00   0.000000e+00
 3.632815e-03   0.000000e+00   0.000000e+00
 3.648685e-03   0.000000e+00   0.000000e+00
 3.664555e-03   0.000000e+00   0.000000e+00
 3.680425e-03   0.000000e+00   0.000000e+00
 3.696295e-03   0.000000e+00   0.000000e+00
 3.712165e-03   0.000000e+00   0.000000e+00
 3.728035e-03   0.000000e+00   0.000000e+00
 3.743905e-03   0.000000e+00   0.000000e+00
 3.759775e-03   0.000000e+00   0.000000e+00
 3.775645e-03   0.000000e+00   0.000000e+00
 3.791515e-03   0.000000e+00   0.000000e+00
 3.807385e-03   0.000000e+00   0.000000e+00
 3.823255e-03   0.000000e+00   0.000000e+00
 3.839125e-03   0.000000e+00   0.000000e+00
 3.854995e-03   0.000000e+00   0.000000e+00
 3.870865e-03   0.000000e+00   0.000000e+00
 3.886735e-03   0.000000e+00   0.000000e+00
 3.902605e-03   0.000000e+00   0.000000e+00
 3.918475e-03   0.000000e+00   0.000000e+00
 3.934345e-03   0.000000e+00   0.000000e+00
 3.950215e-03   0.000000e+00   0.000000e+00
 3.966085e-03   0.000000e+00   0.000000e+00
 3.981955e-03   0.000000e+00   0.000000e+00
 3.997825e-03   0.000000e+00   0.000000e+00
 4.013695e-03   0.000000e+00   0.000000e+00
 4.029565e-03   0.000000e+00   0.000000e+00
 4.045435e-03   0.000000e+00   0.000000e+00
 4.061305e-03   0.000000e+00   0.000000e+00
 4.077175e-03   0.000000e+00   0.000000e+00
 4.093045e-03   0.000000e+00   0.000000e+00
 4.108915e-03   0.000000e+00   0.000000e+00
 4.124785e-03   0.000000e+00   0.000000e+00
 4.140655e-03   0.000000e+00   0.000000e+00
 4.156525e-03   0.000000e+00   0.000000e+00
 4.172395e-03   0.000000e+00   0.000000e+00
 4.188265e-03   0.000000e+00   0.000000e+00
 4.204135e-03   0.000000e+00   0.000000e+00
 4.220005e-03   0.000000e+00   0.000000e+00
 4.235875e-03   0.000000e+00   0.000000e+00
 4.251745e-03   0.000000e+00   0.000000e+00
 4.267615e-03   0.000000e+00   0.000000e+00
 4.283485e-03   0.000000e+00   0.000000e+00
 4.299355e-03   0.000000e+00   0.000000e+00
 4.315225e-03   0.000000e+00   0.000000e+00
 4.331095e-03   0.000000e+00   0.000000e+00
 4.346965e-03   0.000000e+00   0.000000e+00
 4.362835e-03   0.000000e+00   0.000000e+00
 4.378705e-03   0.000000e+00   0.000000e+00
 4.394575e-03   0.000000e+00   0.000000e+00
 4.410445e-03   0.000000e+00   0.000000e+00
 4.426315e-03   0.000000e+00   0.000000e+00
 4.442185e-03   0.000000e+00   0.000000e+00
 4.458055e-03   0.000000e+00   0.000000e+00
 4.473925e-03   0.000000e+00   0.000000e+00
 4.489795e-03   0.000000e+00   0.000000e+00
 4.505665e-03   0.000000e+00   0.000000e+00
 4.521535e-03   0.000000e+00   0.000000e+00
 4.537405e-03   0.000000e+00   0.000000e+00
 4.553275e-03   0.000000e+00   0.000000e+00
 4.569145e-03   0.000000e+00   0.000000e+00
 4.585015e-03   0.000000e+00   0.000000e+00
 4.600885e-03   0.000000e+00   0.000000e+00
 4.616755e-03   0.000000e+00   0.000000e+00
 4.632625e-03   0.000000e+00   0.000000e+00
 4.648495e-03   0.000000e+00   0.000000e+00
 4.664365e-03   0.000000e+00   0.000000e+00
 4.680235e-03   0.000000e+00   0.000000e+00
 4.696105e-03   0.000000e+00   0.000000e+00
 4.711975e-03   0.000000e+00   0.000000e+00
 4.727845e-03   0.000000e+00   0.000000e+00
 4.743715e-03   0.000000e+00   0.000000e+00
 4.759585e-03   0.000000e+00   0.000000e+00
 4.775455e-03   0.000000e+00   0.000000e+00
 4.791325e-03   0.000000e+00   0.000000e+00
 4.807195e-03   0.000000e+00   0.000000e+00
 4.823065e-03   0.000000e+00   0.000000e+00
 4.838935e-03   0.000000e+00   0.000000e+00
 4.854805e-03   0.000000e+00   0.000000e+00
 4.870675e-03   0.000000e+00   0.000000e+00
 4.886545e-03   0.000000e+00   0.000000e+00
 4.902415e-03   0.000000e+00   0.000000e+00
 4.918285e-03   0.000000e+00   0.000000e+00
 4.934155e-03   0.000000e+00   0.000000e+00
 4.950025e-03   0.000000e+00   0.000000e+00
 4.965895e-03   0.000000e+00   0.000000e+00
 4.981765e-03   0.000000e+00   0.000000e+00
 4.997635e-03   0.000000e+00   0.000000e+00
 5.013505e-03   0.000000e+00   0.000000e+00
 5.029375e-03   0.000000e+00   0.000000e+00
 5.045245e-03   0.000000e+00   0.000000e+00
 5.061115e-03   0.000000e+00   0.000000e+00
 5.076985e-03   0.000000e+00   0.000000e+00
 5.092855e-03   0.000000e+00   0.000000e+00
 5.108725e-03   0.000000e+00   0.000000e+00
 5.124595e-03   0.000000e+00   0.000000e+00
 5.140465e-03   0.000000e+00   0.000000e+00
 5.156335e-03   0.000000e+00   0.000000e+00
 5.172205e-03   0.000000e+00   0.000000e+00
 5.188075e-03   0.000000e+00   0.000000e+00
 5.203945e-03   0.000000e+00   0.000000e+00
 5.219815e-03   0.000000e+00   0.000000e+00
 5.235685e-03   0.000000e+00   0.000000e+00
 5.251555e-03   0.000000e+00   0.000000e+00
 5.267425e-03   0.000000e+00   0.000000e+00
 5.283295e-03   0.000000e+00   0.000000e+00
 5.299165e-03   0.000000e+00   0.000000e+00
 5.315035e-03   0.000000e+00   0.000000e+00
 5.330905e-03   0.000000e+00   0.000000e+00
 5.346775e-03   0.000000e+00   0.000000e+00
 5.362645e-03   0.000000e+00   0.000000e+00
 5.378515e-03   0.000000e+00   0.000000e+00
 5.394385e-03   0.000000e+00   0.000000e+00
 5.410255e-03   0.000000e+00   0.000000e+00
 5.426125e-03   0.000000e+00   0.000000e+00
 5.441995e-03   0.000000e+00   0.000000e+00
 5.457865e-03   0.000000e+00   0.000000e+00
 5.473735e-03   0.000000e+00   0.000000e+00
 5.489605e-03   0.000000e+00   0.000000e+00
 5.505475e-03   0.000000e+00   0.000000e+00
 5.521345e-03   0.000000e+00   0.000000e+00
 5.537215e-03   0.000000e+00   0.000000e+00
 5.553085e-03   0.000000e+00   0.000000e+00
 5.568955e-03   0.000000e+00   0.000000e+00
 5.584825e-03   0.000000e+00   0.000000e+00
 5.600695e-03   0.000000e+00   0.000000e+00
 5.616565e-03   0.000000e+00   0.000000e+00
 5.632435e-03   0.000000e+00   0.000000e+00
 5.648305e-03   0.000000e+00   0.000000e+00
 5.664175e-03   0.000000e+00   0.000000e+00
 5.680045e-03   0.000000e+00   0.000000e+00
 5.695915e-03   0.000000e+00   0.000000e+00
 5.711785e-03   0.000000e+00   0.000000e+00
 5.727655e-03   0.000000e+00   0.000000e+00
 5.743525e-03   0.000000e+00   0.000000e+00
 5.759395e-03   0.000000e+00   0.000000e+00
 5.775265e-03   0.000000e+00   0.000000e+00
 5.791135e-03   0.000000e+00   0.000000e+00
 5.807005e-03   0.000000e+00   0.000000e+00
 5.822875e-03   0.000000e+00   0.000000e+00
 5.838745e-03   0.000000e+00   0.000000e+00
 5.854615e-03   0.000000e+00   0.000000e+00
 5.870485e-03   0.000000e+00   0.000000e+00
 5.886355e-03   0.000000e+00   0.000000e+00
 5.902225e-03   0.000000e+00   0.000000e+00
 5.918095e-03   0.000000e+00   0.000000e+00
 5.933965e-03   0.000000e+00   0.000000e+00
 5.949835e-03   0.000000e+00   0.000000e+00
 5.965705e-03   0.000000e+00   0.000000e+00
 5.981575e-03   0.000000e+00   0.000000e+00
 5.997445e-03   0.000000e+00   0.000000e+00
 6.013315e-03   0.000000e+00   0.000000e+00
 6.029185e-03   0.000000e+00   0.000000e+00
 6.045055e-03   0.000000e+00   0.000000e+00
 6.060925e-03   0.000000e+00   0.000000e+00
 6.076795e-03   0.000000e+00   0.000000e+00
 6.092665e-03   0.000000e+00   0.000000e+00
 6.108535e-03   0.000000e+00   0.000000e+00
 6.124405e-03   0.000000e+00   0.000000e+00
 6.140275e-03   0.000000e+00   0.000000e+00
 6.156145e-03   0.000000e+00   0.000000e+00
 6.172015e-03   0.000000e+00   0.000000e+00
 6.187885e-03   0.000000e+00   0.000000e+00
 6.203755e-03   0.000000e+00   0.000000e+00
 6.219625e-03   0.000000e+00   0.000000e+00
 6.235495e-03   0.000000e+00   0.000000e+00
 6.251365e-03   0.000000e+00   0.000000e+00
 6.267235e-03   0.000000e+00   0.000000e+00
 6.283105e-03   0.000000e+00   0.000000e+00
 6.298975e-03   0.000000e+00   0.000000e+00
 6.314845e-03   0.000000e+00   0.000000e+00
 6.330715e-03   0.000000e+00   0.000000e+00
 6.346585e-03   0.000000e+00   0.000000e+00
 6.362455e-03   0.000000e+00   0.000000e+00
 6.378325e-03   0.000000e+00   0.000000e+00
 6.394195e-03   0.000000e+00   0.000000e+00
 6.410065e-03   0.000000e+00   0.000000e+00
 6.425935e-03   0.000000e+00   0.000000e+00
 6.441805e-03   0.000000e+00   0.000000e+00
 6.457675e-03   0.000000e+00   0.000000e+00
 6.473545e-03   0.000000e+00   0.000000e+00
 6.489415e-03   0.000000e+00   0.000000e+00
 6.505285e-03   0.000000e+00   0.000000e+00
 6.521155e-03   0.000000e+00   0.000000e+00
 6.537025e-03   0.000000e+00   0.000000e+00
 6.552895e-03   0.000000e+00   0.000000e+00
 6.568765e-03   0.000000e+00   0.000000e+00
 6.584635e-03   0.000000e+00   0.000000e+00
 6.600505e-03   0.000000e+00   0.000000e+00
 6.616375e-03   0.000000e+00   0.000000e+00
 6.632245e-03   0.000000e+00   0.000000e+00
 6.648115e-03   0.000000e+00   0.000000e+00
 6.663985e-03   0.000000e+00   0.000000e+00
 6.679855e-03   0.000000e+00   0.000000e+00
 6.695725e-03   0.000000e+00   0.000000e+00
 6.711595e-03   0.000000e+00   0.000000e+00
 6.727465e-03   0.000000e+00   0.000000e+00
 6.743335e-03   0.000000e+00   0.000000e+00
 6.759205e-03   0.000000e+00   0.000000e+00
 6.775075e-03   0.000000e+00   0.000000e+00
 6.790945e-03   0.000000e+00   0.000000e+00
 6.806815e-03   0.000000e+00   0.000000e+00
 6.822685e-03   0.000000e+00   0.000000e+00
 6.838555e-03   0.000000e+00   0.000000e+00
 6.854425e-03   0.000000e+00   0.000000e+00
 6.870295e-03   0.000000e+00   0.000000e+00
 6.886165e-03   0.000000e+00   0.000000e+00
 6.902035e-03   0.000000e+00   0.000000e+00
 6.917905e-03   0.000000e+00   0.000000e+00
 6.933775e-03   0.000000e+00   0.000000e+00
 6.949645e-03   0.000000e+00   0.000000e+00
 6.965515e-03   0.000000e+00   0.000000e+00
 6.981385e-03   0.000000e+00   0.000000e+00
 6.997255e-03   0.000000e+00   0.000000e+00
 7.013125e-03   0.000000e+00   0.000000e+00
 7.028995e-03   0.000000e+00   0.000000e+00
 7.044865e-03   0.000000e+00   0.000000e+00
 7.060735e-03   0.000000e+00   0.000000e+00
 7.076605e-03   0.000000e+00   0.000000e+00
 7.092475e-03   0.000000e+00   0.000000e+00
 7.108345e-03   0.000000e+00   0.000000e+00
 7.124215e-03   0.000000e+00   0.000000e+00
 7.140085e-03   0.000000e+00   0.000000e+00
 7.155955e-03   0.000000e+00   0.000000e+00
 7.171825e-03   0.000000e+00   0.000000e+00
 7.187695e-03   0.000000e+00   0.000000e+00
 7.203565e-03   0.000000e+00   0.000000e+00
 7.219435e-03   0.000000e+00   0.000000e+00
 7.235305e-03   0.000000e+00   0.000000e+00
 7.251175e-03   0.000000e+00   0.000000e+00
 7.267045e-03   0.000000e+00   0.000000e+00
 7.282915e-03   0.000000e+00   0.000000e+00
 7.298785e-03   0.000000e+00   0.000000e+00
 7.314655e-03   0.000000e+00   0.000000e+00
 7.330525e-03   0.000000e+00   0.000000e+00
 7.346395e-03   0.000000e+00   0.000000e+00
 7.362265e-03   0.000000e+00   0.000000e+00
 7.378135e-03   0.000000e+00   0.000000e+00
 7.394005e-03   0.000000e+00   0.000000e+00
 7.409875e-03   0.000000e+00   0.000000e+00
 7.425745e-03   0.000000e+00   0.000000e+00
 7.441615e-03   0.000000e+00   0.000000e+00
 7.457485e-03   0.000000e+00   0.000000e+00
 7.473355e-03   0.000000e+00   0.000000e+00
 7.489225e-03   0.000000e+00   0.000000e+00
 7.505095e-03   0.000000e+00   0.000000e+00
 7.520965e-03   0.000000e+00   0.000000e+00
 7.536835e-03   0.000000e+00   0.000000e+00
 7.552705e-03   0.000000e+00   0.000000e+00
 7.568575e-03   0.000000e+00   0.000000e+00
 7.584445e-03   0.000000e+00   0.000000e+00
 7.600315e-03   0.000000e+00   0.000000e+00
 7.616185e-03   0.000000e+00   0.000000e+00
 7.632055e-03   0.000000e+00   0.000000e+00
 7.647925e-03   0.000000e+00   0.000000e+00
 7.663795e-03   0.000000e+00   0.000000e+00
 7.679665e-03   0.000000e+00   0.000000e+00
 7.695535e-03   0.000000e+00   0.000000e+00
 7.711405e-03   0.000000e+00   0.000000e+00
 7.727275e-03   0.000000e+00   0.000000e+00
 7.743145e-03   0.000000e+00   0.000000e+00
 7.759015e-03   0.000000e+00   0.000000e+00
 7.774885e-03   0.000000e+00   0.000000e+00
 7.790755e-03   0.000000e+00   0.000000e+00
 7.806625e-03   0.000000e+00   0.000000e+00
 7.822495e-03   0.000000e+00   0.000000e+00
 7.838365e-03   0.000000e+00   0.000000e+00
 7.854235e-03   0.000000e+00   0.000000e+00
 7.870105e-03   0.000000e+00   0.000000e+00
 7.885975e-03   0.000000e+00   0.000000e+00
 7.901845e-03   0.000000e+00   0.000000e+00
 7.917715e-03   0.000000e+00   0.000000e+00
 7.933585e-03   0.000000e+00   0.000000e+00
 7.949455e-03   0.000000e+00   0.000000e+00
 7.965325e-03   0.000000e+00   0.000000e+00
 7.981195e-03   0.000000e+00   0.000000e+00
 7.997065e-03   0.000000e+00   0.000000e+00
 inf   0.000000e+00   0.000000e+00
