Eph_lab bin centers    value    Error 
-inf   8.365861e-02   3.099481e-02
 1.509500e+02   3.695867e-05   1.606652e-05
 3.528500e+02   8.996025e-06   4.125695e-06
 5.547500e+02   5.899536e-06   2.867898e-06
 7.566500e+02   5.981434e-06   2.525219e-06
 9.585500e+02   4.230560e-06   2.058913e-06
 1.160450e+03   4.224187e-06   2.278276e-06
 1.362350e+03   1.753401e-06   7.470316e-07
 1.564250e+03   1.270527e-06   6.950253e-07
 1.766150e+03   8.971754e-07   5.513087e-07
 1.968050e+03   9.260516e-07   4.929648e-07
 2.169950e+03   1.013022e-06   4.875634e-07
 2.371850e+03   1.603481e-06   9.213927e-07
 2.573750e+03   1.075675e-06   7.482151e-07
 2.775650e+03   1.046427e-06   6.309257e-07
 2.977550e+03   9.102543e-07   6.461082e-07
 3.179450e+03   1.359926e-06   9.160825e-07
 3.381350e+03   7.070010e-07   4.753148e-07
 3.583250e+03   7.886880e-07   4.737250e-07
 3.785150e+03   1.141352e-07   9.713643e-08
 3.987050e+03   2.576936e-07   1.859721e-07
 4.188950e+03   5.140033e-07   2.825749e-07
 4.390850e+03   1.052342e-06   6.565483e-07
 4.592750e+03   1.194923e-07   1.029221e-07
 4.794650e+03   6.767538e-07   4.040364e-07
 4.996550e+03   4.216807e-07   2.137605e-07
 5.198450e+03   7.341283e-07   4.387404e-07
 5.400350e+03   6.643626e-07   6.555231e-07
 5.602250e+03   1.504617e-06   1.348917e-06
 5.804150e+03   8.111290e-08   7.353899e-08
 6.006050e+03   1.093986e-06   7.501428e-07
 6.207950e+03   3.818802e-07   1.994192e-07
 6.409850e+03   2.386874e-07   1.693089e-07
 6.611750e+03   3.635244e-07   3.181384e-07
 6.813650e+03   7.050310e-07   4.950391e-07
 7.015550e+03   2.834919e-06   2.259338e-06
 7.217450e+03   9.927990e-08   6.638078e-08
 7.419350e+03   7.640557e-07   4.866897e-07
 7.621250e+03   3.539928e-07   3.133826e-07
 7.823150e+03   5.428683e-08   4.531080e-08
 8.025050e+03   6.810340e-07   5.747169e-07
 8.226950e+03   2.136458e-07   1.497243e-07
 8.428850e+03   1.134008e-06   5.643694e-07
 8.630750e+03   2.247893e-07   1.679751e-07
 8.832650e+03   3.866239e-07   2.272337e-07
 9.034550e+03   5.016739e-08   5.016739e-08
 9.236450e+03   8.789350e-08   5.757791e-08
 9.438350e+03   1.378646e-07   9.778425e-08
 9.640250e+03   1.358146e-07   1.358146e-07
 9.842150e+03   8.875979e-08   8.646617e-08
 1.004405e+04   4.410868e-07   2.443472e-07
 1.024595e+04   2.687254e-06   2.456754e-06
 1.044785e+04   3.198970e-07   2.095395e-07
 1.064975e+04   4.135228e-07   3.776737e-07
 1.085165e+04   9.154887e-07   8.319373e-07
 1.105355e+04   1.133566e-07   9.488999e-08
 1.125545e+04   2.856886e-07   2.329938e-07
 1.145735e+04   2.791987e-07   2.104142e-07
 1.165925e+04   3.393972e-07   1.686076e-07
 1.186115e+04   1.743620e-07   1.645289e-07
 1.206305e+04   1.443761e-06   1.021636e-06
 1.226495e+04   5.260711e-08   5.012810e-08
 1.246685e+04   4.719341e-08   4.719341e-08
 1.266875e+04   1.905431e-07   1.905431e-07
 1.287065e+04   3.634244e-07   3.422286e-07
 1.307255e+04   4.630759e-08   4.545820e-08
 1.327445e+04   9.497236e-07   9.224693e-07
 1.347635e+04   1.149330e-07   1.005355e-07
 1.367825e+04   1.111155e-07   1.024804e-07
 1.388015e+04   3.597611e-07   2.440439e-07
 1.408205e+04   1.054186e-06   1.006730e-06
 1.428395e+04   5.028814e-08   4.032442e-08
 1.448585e+04   4.339595e-07   2.968907e-07
 1.468775e+04   3.260209e-07   2.975015e-07
 1.488965e+04   1.155377e-07   1.133727e-07
 1.509155e+04   1.549964e-07   8.798194e-08
 1.529345e+04   1.869674e-07   1.082496e-07
 1.549535e+04   1.526328e-08   1.526328e-08
 1.569725e+04   2.427126e-07   1.976315e-07
 1.589915e+04   1.186188e-07   8.073255e-08
 1.610105e+04   1.723112e-08   1.177854e-08
 1.630295e+04   3.091137e-07   2.246307e-07
 1.650485e+04   5.309704e-09   5.309704e-09
 1.670675e+04   1.136185e-08   1.088511e-08
 1.690865e+04   8.471951e-08   6.972655e-08
 1.711055e+04   5.286359e-07   3.222375e-07
 1.731245e+04   3.800533e-08   3.763793e-08
 1.751435e+04   7.622054e-07   7.010585e-07
 1.771625e+04   2.186443e-07   1.568431e-07
 1.791815e+04   4.027270e-09   4.027270e-09
 1.812005e+04   8.592142e-08   7.331057e-08
 1.832195e+04   4.050713e-10   4.050713e-10
 1.852385e+04   1.591576e-08   1.061337e-08
 1.872575e+04   2.274642e-08   2.274642e-08
 1.892765e+04   4.490493e-08   3.370942e-08
 1.912955e+04   6.469345e-08   6.469345e-08
 1.933145e+04   3.632215e-08   3.632215e-08
 1.953335e+04   2.952041e-08   1.969920e-08
 1.973525e+04   0.000000e+00   0.000000e+00
 1.993715e+04   8.966589e-08   8.687729e-08
 2.013905e+04   4.611946e-08   4.611946e-08
 2.034095e+04   2.408137e-08   2.408137e-08
 2.054285e+04   7.344282e-07   7.343123e-07
 2.074475e+04   0.000000e+00   0.000000e+00
 2.094665e+04   1.489097e-07   9.621895e-08
 2.114855e+04   4.213079e-08   4.213079e-08
 2.135045e+04   2.199448e-07   1.202965e-07
 2.155235e+04   1.551678e-07   1.457666e-07
 2.175425e+04   8.052135e-07   8.052135e-07
 2.195615e+04   1.550660e-07   1.550660e-07
 2.215805e+04   9.880349e-08   9.880349e-08
 2.235995e+04   5.005133e-08   5.005133e-08
 2.256185e+04   3.380397e-07   3.189209e-07
 2.276375e+04   4.730319e-08   3.447703e-08
 2.296565e+04   1.335965e-07   1.335965e-07
 2.316755e+04   6.794129e-08   4.793514e-08
 2.336945e+04   3.495785e-08   2.333300e-08
 2.357135e+04   1.357180e-07   9.415769e-08
 2.377325e+04   2.793217e-08   1.644627e-08
 2.397515e+04   3.552715e-07   3.485332e-07
 2.417705e+04   1.926774e-07   1.364664e-07
 2.437895e+04   8.584035e-08   5.052085e-08
 2.458085e+04   2.168370e-08   2.166892e-08
 2.478275e+04   6.725737e-08   6.725737e-08
 2.498465e+04   1.565001e-07   1.565001e-07
 2.518655e+04   2.274549e-06   1.728742e-06
 2.538845e+04   1.466893e-06   1.332158e-06
 2.559035e+04   9.096767e-08   9.096589e-08
 2.579225e+04   1.403949e-08   9.188857e-09
 2.599415e+04   2.797039e-09   2.797039e-09
 2.619605e+04   2.612410e-10   2.612410e-10
 2.639795e+04   3.158660e-08   3.158660e-08
 2.659985e+04   5.235509e-08   5.235475e-08
 2.680175e+04   1.508182e-13   1.508182e-13
 2.700365e+04   7.832098e-13   7.832098e-13
 2.720555e+04   1.128058e-08   7.553808e-09
 2.740745e+04   0.000000e+00   0.000000e+00
 2.760935e+04   4.708040e-08   2.458055e-08
 2.781125e+04   3.710950e-07   2.598230e-07
 2.801315e+04   9.160303e-09   9.160303e-09
 2.821505e+04   8.496847e-08   8.463200e-08
 2.841695e+04   5.924068e-07   5.886831e-07
 2.861885e+04   1.519254e-07   1.437673e-07
 2.882075e+04   1.645121e-09   1.635182e-09
 2.902265e+04   1.493554e-08   1.047830e-08
 2.922455e+04   0.000000e+00   0.000000e+00
 2.942645e+04   4.704776e-08   4.704776e-08
 2.962835e+04   0.000000e+00   0.000000e+00
 2.983025e+04   2.987103e-08   2.987103e-08
 3.003215e+04   0.000000e+00   0.000000e+00
 3.023405e+04   0.000000e+00   0.000000e+00
 3.043595e+04   0.000000e+00   0.000000e+00
 3.063785e+04   0.000000e+00   0.000000e+00
 3.083975e+04   0.000000e+00   0.000000e+00
 3.104165e+04   0.000000e+00   0.000000e+00
 3.124355e+04   0.000000e+00   0.000000e+00
 3.144545e+04   0.000000e+00   0.000000e+00
 3.164735e+04   0.000000e+00   0.000000e+00
 3.184925e+04   0.000000e+00   0.000000e+00
 3.205115e+04   0.000000e+00   0.000000e+00
 3.225305e+04   0.000000e+00   0.000000e+00
 3.245495e+04   0.000000e+00   0.000000e+00
 3.265685e+04   0.000000e+00   0.000000e+00
 3.285875e+04   0.000000e+00   0.000000e+00
 3.306065e+04   0.000000e+00   0.000000e+00
 3.326255e+04   0.000000e+00   0.000000e+00
 3.346445e+04   0.000000e+00   0.000000e+00
 3.366635e+04   0.000000e+00   0.000000e+00
 3.386825e+04   0.000000e+00   0.000000e+00
 3.407015e+04   0.000000e+00   0.000000e+00
 3.427205e+04   0.000000e+00   0.000000e+00
 3.447395e+04   0.000000e+00   0.000000e+00
 3.467585e+04   0.000000e+00   0.000000e+00
 3.487775e+04   0.000000e+00   0.000000e+00
 3.507965e+04   0.000000e+00   0.000000e+00
 3.528155e+04   0.000000e+00   0.000000e+00
 3.548345e+04   0.000000e+00   0.000000e+00
 3.568535e+04   0.000000e+00   0.000000e+00
 3.588725e+04   0.000000e+00   0.000000e+00
 3.608915e+04   0.000000e+00   0.000000e+00
 3.629105e+04   0.000000e+00   0.000000e+00
 3.649295e+04   0.000000e+00   0.000000e+00
 3.669485e+04   0.000000e+00   0.000000e+00
 3.689675e+04   0.000000e+00   0.000000e+00
 3.709865e+04   0.000000e+00   0.000000e+00
 3.730055e+04   0.000000e+00   0.000000e+00
 3.750245e+04   0.000000e+00   0.000000e+00
 3.770435e+04   0.000000e+00   0.000000e+00
 3.790625e+04   0.000000e+00   0.000000e+00
 3.810815e+04   0.000000e+00   0.000000e+00
 3.831005e+04   0.000000e+00   0.000000e+00
 3.851195e+04   0.000000e+00   0.000000e+00
 3.871385e+04   0.000000e+00   0.000000e+00
 3.891575e+04   0.000000e+00   0.000000e+00
 3.911765e+04   0.000000e+00   0.000000e+00
 3.931955e+04   0.000000e+00   0.000000e+00
 3.952145e+04   0.000000e+00   0.000000e+00
 3.972335e+04   0.000000e+00   0.000000e+00
 3.992525e+04   0.000000e+00   0.000000e+00
 4.012715e+04   0.000000e+00   0.000000e+00
 4.032905e+04   0.000000e+00   0.000000e+00
 4.053095e+04   0.000000e+00   0.000000e+00
 4.073285e+04   0.000000e+00   0.000000e+00
 4.093475e+04   0.000000e+00   0.000000e+00
 4.113665e+04   0.000000e+00   0.000000e+00
 4.133855e+04   0.000000e+00   0.000000e+00
 4.154045e+04   0.000000e+00   0.000000e+00
 4.174235e+04   0.000000e+00   0.000000e+00
 4.194425e+04   0.000000e+00   0.000000e+00
 4.214615e+04   0.000000e+00   0.000000e+00
 4.234805e+04   0.000000e+00   0.000000e+00
 4.254995e+04   0.000000e+00   0.000000e+00
 4.275185e+04   0.000000e+00   0.000000e+00
 4.295375e+04   0.000000e+00   0.000000e+00
 4.315565e+04   0.000000e+00   0.000000e+00
 4.335755e+04   0.000000e+00   0.000000e+00
 4.355945e+04   0.000000e+00   0.000000e+00
 4.376135e+04   0.000000e+00   0.000000e+00
 4.396325e+04   0.000000e+00   0.000000e+00
 4.416515e+04   0.000000e+00   0.000000e+00
 4.436705e+04   0.000000e+00   0.000000e+00
 4.456895e+04   0.000000e+00   0.000000e+00
 4.477085e+04   0.000000e+00   0.000000e+00
 4.497275e+04   0.000000e+00   0.000000e+00
 4.517465e+04   0.000000e+00   0.000000e+00
 4.537655e+04   0.000000e+00   0.000000e+00
 4.557845e+04   0.000000e+00   0.000000e+00
 4.578035e+04   0.000000e+00   0.000000e+00
 4.598225e+04   0.000000e+00   0.000000e+00
 4.618415e+04   0.000000e+00   0.000000e+00
 4.638605e+04   0.000000e+00   0.000000e+00
 4.658795e+04   0.000000e+00   0.000000e+00
 4.678985e+04   0.000000e+00   0.000000e+00
 4.699175e+04   0.000000e+00   0.000000e+00
 4.719365e+04   0.000000e+00   0.000000e+00
 4.739555e+04   0.000000e+00   0.000000e+00
 4.759745e+04   0.000000e+00   0.000000e+00
 4.779935e+04   0.000000e+00   0.000000e+00
 4.800125e+04   0.000000e+00   0.000000e+00
 4.820315e+04   0.000000e+00   0.000000e+00
 4.840505e+04   0.000000e+00   0.000000e+00
 4.860695e+04   0.000000e+00   0.000000e+00
 4.880885e+04   0.000000e+00   0.000000e+00
 4.901075e+04   0.000000e+00   0.000000e+00
 4.921265e+04   0.000000e+00   0.000000e+00
 4.941455e+04   0.000000e+00   0.000000e+00
 4.961645e+04   0.000000e+00   0.000000e+00
 4.981835e+04   0.000000e+00   0.000000e+00
 5.002025e+04   0.000000e+00   0.000000e+00
 5.022215e+04   0.000000e+00   0.000000e+00
 5.042405e+04   0.000000e+00   0.000000e+00
 5.062595e+04   0.000000e+00   0.000000e+00
 5.082785e+04   0.000000e+00   0.000000e+00
 5.102975e+04   0.000000e+00   0.000000e+00
 5.123165e+04   0.000000e+00   0.000000e+00
 5.143355e+04   0.000000e+00   0.000000e+00
 5.163545e+04   0.000000e+00   0.000000e+00
 5.183735e+04   0.000000e+00   0.000000e+00
 5.203925e+04   0.000000e+00   0.000000e+00
 5.224115e+04   0.000000e+00   0.000000e+00
 5.244305e+04   0.000000e+00   0.000000e+00
 5.264495e+04   0.000000e+00   0.000000e+00
 5.284685e+04   0.000000e+00   0.000000e+00
 5.304875e+04   0.000000e+00   0.000000e+00
 5.325065e+04   0.000000e+00   0.000000e+00
 5.345255e+04   0.000000e+00   0.000000e+00
 5.365445e+04   0.000000e+00   0.000000e+00
 5.385635e+04   0.000000e+00   0.000000e+00
 5.405825e+04   0.000000e+00   0.000000e+00
 5.426015e+04   0.000000e+00   0.000000e+00
 5.446205e+04   0.000000e+00   0.000000e+00
 5.466395e+04   0.000000e+00   0.000000e+00
 5.486585e+04   0.000000e+00   0.000000e+00
 5.506775e+04   0.000000e+00   0.000000e+00
 5.526965e+04   0.000000e+00   0.000000e+00
 5.547155e+04   0.000000e+00   0.000000e+00
 5.567345e+04   0.000000e+00   0.000000e+00
 5.587535e+04   0.000000e+00   0.000000e+00
 5.607725e+04   0.000000e+00   0.000000e+00
 5.627915e+04   0.000000e+00   0.000000e+00
 5.648105e+04   0.000000e+00   0.000000e+00
 5.668295e+04   0.000000e+00   0.000000e+00
 5.688485e+04   0.000000e+00   0.000000e+00
 5.708675e+04   0.000000e+00   0.000000e+00
 5.728865e+04   0.000000e+00   0.000000e+00
 5.749055e+04   0.000000e+00   0.000000e+00
 5.769245e+04   0.000000e+00   0.000000e+00
 5.789435e+04   0.000000e+00   0.000000e+00
 5.809625e+04   0.000000e+00   0.000000e+00
 5.829815e+04   0.000000e+00   0.000000e+00
 5.850005e+04   0.000000e+00   0.000000e+00
 5.870195e+04   0.000000e+00   0.000000e+00
 5.890385e+04   0.000000e+00   0.000000e+00
 5.910575e+04   0.000000e+00   0.000000e+00
 5.930765e+04   0.000000e+00   0.000000e+00
 5.950955e+04   0.000000e+00   0.000000e+00
 5.971145e+04   0.000000e+00   0.000000e+00
 5.991335e+04   0.000000e+00   0.000000e+00
 6.011525e+04   0.000000e+00   0.000000e+00
 6.031715e+04   0.000000e+00   0.000000e+00
 6.051905e+04   0.000000e+00   0.000000e+00
 6.072095e+04   0.000000e+00   0.000000e+00
 6.092285e+04   0.000000e+00   0.000000e+00
 6.112475e+04   0.000000e+00   0.000000e+00
 6.132665e+04   0.000000e+00   0.000000e+00
 6.152855e+04   0.000000e+00   0.000000e+00
 6.173045e+04   0.000000e+00   0.000000e+00
 6.193235e+04   0.000000e+00   0.000000e+00
 6.213425e+04   0.000000e+00   0.000000e+00
 6.233615e+04   0.000000e+00   0.000000e+00
 6.253805e+04   0.000000e+00   0.000000e+00
 6.273995e+04   0.000000e+00   0.000000e+00
 6.294185e+04   0.000000e+00   0.000000e+00
 6.314375e+04   0.000000e+00   0.000000e+00
 6.334565e+04   0.000000e+00   0.000000e+00
 6.354755e+04   0.000000e+00   0.000000e+00
 6.374945e+04   0.000000e+00   0.000000e+00
 6.395135e+04   0.000000e+00   0.000000e+00
 6.415325e+04   0.000000e+00   0.000000e+00
 6.435515e+04   0.000000e+00   0.000000e+00
 6.455705e+04   0.000000e+00   0.000000e+00
 6.475895e+04   0.000000e+00   0.000000e+00
 6.496085e+04   0.000000e+00   0.000000e+00
 6.516275e+04   0.000000e+00   0.000000e+00
 6.536465e+04   0.000000e+00   0.000000e+00
 6.556655e+04   0.000000e+00   0.000000e+00
 6.576845e+04   0.000000e+00   0.000000e+00
 6.597035e+04   0.000000e+00   0.000000e+00
 6.617225e+04   0.000000e+00   0.000000e+00
 6.637415e+04   0.000000e+00   0.000000e+00
 6.657605e+04   0.000000e+00   0.000000e+00
 6.677795e+04   0.000000e+00   0.000000e+00
 6.697985e+04   0.000000e+00   0.000000e+00
 6.718175e+04   0.000000e+00   0.000000e+00
 6.738365e+04   0.000000e+00   0.000000e+00
 6.758555e+04   0.000000e+00   0.000000e+00
 6.778745e+04   0.000000e+00   0.000000e+00
 6.798935e+04   0.000000e+00   0.000000e+00
 6.819125e+04   0.000000e+00   0.000000e+00
 6.839315e+04   0.000000e+00   0.000000e+00
 6.859505e+04   0.000000e+00   0.000000e+00
 6.879695e+04   0.000000e+00   0.000000e+00
 6.899885e+04   0.000000e+00   0.000000e+00
 6.920075e+04   0.000000e+00   0.000000e+00
 6.940265e+04   0.000000e+00   0.000000e+00
 6.960455e+04   0.000000e+00   0.000000e+00
 6.980645e+04   0.000000e+00   0.000000e+00
 7.000835e+04   0.000000e+00   0.000000e+00
 7.021025e+04   0.000000e+00   0.000000e+00
 7.041215e+04   0.000000e+00   0.000000e+00
 7.061405e+04   0.000000e+00   0.000000e+00
 7.081595e+04   0.000000e+00   0.000000e+00
 7.101785e+04   0.000000e+00   0.000000e+00
 7.121975e+04   0.000000e+00   0.000000e+00
 7.142165e+04   0.000000e+00   0.000000e+00
 7.162355e+04   0.000000e+00   0.000000e+00
 7.182545e+04   0.000000e+00   0.000000e+00
 7.202735e+04   0.000000e+00   0.000000e+00
 7.222925e+04   0.000000e+00   0.000000e+00
 7.243115e+04   0.000000e+00   0.000000e+00
 7.263305e+04   0.000000e+00   0.000000e+00
 7.283495e+04   0.000000e+00   0.000000e+00
 7.303685e+04   0.000000e+00   0.000000e+00
 7.323875e+04   0.000000e+00   0.000000e+00
 7.344065e+04   0.000000e+00   0.000000e+00
 7.364255e+04   0.000000e+00   0.000000e+00
 7.384445e+04   0.000000e+00   0.000000e+00
 7.404635e+04   0.000000e+00   0.000000e+00
 7.424825e+04   0.000000e+00   0.000000e+00
 7.445015e+04   0.000000e+00   0.000000e+00
 7.465205e+04   0.000000e+00   0.000000e+00
 7.485395e+04   0.000000e+00   0.000000e+00
 7.505585e+04   0.000000e+00   0.000000e+00
 7.525775e+04   0.000000e+00   0.000000e+00
 7.545965e+04   0.000000e+00   0.000000e+00
 7.566155e+04   0.000000e+00   0.000000e+00
 7.586345e+04   0.000000e+00   0.000000e+00
 7.606535e+04   0.000000e+00   0.000000e+00
 7.626725e+04   0.000000e+00   0.000000e+00
 7.646915e+04   0.000000e+00   0.000000e+00
 7.667105e+04   0.000000e+00   0.000000e+00
 7.687295e+04   0.000000e+00   0.000000e+00
 7.707485e+04   0.000000e+00   0.000000e+00
 7.727675e+04   0.000000e+00   0.000000e+00
 7.747865e+04   0.000000e+00   0.000000e+00
 7.768055e+04   0.000000e+00   0.000000e+00
 7.788245e+04   0.000000e+00   0.000000e+00
 7.808435e+04   0.000000e+00   0.000000e+00
 7.828625e+04   0.000000e+00   0.000000e+00
 7.848815e+04   0.000000e+00   0.000000e+00
 7.869005e+04   0.000000e+00   0.000000e+00
 7.889195e+04   0.000000e+00   0.000000e+00
 7.909385e+04   0.000000e+00   0.000000e+00
 7.929575e+04   0.000000e+00   0.000000e+00
 7.949765e+04   0.000000e+00   0.000000e+00
 7.969955e+04   0.000000e+00   0.000000e+00
 7.990145e+04   0.000000e+00   0.000000e+00
 8.010335e+04   0.000000e+00   0.000000e+00
 8.030525e+04   0.000000e+00   0.000000e+00
 8.050715e+04   0.000000e+00   0.000000e+00
 8.070905e+04   0.000000e+00   0.000000e+00
 8.091095e+04   0.000000e+00   0.000000e+00
 8.111285e+04   0.000000e+00   0.000000e+00
 8.131475e+04   0.000000e+00   0.000000e+00
 8.151665e+04   0.000000e+00   0.000000e+00
 8.171855e+04   0.000000e+00   0.000000e+00
 8.192045e+04   0.000000e+00   0.000000e+00
 8.212235e+04   0.000000e+00   0.000000e+00
 8.232425e+04   0.000000e+00   0.000000e+00
 8.252615e+04   0.000000e+00   0.000000e+00
 8.272805e+04   0.000000e+00   0.000000e+00
 8.292995e+04   0.000000e+00   0.000000e+00
 8.313185e+04   0.000000e+00   0.000000e+00
 8.333375e+04   0.000000e+00   0.000000e+00
 8.353565e+04   0.000000e+00   0.000000e+00
 8.373755e+04   0.000000e+00   0.000000e+00
 8.393945e+04   0.000000e+00   0.000000e+00
 8.414135e+04   0.000000e+00   0.000000e+00
 8.434325e+04   0.000000e+00   0.000000e+00
 8.454515e+04   0.000000e+00   0.000000e+00
 8.474705e+04   0.000000e+00   0.000000e+00
 8.494895e+04   0.000000e+00   0.000000e+00
 8.515085e+04   0.000000e+00   0.000000e+00
 8.535275e+04   0.000000e+00   0.000000e+00
 8.555465e+04   0.000000e+00   0.000000e+00
 8.575655e+04   0.000000e+00   0.000000e+00
 8.595845e+04   0.000000e+00   0.000000e+00
 8.616035e+04   0.000000e+00   0.000000e+00
 8.636225e+04   0.000000e+00   0.000000e+00
 8.656415e+04   0.000000e+00   0.000000e+00
 8.676605e+04   0.000000e+00   0.000000e+00
 8.696795e+04   0.000000e+00   0.000000e+00
 8.716985e+04   0.000000e+00   0.000000e+00
 8.737175e+04   0.000000e+00   0.000000e+00
 8.757365e+04   0.000000e+00   0.000000e+00
 8.777555e+04   0.000000e+00   0.000000e+00
 8.797745e+04   0.000000e+00   0.000000e+00
 8.817935e+04   0.000000e+00   0.000000e+00
 8.838125e+04   0.000000e+00   0.000000e+00
 8.858315e+04   0.000000e+00   0.000000e+00
 8.878505e+04   0.000000e+00   0.000000e+00
 8.898695e+04   0.000000e+00   0.000000e+00
 8.918885e+04   0.000000e+00   0.000000e+00
 8.939075e+04   0.000000e+00   0.000000e+00
 8.959265e+04   0.000000e+00   0.000000e+00
 8.979455e+04   0.000000e+00   0.000000e+00
 8.999645e+04   0.000000e+00   0.000000e+00
 9.019835e+04   0.000000e+00   0.000000e+00
 9.040025e+04   0.000000e+00   0.000000e+00
 9.060215e+04   0.000000e+00   0.000000e+00
 9.080405e+04   0.000000e+00   0.000000e+00
 9.100595e+04   0.000000e+00   0.000000e+00
 9.120785e+04   0.000000e+00   0.000000e+00
 9.140975e+04   0.000000e+00   0.000000e+00
 9.161165e+04   0.000000e+00   0.000000e+00
 9.181355e+04   0.000000e+00   0.000000e+00
 9.201545e+04   0.000000e+00   0.000000e+00
 9.221735e+04   0.000000e+00   0.000000e+00
 9.241925e+04   0.000000e+00   0.000000e+00
 9.262115e+04   0.000000e+00   0.000000e+00
 9.282305e+04   0.000000e+00   0.000000e+00
 9.302495e+04   0.000000e+00   0.000000e+00
 9.322685e+04   0.000000e+00   0.000000e+00
 9.342875e+04   0.000000e+00   0.000000e+00
 9.363065e+04   0.000000e+00   0.000000e+00
 9.383255e+04   0.000000e+00   0.000000e+00
 9.403445e+04   0.000000e+00   0.000000e+00
 9.423635e+04   0.000000e+00   0.000000e+00
 9.443825e+04   0.000000e+00   0.000000e+00
 9.464015e+04   0.000000e+00   0.000000e+00
 9.484205e+04   0.000000e+00   0.000000e+00
 9.504395e+04   0.000000e+00   0.000000e+00
 9.524585e+04   0.000000e+00   0.000000e+00
 9.544775e+04   0.000000e+00   0.000000e+00
 9.564965e+04   0.000000e+00   0.000000e+00
 9.585155e+04   0.000000e+00   0.000000e+00
 9.605345e+04   0.000000e+00   0.000000e+00
 9.625535e+04   0.000000e+00   0.000000e+00
 9.645725e+04   0.000000e+00   0.000000e+00
 9.665915e+04   0.000000e+00   0.000000e+00
 9.686105e+04   0.000000e+00   0.000000e+00
 9.706295e+04   0.000000e+00   0.000000e+00
 9.726485e+04   0.000000e+00   0.000000e+00
 9.746675e+04   0.000000e+00   0.000000e+00
 9.766865e+04   0.000000e+00   0.000000e+00
 9.787055e+04   0.000000e+00   0.000000e+00
 9.807245e+04   0.000000e+00   0.000000e+00
 9.827435e+04   0.000000e+00   0.000000e+00
 9.847625e+04   0.000000e+00   0.000000e+00
 9.867815e+04   0.000000e+00   0.000000e+00
 9.888005e+04   0.000000e+00   0.000000e+00
 9.908195e+04   0.000000e+00   0.000000e+00
 9.928385e+04   0.000000e+00   0.000000e+00
 9.948575e+04   0.000000e+00   0.000000e+00
 9.968765e+04   0.000000e+00   0.000000e+00
 9.988955e+04   0.000000e+00   0.000000e+00
 1.000914e+05   0.000000e+00   0.000000e+00
 1.002934e+05   0.000000e+00   0.000000e+00
 1.004952e+05   0.000000e+00   0.000000e+00
 1.006971e+05   0.000000e+00   0.000000e+00
 1.008991e+05   0.000000e+00   0.000000e+00
 inf   0.000000e+00   0.000000e+00
