ql51_lab bin centers    value    Error 
-inf   2.268238e+00   7.363964e-02
 6.500000e-01   2.679481e-01   5.892289e-02
 1.950000e+00   2.837118e-02   8.497811e-05
 3.250000e+00   1.646332e-02   6.192535e-05
 4.550000e+00   1.149793e-02   6.197718e-05
 5.850000e+00   8.806487e-03   3.430185e-05
 7.150000e+00   7.171479e-03   3.009426e-05
 8.450000e+00   5.931017e-03   3.123436e-05
 9.750000e+00   5.199815e-03   4.458296e-05
 1.105000e+01   4.617721e-03   4.546274e-05
 1.235000e+01   4.156296e-03   5.393344e-05
 1.365000e+01   3.784780e-03   5.690161e-05
 1.495000e+01   3.375511e-03   3.807251e-05
 1.625000e+01   3.354242e-03   5.459402e-05
 1.755000e+01   3.120157e-03   4.996076e-05
 1.885000e+01   2.809799e-03   3.389697e-05
 2.015000e+01   2.714918e-03   4.444028e-05
 2.145000e+01   2.723025e-03   3.448197e-05
 2.275000e+01   2.697179e-03   6.239346e-05
 2.405000e+01   2.629837e-03   3.678236e-05
 2.535000e+01   2.588714e-03   5.503938e-05
 2.665000e+01   2.501667e-03   5.917164e-05
 2.795000e+01   2.303202e-03   4.031425e-05
 2.925000e+01   2.107222e-03   3.629219e-05
 3.055000e+01   2.043276e-03   4.082438e-05
 3.185000e+01   1.817356e-03   3.147418e-05
 3.315000e+01   1.734144e-03   2.800773e-05
 3.445000e+01   1.525383e-03   2.116268e-05
 3.575000e+01   1.388408e-03   2.229147e-05
 3.705000e+01   1.296683e-03   5.136402e-05
 3.835000e+01   1.209515e-03   2.163540e-05
 3.965000e+01   1.072501e-03   2.398487e-05
 4.095000e+01   1.002066e-03   2.094709e-05
 4.225000e+01   9.625984e-04   1.808561e-05
 4.355000e+01   8.578539e-04   1.313738e-05
 4.485000e+01   7.837838e-04   1.427395e-05
 4.615000e+01   7.531330e-04   1.768967e-05
 4.745000e+01   7.114848e-04   1.440257e-05
 4.875000e+01   6.533584e-04   1.867442e-05
 5.005000e+01   6.693800e-04   2.138060e-05
 5.135000e+01   5.754752e-04   1.697605e-05
 5.265000e+01   5.471255e-04   1.270770e-05
 5.395000e+01   4.935355e-04   1.569046e-05
 5.525000e+01   4.461714e-04   1.129974e-05
 5.655000e+01   4.246566e-04   1.485659e-05
 5.785000e+01   3.928089e-04   1.112665e-05
 5.915000e+01   3.558198e-04   8.806283e-06
 6.045000e+01   3.346872e-04   7.744038e-06
 6.175000e+01   3.322126e-04   7.066265e-06
 6.305000e+01   2.951870e-04   8.609128e-06
 6.435000e+01   2.793208e-04   8.133885e-06
 6.565000e+01   2.814056e-04   1.025121e-05
 6.695000e+01   2.560369e-04   9.368640e-06
 6.825000e+01   2.294498e-04   6.015436e-06
 6.955000e+01   2.124173e-04   7.552339e-06
 7.085000e+01   1.962869e-04   5.628541e-06
 7.215000e+01   2.018795e-04   6.415599e-06
 7.345000e+01   1.742464e-04   3.387706e-06
 7.475000e+01   1.785636e-04   3.958678e-06
 7.605000e+01   1.632082e-04   4.982588e-06
 7.735000e+01   1.498048e-04   2.647628e-06
 7.865000e+01   1.404633e-04   4.917874e-06
 7.995000e+01   1.272285e-04   2.657293e-06
 8.125000e+01   1.289165e-04   4.610795e-06
 8.255000e+01   1.129992e-04   3.826453e-06
 8.385000e+01   1.084719e-04   4.063699e-06
 8.515000e+01   1.128315e-04   3.518248e-06
 8.645000e+01   9.924808e-05   2.508065e-06
 8.775000e+01   9.663857e-05   3.255513e-06
 8.905000e+01   9.515739e-05   3.747522e-06
 9.035000e+01   8.630324e-05   2.676215e-06
 9.165000e+01   8.381190e-05   2.808469e-06
 9.295000e+01   7.629600e-05   2.953089e-06
 9.425000e+01   7.530755e-05   3.130969e-06
 9.555000e+01   6.778302e-05   2.983645e-06
 9.685000e+01   6.343752e-05   2.855221e-06
 9.815000e+01   6.122562e-05   2.881355e-06
 9.945000e+01   5.422410e-05   1.935805e-06
 1.007500e+02   5.312679e-05   2.312041e-06
 1.020500e+02   5.208445e-05   1.826798e-06
 1.033500e+02   4.727098e-05   1.775261e-06
 1.046500e+02   4.483920e-05   1.268627e-06
 1.059500e+02   4.531539e-05   2.462919e-06
 1.072500e+02   3.918101e-05   1.445465e-06
 1.085500e+02   3.570302e-05   1.448878e-06
 1.098500e+02   3.604468e-05   2.016309e-06
 1.111500e+02   3.569029e-05   1.017781e-06
 1.124500e+02   3.145667e-05   1.177632e-06
 1.137500e+02   3.420018e-05   1.974023e-06
 1.150500e+02   2.534222e-05   1.047320e-06
 1.163500e+02   2.706656e-05   1.458356e-06
 1.176500e+02   2.516358e-05   1.788472e-06
 1.189500e+02   2.133109e-05   8.739226e-07
 1.202500e+02   2.039683e-05   7.953427e-07
 1.215500e+02   1.997231e-05   1.049560e-06
 1.228500e+02   1.857773e-05   8.254260e-07
 1.241500e+02   1.650449e-05   8.000107e-07
 1.254500e+02   1.623434e-05   7.078534e-07
 1.267500e+02   1.410749e-05   5.656880e-07
 1.280500e+02   1.453342e-05   5.903318e-07
 1.293500e+02   1.217953e-05   4.958343e-07
 1.306500e+02   1.234532e-05   5.322621e-07
 1.319500e+02   1.035195e-05   6.563809e-07
 1.332500e+02   9.808763e-06   4.052062e-07
 1.345500e+02   9.968475e-06   5.721717e-07
 1.358500e+02   8.439000e-06   5.530929e-07
 1.371500e+02   7.040875e-06   3.250601e-07
 1.384500e+02   5.971339e-06   2.665068e-07
 1.397500e+02   5.668560e-06   3.092842e-07
 1.410500e+02   4.980478e-06   2.054571e-07
 1.423500e+02   4.638492e-06   2.413782e-07
 1.436500e+02   4.107492e-06   1.856371e-07
 1.449500e+02   3.614018e-06   1.723745e-07
 1.462500e+02   2.819174e-06   8.942488e-08
 1.475500e+02   2.502842e-06   7.771884e-08
 1.488500e+02   2.280646e-06   8.564677e-08
 1.501500e+02   1.958849e-06   4.209453e-08
 1.514500e+02   1.654305e-06   3.025545e-08
 1.527500e+02   1.517914e-06   4.581771e-08
 1.540500e+02   1.333911e-06   3.249749e-08
 1.553500e+02   1.202248e-06   2.828477e-08
 1.566500e+02   1.086490e-06   2.800526e-08
 1.579500e+02   9.663566e-07   2.201730e-08
 1.592500e+02   8.439558e-07   1.083521e-08
 1.605500e+02   7.755484e-07   1.463770e-08
 1.618500e+02   7.114497e-07   1.432145e-08
 1.631500e+02   6.119742e-07   1.494690e-08
 1.644500e+02   5.840264e-07   1.211376e-08
 1.657500e+02   5.229799e-07   1.041765e-08
 1.670500e+02   4.532150e-07   1.039395e-08
 1.683500e+02   4.252359e-07   1.191647e-08
 1.696500e+02   3.829741e-07   1.076450e-08
 1.709500e+02   3.238078e-07   6.107786e-09
 1.722500e+02   2.866072e-07   7.939181e-09
 1.735500e+02   2.809349e-07   6.752114e-09
 1.748500e+02   2.447181e-07   1.022091e-08
 1.761500e+02   2.074662e-07   7.222762e-09
 1.774500e+02   1.830146e-07   7.535246e-09
 1.787500e+02   1.547155e-07   4.953089e-09
 1.800500e+02   1.310057e-07   6.996188e-09
 1.813500e+02   1.086093e-07   5.247795e-09
 1.826500e+02   8.503359e-08   2.565253e-09
 1.839500e+02   7.907248e-08   7.216943e-09
 1.852500e+02   5.581481e-08   2.177750e-09
 1.865500e+02   3.893851e-08   1.437809e-09
 1.878500e+02   2.450570e-08   2.518157e-09
 1.891500e+02   1.826133e-08   2.307579e-09
 1.904500e+02   3.050465e-09   3.349724e-10
 1.917500e+02   0.000000e+00   0.000000e+00
 1.930500e+02   0.000000e+00   0.000000e+00
 1.943500e+02   0.000000e+00   0.000000e+00
 1.956500e+02   0.000000e+00   0.000000e+00
 1.969500e+02   0.000000e+00   0.000000e+00
 1.982500e+02   0.000000e+00   0.000000e+00
 1.995500e+02   0.000000e+00   0.000000e+00
 2.008500e+02   0.000000e+00   0.000000e+00
 2.021500e+02   0.000000e+00   0.000000e+00
 2.034500e+02   0.000000e+00   0.000000e+00
 2.047500e+02   0.000000e+00   0.000000e+00
 2.060500e+02   0.000000e+00   0.000000e+00
 2.073500e+02   0.000000e+00   0.000000e+00
 2.086500e+02   0.000000e+00   0.000000e+00
 2.099500e+02   0.000000e+00   0.000000e+00
 2.112500e+02   0.000000e+00   0.000000e+00
 2.125500e+02   0.000000e+00   0.000000e+00
 2.138500e+02   0.000000e+00   0.000000e+00
 2.151500e+02   0.000000e+00   0.000000e+00
 2.164500e+02   0.000000e+00   0.000000e+00
 2.177500e+02   0.000000e+00   0.000000e+00
 2.190500e+02   0.000000e+00   0.000000e+00
 2.203500e+02   0.000000e+00   0.000000e+00
 2.216500e+02   0.000000e+00   0.000000e+00
 2.229500e+02   0.000000e+00   0.000000e+00
 2.242500e+02   0.000000e+00   0.000000e+00
 2.255500e+02   0.000000e+00   0.000000e+00
 2.268500e+02   0.000000e+00   0.000000e+00
 2.281500e+02   0.000000e+00   0.000000e+00
 2.294500e+02   0.000000e+00   0.000000e+00
 2.307500e+02   0.000000e+00   0.000000e+00
 2.320500e+02   0.000000e+00   0.000000e+00
 2.333500e+02   0.000000e+00   0.000000e+00
 2.346500e+02   0.000000e+00   0.000000e+00
 2.359500e+02   0.000000e+00   0.000000e+00
 2.372500e+02   0.000000e+00   0.000000e+00
 2.385500e+02   0.000000e+00   0.000000e+00
 2.398500e+02   0.000000e+00   0.000000e+00
 2.411500e+02   0.000000e+00   0.000000e+00
 2.424500e+02   0.000000e+00   0.000000e+00
 2.437500e+02   0.000000e+00   0.000000e+00
 2.450500e+02   0.000000e+00   0.000000e+00
 2.463500e+02   0.000000e+00   0.000000e+00
 2.476500e+02   0.000000e+00   0.000000e+00
 2.489500e+02   0.000000e+00   0.000000e+00
 2.502500e+02   0.000000e+00   0.000000e+00
 2.515500e+02   0.000000e+00   0.000000e+00
 2.528500e+02   0.000000e+00   0.000000e+00
 2.541500e+02   0.000000e+00   0.000000e+00
 2.554500e+02   0.000000e+00   0.000000e+00
 2.567500e+02   0.000000e+00   0.000000e+00
 2.580500e+02   0.000000e+00   0.000000e+00
 2.593500e+02   0.000000e+00   0.000000e+00
 2.606500e+02   0.000000e+00   0.000000e+00
 2.619500e+02   0.000000e+00   0.000000e+00
 2.632500e+02   0.000000e+00   0.000000e+00
 2.645500e+02   0.000000e+00   0.000000e+00
 2.658500e+02   0.000000e+00   0.000000e+00
 2.671500e+02   0.000000e+00   0.000000e+00
 2.684500e+02   0.000000e+00   0.000000e+00
 2.697500e+02   0.000000e+00   0.000000e+00
 2.710500e+02   0.000000e+00   0.000000e+00
 2.723500e+02   0.000000e+00   0.000000e+00
 2.736500e+02   0.000000e+00   0.000000e+00
 2.749500e+02   0.000000e+00   0.000000e+00
 2.762500e+02   0.000000e+00   0.000000e+00
 2.775500e+02   0.000000e+00   0.000000e+00
 2.788500e+02   0.000000e+00   0.000000e+00
 2.801500e+02   0.000000e+00   0.000000e+00
 2.814500e+02   0.000000e+00   0.000000e+00
 2.827500e+02   0.000000e+00   0.000000e+00
 2.840500e+02   0.000000e+00   0.000000e+00
 2.853500e+02   0.000000e+00   0.000000e+00
 2.866500e+02   0.000000e+00   0.000000e+00
 2.879500e+02   0.000000e+00   0.000000e+00
 2.892500e+02   0.000000e+00   0.000000e+00
 2.905500e+02   0.000000e+00   0.000000e+00
 2.918500e+02   0.000000e+00   0.000000e+00
 2.931500e+02   0.000000e+00   0.000000e+00
 2.944500e+02   0.000000e+00   0.000000e+00
 2.957500e+02   0.000000e+00   0.000000e+00
 2.970500e+02   0.000000e+00   0.000000e+00
 2.983500e+02   0.000000e+00   0.000000e+00
 2.996500e+02   0.000000e+00   0.000000e+00
 3.009500e+02   0.000000e+00   0.000000e+00
 3.022500e+02   0.000000e+00   0.000000e+00
 3.035500e+02   0.000000e+00   0.000000e+00
 3.048500e+02   0.000000e+00   0.000000e+00
 3.061500e+02   0.000000e+00   0.000000e+00
 3.074500e+02   0.000000e+00   0.000000e+00
 3.087500e+02   0.000000e+00   0.000000e+00
 3.100500e+02   0.000000e+00   0.000000e+00
 3.113500e+02   0.000000e+00   0.000000e+00
 3.126500e+02   0.000000e+00   0.000000e+00
 3.139500e+02   0.000000e+00   0.000000e+00
 3.152500e+02   0.000000e+00   0.000000e+00
 3.165500e+02   0.000000e+00   0.000000e+00
 3.178500e+02   0.000000e+00   0.000000e+00
 3.191500e+02   0.000000e+00   0.000000e+00
 3.204500e+02   0.000000e+00   0.000000e+00
 3.217500e+02   0.000000e+00   0.000000e+00
 3.230500e+02   0.000000e+00   0.000000e+00
 3.243500e+02   0.000000e+00   0.000000e+00
 3.256500e+02   0.000000e+00   0.000000e+00
 3.269500e+02   0.000000e+00   0.000000e+00
 3.282500e+02   0.000000e+00   0.000000e+00
 3.295500e+02   0.000000e+00   0.000000e+00
 3.308500e+02   0.000000e+00   0.000000e+00
 3.321500e+02   0.000000e+00   0.000000e+00
 3.334500e+02   0.000000e+00   0.000000e+00
 3.347500e+02   0.000000e+00   0.000000e+00
 3.360500e+02   0.000000e+00   0.000000e+00
 3.373500e+02   0.000000e+00   0.000000e+00
 3.386500e+02   0.000000e+00   0.000000e+00
 3.399500e+02   0.000000e+00   0.000000e+00
 3.412500e+02   0.000000e+00   0.000000e+00
 3.425500e+02   0.000000e+00   0.000000e+00
 3.438500e+02   0.000000e+00   0.000000e+00
 3.451500e+02   0.000000e+00   0.000000e+00
 3.464500e+02   0.000000e+00   0.000000e+00
 3.477500e+02   0.000000e+00   0.000000e+00
 3.490500e+02   0.000000e+00   0.000000e+00
 3.503500e+02   0.000000e+00   0.000000e+00
 3.516500e+02   0.000000e+00   0.000000e+00
 3.529500e+02   0.000000e+00   0.000000e+00
 3.542500e+02   0.000000e+00   0.000000e+00
 3.555500e+02   0.000000e+00   0.000000e+00
 3.568500e+02   0.000000e+00   0.000000e+00
 3.581500e+02   0.000000e+00   0.000000e+00
 3.594500e+02   0.000000e+00   0.000000e+00
 3.607500e+02   0.000000e+00   0.000000e+00
 3.620500e+02   0.000000e+00   0.000000e+00
 3.633500e+02   0.000000e+00   0.000000e+00
 3.646500e+02   0.000000e+00   0.000000e+00
 3.659500e+02   0.000000e+00   0.000000e+00
 3.672500e+02   0.000000e+00   0.000000e+00
 3.685500e+02   0.000000e+00   0.000000e+00
 3.698500e+02   0.000000e+00   0.000000e+00
 3.711500e+02   0.000000e+00   0.000000e+00
 3.724500e+02   0.000000e+00   0.000000e+00
 3.737500e+02   0.000000e+00   0.000000e+00
 3.750500e+02   0.000000e+00   0.000000e+00
 3.763500e+02   0.000000e+00   0.000000e+00
 3.776500e+02   0.000000e+00   0.000000e+00
 3.789500e+02   0.000000e+00   0.000000e+00
 3.802500e+02   0.000000e+00   0.000000e+00
 3.815500e+02   0.000000e+00   0.000000e+00
 3.828500e+02   0.000000e+00   0.000000e+00
 3.841500e+02   0.000000e+00   0.000000e+00
 3.854500e+02   0.000000e+00   0.000000e+00
 3.867500e+02   0.000000e+00   0.000000e+00
 3.880500e+02   0.000000e+00   0.000000e+00
 3.893500e+02   0.000000e+00   0.000000e+00
 3.906500e+02   0.000000e+00   0.000000e+00
 3.919500e+02   0.000000e+00   0.000000e+00
 3.932500e+02   0.000000e+00   0.000000e+00
 3.945500e+02   0.000000e+00   0.000000e+00
 3.958500e+02   0.000000e+00   0.000000e+00
 3.971500e+02   0.000000e+00   0.000000e+00
 3.984500e+02   0.000000e+00   0.000000e+00
 3.997500e+02   0.000000e+00   0.000000e+00
 4.010500e+02   0.000000e+00   0.000000e+00
 4.023500e+02   0.000000e+00   0.000000e+00
 4.036500e+02   0.000000e+00   0.000000e+00
 4.049500e+02   0.000000e+00   0.000000e+00
 4.062500e+02   0.000000e+00   0.000000e+00
 4.075500e+02   0.000000e+00   0.000000e+00
 4.088500e+02   0.000000e+00   0.000000e+00
 4.101500e+02   0.000000e+00   0.000000e+00
 4.114500e+02   0.000000e+00   0.000000e+00
 4.127500e+02   0.000000e+00   0.000000e+00
 4.140500e+02   0.000000e+00   0.000000e+00
 4.153500e+02   0.000000e+00   0.000000e+00
 4.166500e+02   0.000000e+00   0.000000e+00
 4.179500e+02   0.000000e+00   0.000000e+00
 4.192500e+02   0.000000e+00   0.000000e+00
 4.205500e+02   0.000000e+00   0.000000e+00
 4.218500e+02   0.000000e+00   0.000000e+00
 4.231500e+02   0.000000e+00   0.000000e+00
 4.244500e+02   0.000000e+00   0.000000e+00
 4.257500e+02   0.000000e+00   0.000000e+00
 4.270500e+02   0.000000e+00   0.000000e+00
 4.283500e+02   0.000000e+00   0.000000e+00
 4.296500e+02   0.000000e+00   0.000000e+00
 4.309500e+02   0.000000e+00   0.000000e+00
 4.322500e+02   0.000000e+00   0.000000e+00
 4.335500e+02   0.000000e+00   0.000000e+00
 4.348500e+02   0.000000e+00   0.000000e+00
 4.361500e+02   0.000000e+00   0.000000e+00
 4.374500e+02   0.000000e+00   0.000000e+00
 4.387500e+02   0.000000e+00   0.000000e+00
 4.400500e+02   0.000000e+00   0.000000e+00
 4.413500e+02   0.000000e+00   0.000000e+00
 4.426500e+02   0.000000e+00   0.000000e+00
 4.439500e+02   0.000000e+00   0.000000e+00
 4.452500e+02   0.000000e+00   0.000000e+00
 4.465500e+02   0.000000e+00   0.000000e+00
 4.478500e+02   0.000000e+00   0.000000e+00
 4.491500e+02   0.000000e+00   0.000000e+00
 4.504500e+02   0.000000e+00   0.000000e+00
 4.517500e+02   0.000000e+00   0.000000e+00
 4.530500e+02   0.000000e+00   0.000000e+00
 4.543500e+02   0.000000e+00   0.000000e+00
 4.556500e+02   0.000000e+00   0.000000e+00
 4.569500e+02   0.000000e+00   0.000000e+00
 4.582500e+02   0.000000e+00   0.000000e+00
 4.595500e+02   0.000000e+00   0.000000e+00
 4.608500e+02   0.000000e+00   0.000000e+00
 4.621500e+02   0.000000e+00   0.000000e+00
 4.634500e+02   0.000000e+00   0.000000e+00
 4.647500e+02   0.000000e+00   0.000000e+00
 4.660500e+02   0.000000e+00   0.000000e+00
 4.673500e+02   0.000000e+00   0.000000e+00
 4.686500e+02   0.000000e+00   0.000000e+00
 4.699500e+02   0.000000e+00   0.000000e+00
 4.712500e+02   0.000000e+00   0.000000e+00
 4.725500e+02   0.000000e+00   0.000000e+00
 4.738500e+02   0.000000e+00   0.000000e+00
 4.751500e+02   0.000000e+00   0.000000e+00
 4.764500e+02   0.000000e+00   0.000000e+00
 4.777500e+02   0.000000e+00   0.000000e+00
 4.790500e+02   0.000000e+00   0.000000e+00
 4.803500e+02   0.000000e+00   0.000000e+00
 4.816500e+02   0.000000e+00   0.000000e+00
 4.829500e+02   0.000000e+00   0.000000e+00
 4.842500e+02   0.000000e+00   0.000000e+00
 4.855500e+02   0.000000e+00   0.000000e+00
 4.868500e+02   0.000000e+00   0.000000e+00
 4.881500e+02   0.000000e+00   0.000000e+00
 4.894500e+02   0.000000e+00   0.000000e+00
 4.907500e+02   0.000000e+00   0.000000e+00
 4.920500e+02   0.000000e+00   0.000000e+00
 4.933500e+02   0.000000e+00   0.000000e+00
 4.946500e+02   0.000000e+00   0.000000e+00
 4.959500e+02   0.000000e+00   0.000000e+00
 4.972500e+02   0.000000e+00   0.000000e+00
 4.985500e+02   0.000000e+00   0.000000e+00
 4.998500e+02   0.000000e+00   0.000000e+00
 5.011500e+02   0.000000e+00   0.000000e+00
 5.024500e+02   0.000000e+00   0.000000e+00
 5.037500e+02   0.000000e+00   0.000000e+00
 5.050500e+02   0.000000e+00   0.000000e+00
 5.063500e+02   0.000000e+00   0.000000e+00
 5.076500e+02   0.000000e+00   0.000000e+00
 5.089500e+02   0.000000e+00   0.000000e+00
 5.102500e+02   0.000000e+00   0.000000e+00
 5.115500e+02   0.000000e+00   0.000000e+00
 5.128500e+02   0.000000e+00   0.000000e+00
 5.141500e+02   0.000000e+00   0.000000e+00
 5.154500e+02   0.000000e+00   0.000000e+00
 5.167500e+02   0.000000e+00   0.000000e+00
 5.180500e+02   0.000000e+00   0.000000e+00
 5.193500e+02   0.000000e+00   0.000000e+00
 5.206500e+02   0.000000e+00   0.000000e+00
 5.219500e+02   0.000000e+00   0.000000e+00
 5.232500e+02   0.000000e+00   0.000000e+00
 5.245500e+02   0.000000e+00   0.000000e+00
 5.258500e+02   0.000000e+00   0.000000e+00
 5.271500e+02   0.000000e+00   0.000000e+00
 5.284500e+02   0.000000e+00   0.000000e+00
 5.297500e+02   0.000000e+00   0.000000e+00
 5.310500e+02   0.000000e+00   0.000000e+00
 5.323500e+02   0.000000e+00   0.000000e+00
 5.336500e+02   0.000000e+00   0.000000e+00
 5.349500e+02   0.000000e+00   0.000000e+00
 5.362500e+02   0.000000e+00   0.000000e+00
 5.375500e+02   0.000000e+00   0.000000e+00
 5.388500e+02   0.000000e+00   0.000000e+00
 5.401500e+02   0.000000e+00   0.000000e+00
 5.414500e+02   0.000000e+00   0.000000e+00
 5.427500e+02   0.000000e+00   0.000000e+00
 5.440500e+02   0.000000e+00   0.000000e+00
 5.453500e+02   0.000000e+00   0.000000e+00
 5.466500e+02   0.000000e+00   0.000000e+00
 5.479500e+02   0.000000e+00   0.000000e+00
 5.492500e+02   0.000000e+00   0.000000e+00
 5.505500e+02   0.000000e+00   0.000000e+00
 5.518500e+02   0.000000e+00   0.000000e+00
 5.531500e+02   0.000000e+00   0.000000e+00
 5.544500e+02   0.000000e+00   0.000000e+00
 5.557500e+02   0.000000e+00   0.000000e+00
 5.570500e+02   0.000000e+00   0.000000e+00
 5.583500e+02   0.000000e+00   0.000000e+00
 5.596500e+02   0.000000e+00   0.000000e+00
 5.609500e+02   0.000000e+00   0.000000e+00
 5.622500e+02   0.000000e+00   0.000000e+00
 5.635500e+02   0.000000e+00   0.000000e+00
 5.648500e+02   0.000000e+00   0.000000e+00
 5.661500e+02   0.000000e+00   0.000000e+00
 5.674500e+02   0.000000e+00   0.000000e+00
 5.687500e+02   0.000000e+00   0.000000e+00
 5.700500e+02   0.000000e+00   0.000000e+00
 5.713500e+02   0.000000e+00   0.000000e+00
 5.726500e+02   0.000000e+00   0.000000e+00
 5.739500e+02   0.000000e+00   0.000000e+00
 5.752500e+02   0.000000e+00   0.000000e+00
 5.765500e+02   0.000000e+00   0.000000e+00
 5.778500e+02   0.000000e+00   0.000000e+00
 5.791500e+02   0.000000e+00   0.000000e+00
 5.804500e+02   0.000000e+00   0.000000e+00
 5.817500e+02   0.000000e+00   0.000000e+00
 5.830500e+02   0.000000e+00   0.000000e+00
 5.843500e+02   0.000000e+00   0.000000e+00
 5.856500e+02   0.000000e+00   0.000000e+00
 5.869500e+02   0.000000e+00   0.000000e+00
 5.882500e+02   0.000000e+00   0.000000e+00
 5.895500e+02   0.000000e+00   0.000000e+00
 5.908500e+02   0.000000e+00   0.000000e+00
 5.921500e+02   0.000000e+00   0.000000e+00
 5.934500e+02   0.000000e+00   0.000000e+00
 5.947500e+02   0.000000e+00   0.000000e+00
 5.960500e+02   0.000000e+00   0.000000e+00
 5.973500e+02   0.000000e+00   0.000000e+00
 5.986500e+02   0.000000e+00   0.000000e+00
 5.999500e+02   0.000000e+00   0.000000e+00
 6.012500e+02   0.000000e+00   0.000000e+00
 6.025500e+02   0.000000e+00   0.000000e+00
 6.038500e+02   0.000000e+00   0.000000e+00
 6.051500e+02   0.000000e+00   0.000000e+00
 6.064500e+02   0.000000e+00   0.000000e+00
 6.077500e+02   0.000000e+00   0.000000e+00
 6.090500e+02   0.000000e+00   0.000000e+00
 6.103500e+02   0.000000e+00   0.000000e+00
 6.116500e+02   0.000000e+00   0.000000e+00
 6.129500e+02   0.000000e+00   0.000000e+00
 6.142500e+02   0.000000e+00   0.000000e+00
 6.155500e+02   0.000000e+00   0.000000e+00
 6.168500e+02   0.000000e+00   0.000000e+00
 6.181500e+02   0.000000e+00   0.000000e+00
 6.194500e+02   0.000000e+00   0.000000e+00
 6.207500e+02   0.000000e+00   0.000000e+00
 6.220500e+02   0.000000e+00   0.000000e+00
 6.233500e+02   0.000000e+00   0.000000e+00
 6.246500e+02   0.000000e+00   0.000000e+00
 6.259500e+02   0.000000e+00   0.000000e+00
 6.272500e+02   0.000000e+00   0.000000e+00
 6.285500e+02   0.000000e+00   0.000000e+00
 6.298500e+02   0.000000e+00   0.000000e+00
 6.311500e+02   0.000000e+00   0.000000e+00
 6.324500e+02   0.000000e+00   0.000000e+00
 6.337500e+02   0.000000e+00   0.000000e+00
 6.350500e+02   0.000000e+00   0.000000e+00
 6.363500e+02   0.000000e+00   0.000000e+00
 6.376500e+02   0.000000e+00   0.000000e+00
 6.389500e+02   0.000000e+00   0.000000e+00
 6.402500e+02   0.000000e+00   0.000000e+00
 6.415500e+02   0.000000e+00   0.000000e+00
 6.428500e+02   0.000000e+00   0.000000e+00
 6.441500e+02   0.000000e+00   0.000000e+00
 6.454500e+02   0.000000e+00   0.000000e+00
 6.467500e+02   0.000000e+00   0.000000e+00
 6.480500e+02   0.000000e+00   0.000000e+00
 6.493500e+02   0.000000e+00   0.000000e+00
 inf   0.000000e+00   0.000000e+00
