th3_lab bin centers    value    Error 
-inf   0.000000e+00   0.000000e+00
 2.967100e-04   0.000000e+00   0.000000e+00
 3.001300e-04   1.055016e+04   1.026622e+01
 3.035500e-04   1.914671e+04   1.296494e+01
 3.069700e-04   1.858625e+04   9.918059e+00
 3.103900e-04   1.803954e+04   9.110921e+00
 3.138100e-04   1.752060e+04   7.190741e+00
 3.172300e-04   1.701539e+04   9.108567e+00
 3.206500e-04   1.653478e+04   6.271790e+00
 3.240700e-04   1.608280e+04   9.372099e+00
 3.274900e-04   1.564703e+04   1.055845e+01
 3.309100e-04   1.519846e+04   6.102540e+00
 3.343300e-04   1.478139e+04   9.974022e+00
 3.377500e-04   1.438901e+04   7.101959e+00
 3.411700e-04   1.400833e+04   7.537395e+00
 3.445900e-04   1.363808e+04   7.745486e+00
 3.480100e-04   1.327214e+04   6.489672e+00
 3.514300e-04   1.292998e+04   7.455872e+00
 3.548500e-04   1.259725e+04   5.918128e+00
 3.582700e-04   1.227839e+04   7.833409e+00
 3.616900e-04   1.198122e+04   8.584447e+00
 3.651100e-04   1.167096e+04   6.292633e+00
 3.685300e-04   1.137699e+04   7.620621e+00
 3.719500e-04   1.109661e+04   5.356655e+00
 3.753700e-04   1.083815e+04   7.614904e+00
 3.787900e-04   1.057182e+04   7.094354e+00
 3.822100e-04   1.030960e+04   7.451097e+00
 3.856300e-04   1.007334e+04   6.255904e+00
 3.890500e-04   9.843674e+03   6.437309e+00
 3.924700e-04   9.605489e+03   6.571712e+00
 3.958900e-04   9.368872e+03   6.046401e+00
 3.993100e-04   9.161678e+03   8.618810e+00
 4.027300e-04   8.960451e+03   7.001425e+00
 4.061500e-04   8.744571e+03   8.013666e+00
 4.095700e-04   8.564186e+03   7.054338e+00
 4.129900e-04   8.356687e+03   6.797341e+00
 4.164100e-04   8.164846e+03   5.417181e+00
 4.198300e-04   7.998110e+03   6.856370e+00
 4.232500e-04   7.833221e+03   5.596304e+00
 4.266700e-04   7.665794e+03   6.277223e+00
 4.300900e-04   7.501777e+03   6.390700e+00
 4.335100e-04   7.336891e+03   6.736317e+00
 4.369300e-04   7.176721e+03   6.718682e+00
 4.403500e-04   7.014248e+03   4.985265e+00
 4.437700e-04   6.891032e+03   6.103668e+00
 4.471900e-04   6.738155e+03   4.668100e+00
 4.506100e-04   6.609770e+03   5.596081e+00
 4.540300e-04   6.465904e+03   5.207711e+00
 4.574500e-04   6.329109e+03   6.413617e+00
 4.608700e-04   6.219983e+03   3.967793e+00
 4.642900e-04   6.086360e+03   4.232247e+00
 4.677100e-04   5.973922e+03   5.301732e+00
 4.711300e-04   5.831766e+03   6.047515e+00
 4.745500e-04   5.749504e+03   5.536042e+00
 4.779700e-04   5.622314e+03   5.245964e+00
 4.813900e-04   5.510409e+03   5.240811e+00
 4.848100e-04   5.411185e+03   6.338702e+00
 4.882300e-04   5.309973e+03   6.026648e+00
 4.916500e-04   5.219901e+03   6.464383e+00
 4.950700e-04   5.102712e+03   6.028328e+00
 4.984900e-04   5.023785e+03   5.995250e+00
 5.019100e-04   4.931015e+03   6.399750e+00
 5.053300e-04   4.827891e+03   5.988104e+00
 5.087500e-04   4.747460e+03   5.195003e+00
 5.121700e-04   4.656796e+03   6.343132e+00
 5.155900e-04   4.579900e+03   6.612605e+00
 5.190100e-04   4.481180e+03   7.152253e+00
 5.224300e-04   4.410428e+03   5.785091e+00
 5.258500e-04   4.330591e+03   5.363074e+00
 5.292700e-04   4.256706e+03   5.820475e+00
 5.326900e-04   4.177835e+03   5.697899e+00
 5.361100e-04   4.104827e+03   5.465988e+00
 5.395300e-04   4.043657e+03   6.424266e+00
 5.429500e-04   3.964311e+03   5.020689e+00
 5.463700e-04   3.896833e+03   5.877136e+00
 5.497900e-04   3.838091e+03   4.853894e+00
 5.532100e-04   3.763228e+03   6.127196e+00
 5.566300e-04   3.711273e+03   5.701746e+00
 5.600500e-04   3.648161e+03   6.137419e+00
 5.634700e-04   3.581864e+03   4.654821e+00
 5.668900e-04   3.527514e+03   7.016724e+00
 5.703100e-04   3.461677e+03   6.620501e+00
 5.737300e-04   3.407793e+03   5.108451e+00
 5.771500e-04   3.363600e+03   5.494150e+00
 5.805700e-04   3.290286e+03   4.978263e+00
 5.839900e-04   3.247092e+03   5.025026e+00
 5.874100e-04   3.210813e+03   6.790982e+00
 5.908300e-04   3.131752e+03   5.091965e+00
 5.942500e-04   3.102151e+03   5.699124e+00
 5.976700e-04   3.054859e+03   4.511517e+00
 6.010900e-04   3.000258e+03   6.033008e+00
 6.045100e-04   2.955779e+03   4.381012e+00
 6.079300e-04   2.910184e+03   4.787809e+00
 6.113500e-04   2.858314e+03   5.551144e+00
 6.147700e-04   2.817399e+03   5.009631e+00
 6.181900e-04   2.773655e+03   6.250955e+00
 6.216100e-04   2.732597e+03   6.350706e+00
 6.250300e-04   2.696734e+03   7.688642e+00
 6.284500e-04   2.659939e+03   5.471661e+00
 6.318700e-04   2.605483e+03   5.664402e+00
 6.352900e-04   2.577561e+03   4.209615e+00
 6.387100e-04   2.536743e+03   7.270929e+00
 6.421300e-04   2.499440e+03   6.398991e+00
 6.455500e-04   2.457204e+03   4.136216e+00
 6.489700e-04   2.424189e+03   6.398780e+00
 6.523900e-04   2.386183e+03   5.893491e+00
 6.558100e-04   2.357170e+03   6.550292e+00
 6.592300e-04   2.331926e+03   5.588807e+00
 6.626500e-04   2.284109e+03   5.445833e+00
 6.660700e-04   2.246742e+03   4.315777e+00
 6.694900e-04   2.233325e+03   5.041729e+00
 6.729100e-04   2.196784e+03   5.433659e+00
 6.763300e-04   2.164584e+03   4.302566e+00
 6.797500e-04   2.128694e+03   5.609529e+00
 6.831700e-04   2.091468e+03   4.747747e+00
 6.865900e-04   2.059877e+03   4.595342e+00
 6.900100e-04   2.050491e+03   3.978198e+00
 6.934300e-04   2.021410e+03   5.687048e+00
 6.968500e-04   1.990394e+03   4.069134e+00
 7.002700e-04   1.960707e+03   4.885005e+00
 7.036900e-04   1.938896e+03   5.221021e+00
 7.071100e-04   1.900480e+03   3.768992e+00
 7.105300e-04   1.893183e+03   3.902782e+00
 7.139500e-04   1.850019e+03   4.584631e+00
 7.173700e-04   1.847321e+03   4.830166e+00
 7.207900e-04   1.813847e+03   4.017186e+00
 7.242100e-04   1.794971e+03   5.933614e+00
 7.276300e-04   1.762176e+03   5.111454e+00
 7.310500e-04   1.740780e+03   6.182418e+00
 7.344700e-04   1.717905e+03   6.574569e+00
 7.378900e-04   1.697277e+03   6.627402e+00
 7.413100e-04   1.684363e+03   5.379025e+00
 7.447300e-04   1.643171e+03   4.645711e+00
 7.481500e-04   1.632911e+03   6.167882e+00
 7.515700e-04   1.603416e+03   5.153083e+00
 7.549900e-04   1.587687e+03   4.645285e+00
 7.584100e-04   1.571372e+03   4.927007e+00
 7.618300e-04   1.551435e+03   4.841475e+00
 7.652500e-04   1.532167e+03   5.608510e+00
 7.686700e-04   1.518518e+03   6.325216e+00
 7.720900e-04   1.490525e+03   9.391201e+00
 7.755100e-04   1.477929e+03   6.427072e+00
 7.789300e-04   1.461799e+03   4.970399e+00
 7.823500e-04   1.441650e+03   4.761594e+00
 7.857700e-04   1.435918e+03   8.962010e+00
 7.891900e-04   1.400728e+03   5.853965e+00
 7.926100e-04   1.386026e+03   5.528073e+00
 7.960300e-04   1.364582e+03   4.817371e+00
 7.994500e-04   1.357390e+03   6.234350e+00
 8.028700e-04   1.337776e+03   7.441704e+00
 8.062900e-04   1.325338e+03   6.360730e+00
 8.097100e-04   1.305771e+03   5.139702e+00
 8.131300e-04   1.290187e+03   5.202285e+00
 8.165500e-04   1.258299e+03   5.356481e+00
 8.199700e-04   1.269537e+03   6.175239e+00
 8.233900e-04   1.242597e+03   4.243443e+00
 8.268100e-04   1.229661e+03   5.042924e+00
 8.302300e-04   1.221402e+03   5.498776e+00
 8.336500e-04   1.206080e+03   6.525395e+00
 8.370700e-04   1.192823e+03   4.750667e+00
 8.404900e-04   1.181087e+03   5.530840e+00
 8.439100e-04   1.168559e+03   4.186549e+00
 8.473300e-04   1.136734e+03   4.898301e+00
 8.507500e-04   1.128649e+03   4.664474e+00
 8.541700e-04   1.122420e+03   3.566164e+00
 8.575900e-04   1.113475e+03   4.932044e+00
 8.610100e-04   1.095689e+03   5.107944e+00
 8.644300e-04   1.079024e+03   6.871975e+00
 8.678500e-04   1.074628e+03   5.088742e+00
 8.712700e-04   1.063021e+03   8.422844e+00
 8.746900e-04   1.044432e+03   4.351303e+00
 8.781100e-04   1.035088e+03   7.587675e+00
 8.815300e-04   1.018553e+03   7.481255e+00
 8.849500e-04   1.034601e+03   1.098489e+01
 8.883700e-04   1.001158e+03   5.591086e+00
 8.917900e-04   9.889354e+02   5.653234e+00
 8.952100e-04   9.804904e+02   5.313133e+00
 8.986300e-04   9.759756e+02   5.249595e+00
 9.020500e-04   9.660167e+02   4.542574e+00
 9.054700e-04   9.617464e+02   4.003365e+00
 9.088900e-04   9.271486e+02   5.754624e+00
 9.123100e-04   9.339545e+02   6.980824e+00
 9.157300e-04   9.219681e+02   6.922737e+00
 9.191500e-04   9.080688e+02   7.051543e+00
 9.225700e-04   9.013947e+02   3.467821e+00
 9.259900e-04   9.004207e+02   6.721102e+00
 9.294100e-04   8.724766e+02   6.614135e+00
 9.328300e-04   8.913492e+02   6.058014e+00
 9.362500e-04   8.639421e+02   4.376145e+00
 9.396700e-04   8.507251e+02   4.309197e+00
 9.430900e-04   8.409519e+02   6.989308e+00
 9.465100e-04   8.499016e+02   4.862573e+00
 9.499300e-04   8.250156e+02   4.067357e+00
 9.533500e-04   8.232429e+02   6.119488e+00
 9.567700e-04   8.138618e+02   4.926218e+00
 9.601900e-04   8.023086e+02   7.589626e+00
 9.636100e-04   7.990369e+02   8.435926e+00
 9.670300e-04   7.939145e+02   6.310001e+00
 9.704500e-04   7.826504e+02   3.964403e+00
 9.738700e-04   7.804071e+02   5.320814e+00
 9.772900e-04   7.679940e+02   3.909958e+00
 9.807100e-04   7.491974e+02   6.997692e+00
 9.841300e-04   7.424613e+02   5.679279e+00
 9.875500e-04   7.414474e+02   7.110629e+00
 9.909700e-04   7.429789e+02   4.061546e+00
 9.943900e-04   7.349975e+02   6.144006e+00
 9.978100e-04   7.260116e+02   4.519220e+00
 1.001230e-03   7.103087e+02   5.971205e+00
 1.004650e-03   7.114353e+02   6.067291e+00
 1.008070e-03   7.010571e+02   5.955183e+00
 1.011490e-03   6.835521e+02   1.023531e+01
 1.014910e-03   6.937073e+02   7.701455e+00
 1.018330e-03   6.744573e+02   5.133686e+00
 1.021750e-03   6.649978e+02   7.042480e+00
 1.025170e-03   6.629021e+02   7.382915e+00
 1.028590e-03   6.609882e+02   8.271460e+00
 1.032010e-03   6.511499e+02   1.004904e+01
 1.035430e-03   6.415602e+02   6.488369e+00
 1.038850e-03   6.400222e+02   7.039231e+00
 1.042270e-03   6.357431e+02   5.798609e+00
 1.045690e-03   6.244825e+02   4.645952e+00
 1.049110e-03   6.225741e+02   4.110068e+00
 1.052530e-03   6.166154e+02   5.583832e+00
 1.055950e-03   6.077465e+02   8.933771e+00
 1.059370e-03   6.004381e+02   1.004776e+01
 1.062790e-03   5.943104e+02   9.790404e+00
 1.066210e-03   6.047821e+02   1.087003e+01
 1.069630e-03   5.985902e+02   9.200402e+00
 1.073050e-03   5.905655e+02   4.588007e+00
 1.076470e-03   5.806915e+02   6.368692e+00
 1.079890e-03   5.655996e+02   8.729037e+00
 1.083310e-03   5.576461e+02   9.367933e+00
 1.086730e-03   5.733578e+02   9.012198e+00
 1.090150e-03   5.490351e+02   5.584381e+00
 1.093570e-03   5.722919e+02   8.298461e+00
 1.096990e-03   5.500708e+02   5.842774e+00
 1.100410e-03   5.337223e+02   6.180520e+00
 1.103830e-03   5.318605e+02   7.145279e+00
 1.107250e-03   5.391023e+02   5.541639e+00
 1.110670e-03   5.275046e+02   5.086541e+00
 1.114090e-03   5.256867e+02   6.692406e+00
 1.117510e-03   5.131649e+02   7.352692e+00
 1.120930e-03   5.232054e+02   5.561327e+00
 1.124350e-03   5.109195e+02   6.833061e+00
 1.127770e-03   4.886633e+02   6.348483e+00
 1.131190e-03   5.134035e+02   7.027279e+00
 1.134610e-03   4.923960e+02   5.797811e+00
 1.138030e-03   5.102947e+02   6.908320e+00
 1.141450e-03   4.815558e+02   5.703686e+00
 1.144870e-03   4.905788e+02   6.484583e+00
 1.148290e-03   4.910792e+02   6.329490e+00
 1.151710e-03   4.839665e+02   4.502774e+00
 1.155130e-03   4.656466e+02   3.624797e+00
 1.158550e-03   4.581695e+02   9.276739e+00
 1.161970e-03   4.776054e+02   9.487273e+00
 1.165390e-03   4.578234e+02   8.330690e+00
 1.168810e-03   4.523549e+02   6.616560e+00
 1.172230e-03   4.584239e+02   5.678818e+00
 1.175650e-03   4.432233e+02   7.231251e+00
 1.179070e-03   4.413883e+02   7.893213e+00
 1.182490e-03   4.476300e+02   5.273217e+00
 1.185910e-03   4.277909e+02   4.841977e+00
 1.189330e-03   4.318594e+02   5.671839e+00
 1.192750e-03   4.249421e+02   3.564756e+00
 1.196170e-03   4.213617e+02   8.539398e+00
 1.199590e-03   4.390954e+02   7.972022e+00
 1.203010e-03   4.279089e+02   6.785885e+00
 1.206430e-03   4.173169e+02   5.626563e+00
 1.209850e-03   4.149131e+02   8.110287e+00
 1.213270e-03   4.084318e+02   5.760250e+00
 1.216690e-03   3.939770e+02   5.548113e+00
 1.220110e-03   3.977242e+02   7.432347e+00
 1.223530e-03   4.046584e+02   6.032840e+00
 1.226950e-03   3.809158e+02   1.061830e+01
 1.230370e-03   4.060853e+02   6.088909e+00
 1.233790e-03   3.915410e+02   5.830919e+00
 1.237210e-03   3.835018e+02   4.845119e+00
 1.240630e-03   3.902606e+02   8.579040e+00
 1.244050e-03   3.860507e+02   5.605169e+00
 1.247470e-03   3.716653e+02   9.229516e+00
 1.250890e-03   3.706444e+02   7.945233e+00
 1.254310e-03   3.812061e+02   6.865539e+00
 1.257730e-03   3.660856e+02   4.764984e+00
 1.261150e-03   3.633152e+02   6.570916e+00
 1.264570e-03   3.619633e+02   5.132737e+00
 1.267990e-03   3.648620e+02   6.869664e+00
 1.271410e-03   3.497928e+02   4.517772e+00
 1.274830e-03   3.615546e+02   6.691908e+00
 1.278250e-03   3.594410e+02   6.891405e+00
 1.281670e-03   3.431700e+02   6.995544e+00
 1.285090e-03   3.505395e+02   6.988625e+00
 1.288510e-03   3.472262e+02   5.037097e+00
 1.291930e-03   3.357363e+02   6.673168e+00
 1.295350e-03   3.439762e+02   5.892420e+00
 1.298770e-03   3.310888e+02   5.199799e+00
 1.302190e-03   3.224579e+02   4.053326e+00
 1.305610e-03   3.372787e+02   7.970648e+00
 1.309030e-03   3.343979e+02   6.316301e+00
 1.312450e-03   3.130787e+02   6.015493e+00
 1.315870e-03   3.206925e+02   5.102123e+00
 1.319290e-03   3.407261e+02   3.823568e+00
 1.322710e-03   3.147132e+02   5.467289e+00
 1.326130e-03   3.069825e+02   6.428455e+00
 1.329550e-03   3.231339e+02   5.970910e+00
 1.332970e-03   3.019550e+02   7.165444e+00
 1.336390e-03   3.108636e+02   3.770384e+00
 1.339810e-03   3.067821e+02   6.974562e+00
 1.343230e-03   2.991630e+02   4.335685e+00
 1.346650e-03   2.984573e+02   5.660980e+00
 1.350070e-03   2.956651e+02   4.755534e+00
 1.353490e-03   2.947269e+02   6.360518e+00
 1.356910e-03   2.911039e+02   5.600253e+00
 1.360330e-03   2.921688e+02   6.285784e+00
 1.363750e-03   3.066992e+02   7.405785e+00
 1.367170e-03   2.889451e+02   5.679776e+00
 1.370590e-03   2.693858e+02   7.737790e+00
 1.374010e-03   2.841542e+02   5.567478e+00
 1.377430e-03   2.752183e+02   1.210450e+01
 1.380850e-03   2.780694e+02   4.934449e+00
 1.384270e-03   2.759031e+02   5.666207e+00
 1.387690e-03   2.753380e+02   3.420662e+00
 1.391110e-03   2.804617e+02   6.908781e+00
 1.394530e-03   2.690470e+02   4.860755e+00
 1.397950e-03   2.580378e+02   6.358337e+00
 1.401370e-03   2.755552e+02   4.882389e+00
 1.404790e-03   2.630770e+02   7.854620e+00
 1.408210e-03   2.662213e+02   5.477793e+00
 1.411630e-03   2.633205e+02   6.891778e+00
 1.415050e-03   2.580325e+02   7.232014e+00
 1.418470e-03   2.590626e+02   4.480059e+00
 1.421890e-03   2.590080e+02   4.983228e+00
 1.425310e-03   2.527955e+02   3.653222e+00
 1.428730e-03   2.485333e+02   5.399804e+00
 1.432150e-03   2.533067e+02   3.501290e+00
 1.435570e-03   2.473625e+02   7.032957e+00
 1.438990e-03   2.464349e+02   4.205310e+00
 1.442410e-03   2.403676e+02   6.024424e+00
 1.445830e-03   2.483913e+02   5.681939e+00
 1.449250e-03   2.377807e+02   4.819748e+00
 1.452670e-03   2.511075e+02   3.598132e+00
 1.456090e-03   2.396402e+02   6.825415e+00
 1.459510e-03   2.372139e+02   5.845340e+00
 1.462930e-03   2.403619e+02   6.661520e+00
 1.466350e-03   2.384014e+02   6.074344e+00
 1.469770e-03   2.257894e+02   5.088729e+00
 1.473190e-03   2.236387e+02   3.751879e+00
 1.476610e-03   2.311844e+02   4.698349e+00
 1.480030e-03   2.244432e+02   6.475349e+00
 1.483450e-03   2.294856e+02   3.058718e+00
 1.486870e-03   2.199929e+02   5.428508e+00
 1.490290e-03   2.191400e+02   4.645606e+00
 1.493710e-03   2.285925e+02   5.568910e+00
 1.497130e-03   2.128024e+02   5.045852e+00
 1.500550e-03   2.255102e+02   4.005317e+00
 1.503970e-03   2.230178e+02   6.247152e+00
 1.507390e-03   2.170944e+02   5.354572e+00
 1.510810e-03   2.166614e+02   2.980629e+00
 1.514230e-03   2.142867e+02   4.434968e+00
 1.517650e-03   2.069095e+02   4.888334e+00
 1.521070e-03   2.118606e+02   4.397850e+00
 1.524490e-03   2.107760e+02   9.970843e+00
 1.527910e-03   1.995835e+02   5.987415e+00
 1.531330e-03   2.052594e+02   5.674960e+00
 1.534750e-03   1.977016e+02   5.396675e+00
 1.538170e-03   2.030702e+02   3.960615e+00
 1.541590e-03   2.109810e+02   4.710842e+00
 1.545010e-03   1.898552e+02   5.652239e+00
 1.548430e-03   1.976372e+02   3.857628e+00
 1.551850e-03   1.946854e+02   2.976412e+00
 1.555270e-03   1.951664e+02   3.704549e+00
 1.558690e-03   1.969856e+02   5.100206e+00
 1.562110e-03   1.873799e+02   4.828919e+00
 1.565530e-03   1.930377e+02   4.682651e+00
 1.568950e-03   1.889766e+02   5.048146e+00
 1.572370e-03   1.965559e+02   4.921188e+00
 1.575790e-03   1.970870e+02   6.772910e+00
 1.579210e-03   1.797379e+02   8.638840e+00
 1.582630e-03   1.827080e+02   7.023505e+00
 1.586050e-03   1.918004e+02   4.394890e+00
 1.589470e-03   1.880334e+02   6.120136e+00
 1.592890e-03   1.783954e+02   5.149890e+00
 1.596310e-03   1.889018e+02   8.514955e+00
 1.599730e-03   1.848312e+02   4.376506e+00
 1.603150e-03   1.769572e+02   7.106180e+00
 1.606570e-03   1.814056e+02   6.403665e+00
 1.609990e-03   1.773549e+02   7.186849e+00
 1.613410e-03   1.743774e+02   3.219010e+00
 1.616830e-03   1.733819e+02   6.024137e+00
 1.620250e-03   1.717030e+02   5.182811e+00
 1.623670e-03   1.662854e+02   6.110805e+00
 1.627090e-03   1.761927e+02   4.853620e+00
 1.630510e-03   1.715022e+02   5.466989e+00
 1.633930e-03   1.675622e+02   5.470642e+00
 1.637350e-03   1.769666e+02   5.430231e+00
 1.640770e-03   1.636623e+02   6.192023e+00
 1.644190e-03   1.735155e+02   6.746929e+00
 1.647610e-03   1.654407e+02   3.773573e+00
 1.651030e-03   1.653060e+02   4.114221e+00
 1.654450e-03   1.656101e+02   2.877834e+00
 1.657870e-03   1.554018e+02   3.771824e+00
 1.661290e-03   1.654639e+02   4.656378e+00
 1.664710e-03   1.544261e+02   7.556928e+00
 1.668130e-03   1.490218e+02   5.346774e+00
 1.671550e-03   1.591597e+02   5.567314e+00
 1.674970e-03   1.432785e+02   5.167504e+00
 1.678390e-03   1.504252e+02   8.231026e+00
 1.681810e-03   1.557279e+02   8.211149e+00
 1.685230e-03   1.571946e+02   5.586598e+00
 1.688650e-03   1.640944e+02   7.113380e+00
 1.692070e-03   1.565555e+02   8.952639e+00
 1.695490e-03   1.437564e+02   6.649628e+00
 1.698910e-03   1.572966e+02   6.568124e+00
 1.702330e-03   1.511477e+02   7.449461e+00
 1.705750e-03   1.484713e+02   4.509199e+00
 1.709170e-03   1.464199e+02   7.116262e+00
 1.712590e-03   1.426798e+02   7.590617e+00
 1.716010e-03   1.544228e+02   8.538773e+00
 1.719430e-03   1.389067e+02   6.263177e+00
 1.722850e-03   1.484214e+02   7.005580e+00
 1.726270e-03   1.484933e+02   5.267313e+00
 1.729690e-03   1.427954e+02   6.032258e+00
 1.733110e-03   1.428618e+02   4.587424e+00
 1.736530e-03   1.488292e+02   6.135191e+00
 1.739950e-03   1.406343e+02   6.048377e+00
 1.743370e-03   1.290336e+02   8.735428e+00
 1.746790e-03   1.379360e+02   5.421548e+00
 1.750210e-03   1.203598e+02   9.256346e+00
 1.753630e-03   1.443177e+02   9.770755e+00
 1.757050e-03   1.393213e+02   5.638554e+00
 1.760470e-03   1.397338e+02   5.253687e+00
 1.763890e-03   1.297777e+02   6.762354e+00
 1.767310e-03   1.512021e+02   1.567462e+01
 1.770730e-03   1.332992e+02   6.725389e+00
 1.774150e-03   1.356571e+02   9.746293e+00
 1.777570e-03   1.335985e+02   6.415877e+00
 1.780990e-03   1.247393e+02   7.646261e+00
 1.784410e-03   1.301411e+02   6.152817e+00
 1.787830e-03   1.300708e+02   6.558234e+00
 1.791250e-03   1.264043e+02   6.008181e+00
 1.794670e-03   1.315265e+02   8.328203e+00
 1.798090e-03   1.299250e+02   6.137136e+00
 1.801510e-03   1.311463e+02   6.922063e+00
 1.804930e-03   1.179385e+02   5.363771e+00
 1.808350e-03   1.187578e+02   5.482752e+00
 1.811770e-03   1.304489e+02   5.139725e+00
 1.815190e-03   1.187075e+02   6.397299e+00
 1.818610e-03   1.179750e+02   1.024991e+01
 1.822030e-03   1.342184e+02   8.061549e+00
 1.825450e-03   1.166053e+02   6.710233e+00
 1.828870e-03   1.119547e+02   5.232588e+00
 1.832290e-03   1.261576e+02   7.495154e+00
 1.835710e-03   1.336761e+02   1.655966e+01
 1.839130e-03   1.357063e+02   6.242896e+00
 1.842550e-03   1.175982e+02   7.595211e+00
 1.845970e-03   1.084482e+02   7.670516e+00
 1.849390e-03   1.254869e+02   6.136898e+00
 1.852810e-03   1.086207e+02   1.242944e+01
 1.856230e-03   1.425214e+02   1.104894e+01
 1.859650e-03   1.039886e+02   5.008274e+00
 1.863070e-03   1.166135e+02   9.597057e+00
 1.866490e-03   1.295034e+02   7.677913e+00
 1.869910e-03   1.174782e+02   8.087161e+00
 1.873330e-03   1.123023e+02   5.982418e+00
 1.876750e-03   1.091409e+02   2.986947e+00
 1.880170e-03   9.478022e+01   1.074660e+01
 1.883590e-03   1.031278e+02   1.049644e+01
 1.887010e-03   1.107250e+02   3.646745e+00
 1.890430e-03   1.185721e+02   5.126374e+00
 1.893850e-03   1.141242e+02   8.442719e+00
 1.897270e-03   1.135009e+02   6.520081e+00
 1.900690e-03   1.039006e+02   6.088202e+00
 1.904110e-03   9.912214e+01   8.735558e+00
 1.907530e-03   1.171811e+02   8.368046e+00
 1.910950e-03   1.100970e+02   6.675379e+00
 1.914370e-03   9.767450e+01   7.200410e+00
 1.917790e-03   1.153454e+02   6.072660e+00
 1.921210e-03   1.087632e+02   8.147474e+00
 1.924630e-03   9.585822e+01   6.587851e+00
 1.928050e-03   1.009460e+02   1.227358e+01
 1.931470e-03   9.156643e+01   1.301002e+01
 1.934890e-03   9.601088e+01   7.846843e+00
 1.938310e-03   1.043382e+02   1.361842e+01
 1.941730e-03   1.010847e+02   8.169871e+00
 1.945150e-03   9.429157e+01   7.496667e+00
 1.948570e-03   1.084250e+02   9.415232e+00
 1.951990e-03   1.007726e+02   8.404839e+00
 1.955410e-03   1.084505e+02   3.590895e+00
 1.958830e-03   7.865377e+01   5.075900e+00
 1.962250e-03   8.803812e+01   5.975113e+00
 1.965670e-03   1.144668e+02   1.347802e+01
 1.969090e-03   1.007001e+02   1.204123e+01
 1.972510e-03   1.049907e+02   5.806172e+00
 1.975930e-03   8.501021e+01   1.020130e+01
 1.979350e-03   1.081266e+02   1.914147e+01
 1.982770e-03   8.867027e+01   9.837791e+00
 1.986190e-03   1.066581e+02   9.462776e+00
 1.989610e-03   9.615191e+01   9.053819e+00
 1.993030e-03   8.086704e+01   8.187220e+00
 1.996450e-03   7.357045e+01   1.111114e+01
 1.999870e-03   4.981769e+01   6.839277e+00
 2.003290e-03   0.000000e+00   0.000000e+00
 inf   0.000000e+00   0.000000e+00
