Eph_lab bin centers    value    Error 
-inf   2.279149e+00   5.526046e-03
 1.509500e+02   9.094942e-04   2.940635e-06
 3.528500e+02   3.309158e-04   1.621580e-06
 5.547500e+02   2.051934e-04   1.376729e-06
 7.566500e+02   1.505379e-04   8.649892e-07
 9.585500e+02   1.167932e-04   6.793648e-07
 1.160450e+03   9.761683e-05   7.887273e-07
 1.362350e+03   8.164671e-05   4.299692e-07
 1.564250e+03   7.249767e-05   5.451704e-07
 1.766150e+03   6.349848e-05   5.077082e-07
 1.968050e+03   5.639415e-05   3.025258e-07
 2.169950e+03   5.252415e-05   4.079475e-07
 2.371850e+03   4.782284e-05   2.809116e-07
 2.573750e+03   4.322770e-05   2.922441e-07
 2.775650e+03   3.984613e-05   2.682878e-07
 2.977550e+03   3.791705e-05   2.032789e-07
 3.179450e+03   3.497676e-05   2.272814e-07
 3.381350e+03   3.257586e-05   1.835226e-07
 3.583250e+03   3.104570e-05   1.574179e-07
 3.785150e+03   3.004559e-05   2.426213e-07
 3.987050e+03   2.828045e-05   2.278465e-07
 4.188950e+03   2.698634e-05   1.212339e-07
 4.390850e+03   2.567715e-05   1.232640e-07
 4.592750e+03   2.513587e-05   1.448900e-07
 4.794650e+03   2.399955e-05   1.675198e-07
 4.996550e+03   2.311829e-05   1.102138e-07
 5.198450e+03   2.277577e-05   1.445858e-07
 5.400350e+03   2.218367e-05   1.637162e-07
 5.602250e+03   2.154349e-05   1.411530e-07
 5.804150e+03   2.083193e-05   1.328380e-07
 6.006050e+03   2.046464e-05   1.294602e-07
 6.207950e+03   2.013379e-05   2.618995e-07
 6.409850e+03   1.976345e-05   2.537553e-07
 6.611750e+03   1.924956e-05   1.634228e-07
 6.813650e+03   1.887972e-05   2.112706e-07
 7.015550e+03   1.829114e-05   9.075419e-08
 7.217450e+03   1.828196e-05   1.649571e-07
 7.419350e+03   1.786244e-05   1.444142e-07
 7.621250e+03   1.754676e-05   1.781420e-07
 7.823150e+03   1.728033e-05   1.357392e-07
 8.025050e+03   1.720005e-05   2.045715e-07
 8.226950e+03   1.681612e-05   1.538752e-07
 8.428850e+03   1.654127e-05   1.244469e-07
 8.630750e+03   1.665778e-05   2.035018e-07
 8.832650e+03   1.602752e-05   2.098427e-07
 9.034550e+03   1.624296e-05   2.017367e-07
 9.236450e+03   1.653896e-05   2.326873e-07
 9.438350e+03   1.594344e-05   1.847407e-07
 9.640250e+03   1.564254e-05   1.653760e-07
 9.842150e+03   1.542022e-05   1.746999e-07
 1.004405e+04   1.517617e-05   1.701596e-07
 1.024595e+04   1.524217e-05   1.567849e-07
 1.044785e+04   1.526535e-05   1.573764e-07
 1.064975e+04   1.480014e-05   2.077648e-07
 1.085165e+04   1.463304e-05   2.149201e-07
 1.105355e+04   1.443978e-05   1.527024e-07
 1.125545e+04   1.464335e-05   1.845995e-07
 1.145735e+04   1.487462e-05   2.269647e-07
 1.165925e+04   1.478616e-05   2.111657e-07
 1.186115e+04   1.424777e-05   1.862721e-07
 1.206305e+04   1.423359e-05   1.422768e-07
 1.226495e+04   1.416023e-05   1.978610e-07
 1.246685e+04   1.415891e-05   2.252011e-07
 1.266875e+04   1.439181e-05   2.452065e-07
 1.287065e+04   1.386008e-05   1.534612e-07
 1.307255e+04   1.380266e-05   3.141712e-07
 1.327445e+04   1.383283e-05   1.666884e-07
 1.347635e+04   1.316187e-05   1.577570e-07
 1.367825e+04   1.330067e-05   1.735018e-07
 1.388015e+04   1.371771e-05   1.769549e-07
 1.408205e+04   1.351806e-05   2.163955e-07
 1.428395e+04   1.366527e-05   2.670778e-07
 1.448585e+04   1.356951e-05   2.573453e-07
 1.468775e+04   1.313604e-05   2.113148e-07
 1.488965e+04   1.283887e-05   2.037331e-07
 1.509155e+04   1.364603e-05   2.466180e-07
 1.529345e+04   1.246996e-05   1.123904e-07
 1.549535e+04   1.294563e-05   2.201227e-07
 1.569725e+04   1.277175e-05   2.394129e-07
 1.589915e+04   1.256716e-05   2.324755e-07
 1.610105e+04   1.269774e-05   1.720833e-07
 1.630295e+04   1.246107e-05   1.208273e-07
 1.650485e+04   1.257746e-05   2.432248e-07
 1.670675e+04   1.216623e-05   1.607292e-07
 1.690865e+04   1.217623e-05   1.695639e-07
 1.711055e+04   1.202021e-05   1.914397e-07
 1.731245e+04   1.201880e-05   2.089764e-07
 1.751435e+04   1.207772e-05   1.917671e-07
 1.771625e+04   1.170360e-05   1.496508e-07
 1.791815e+04   1.204532e-05   2.508755e-07
 1.812005e+04   1.160790e-05   1.782569e-07
 1.832195e+04   1.189093e-05   1.819219e-07
 1.852385e+04   1.145847e-05   1.613828e-07
 1.872575e+04   1.154400e-05   2.100236e-07
 1.892765e+04   1.167695e-05   2.284084e-07
 1.912955e+04   1.181482e-05   2.440984e-07
 1.933145e+04   1.153130e-05   2.317706e-07
 1.953335e+04   1.114673e-05   2.176267e-07
 1.973525e+04   1.142104e-05   1.836171e-07
 1.993715e+04   1.094473e-05   2.005482e-07
 2.013905e+04   1.185811e-05   4.834899e-07
 2.034095e+04   1.116826e-05   1.659337e-07
 2.054285e+04   1.121045e-05   2.339344e-07
 2.074475e+04   1.114969e-05   2.167122e-07
 2.094665e+04   1.075210e-05   2.061793e-07
 2.114855e+04   1.080717e-05   1.825538e-07
 2.135045e+04   1.057381e-05   1.657123e-07
 2.155235e+04   1.085793e-05   2.494090e-07
 2.175425e+04   1.078197e-05   1.649638e-07
 2.195615e+04   1.052249e-05   2.046892e-07
 2.215805e+04   1.047886e-05   2.217633e-07
 2.235995e+04   9.982799e-06   1.607570e-07
 2.256185e+04   1.049354e-05   2.110253e-07
 2.276375e+04   1.093483e-05   3.623652e-07
 2.296565e+04   9.770142e-06   1.285062e-07
 2.316755e+04   1.003685e-05   1.937985e-07
 2.336945e+04   9.736824e-06   1.318072e-07
 2.357135e+04   1.021584e-05   2.664130e-07
 2.377325e+04   9.767113e-06   1.563968e-07
 2.397515e+04   9.468344e-06   1.621721e-07
 2.417705e+04   9.724563e-06   1.491475e-07
 2.437895e+04   1.022527e-05   2.265798e-07
 2.458085e+04   9.479298e-06   1.732405e-07
 2.478275e+04   1.005602e-05   2.100090e-07
 2.498465e+04   9.303402e-06   1.852809e-07
 2.518655e+04   9.426151e-06   1.925857e-07
 2.538845e+04   9.479567e-06   2.014494e-07
 2.559035e+04   9.427965e-06   1.603311e-07
 2.579225e+04   9.859741e-06   2.849258e-07
 2.599415e+04   9.198960e-06   1.653836e-07
 2.619605e+04   9.430131e-06   2.488489e-07
 2.639795e+04   9.060011e-06   1.985397e-07
 2.659985e+04   9.411990e-06   2.260878e-07
 2.680175e+04   9.119274e-06   2.928745e-07
 2.700365e+04   8.782664e-06   2.239771e-07
 2.720555e+04   8.913048e-06   2.599494e-07
 2.740745e+04   8.751508e-06   2.427557e-07
 2.760935e+04   8.889472e-06   2.085609e-07
 2.781125e+04   8.880316e-06   2.868897e-07
 2.801315e+04   8.260464e-06   2.272927e-07
 2.821505e+04   8.038581e-06   1.481000e-07
 2.841695e+04   8.064899e-06   2.397821e-07
 2.861885e+04   8.527632e-06   2.980942e-07
 2.882075e+04   8.326182e-06   3.338224e-07
 2.902265e+04   7.726530e-06   2.783655e-07
 2.922455e+04   7.783951e-06   2.572632e-07
 2.942645e+04   7.326884e-06   2.815973e-07
 2.962835e+04   8.500311e-06   4.498542e-07
 2.983025e+04   7.551366e-06   3.077581e-07
 3.003215e+04   2.361909e-06   1.067417e-07
 3.023405e+04   0.000000e+00   0.000000e+00
 3.043595e+04   0.000000e+00   0.000000e+00
 3.063785e+04   0.000000e+00   0.000000e+00
 3.083975e+04   0.000000e+00   0.000000e+00
 3.104165e+04   0.000000e+00   0.000000e+00
 3.124355e+04   0.000000e+00   0.000000e+00
 3.144545e+04   0.000000e+00   0.000000e+00
 3.164735e+04   0.000000e+00   0.000000e+00
 3.184925e+04   0.000000e+00   0.000000e+00
 3.205115e+04   0.000000e+00   0.000000e+00
 3.225305e+04   0.000000e+00   0.000000e+00
 3.245495e+04   0.000000e+00   0.000000e+00
 3.265685e+04   0.000000e+00   0.000000e+00
 3.285875e+04   0.000000e+00   0.000000e+00
 3.306065e+04   0.000000e+00   0.000000e+00
 3.326255e+04   0.000000e+00   0.000000e+00
 3.346445e+04   0.000000e+00   0.000000e+00
 3.366635e+04   0.000000e+00   0.000000e+00
 3.386825e+04   0.000000e+00   0.000000e+00
 3.407015e+04   0.000000e+00   0.000000e+00
 3.427205e+04   0.000000e+00   0.000000e+00
 3.447395e+04   0.000000e+00   0.000000e+00
 3.467585e+04   0.000000e+00   0.000000e+00
 3.487775e+04   0.000000e+00   0.000000e+00
 3.507965e+04   0.000000e+00   0.000000e+00
 3.528155e+04   0.000000e+00   0.000000e+00
 3.548345e+04   0.000000e+00   0.000000e+00
 3.568535e+04   0.000000e+00   0.000000e+00
 3.588725e+04   0.000000e+00   0.000000e+00
 3.608915e+04   0.000000e+00   0.000000e+00
 3.629105e+04   0.000000e+00   0.000000e+00
 3.649295e+04   0.000000e+00   0.000000e+00
 3.669485e+04   0.000000e+00   0.000000e+00
 3.689675e+04   0.000000e+00   0.000000e+00
 3.709865e+04   0.000000e+00   0.000000e+00
 3.730055e+04   0.000000e+00   0.000000e+00
 3.750245e+04   0.000000e+00   0.000000e+00
 3.770435e+04   0.000000e+00   0.000000e+00
 3.790625e+04   0.000000e+00   0.000000e+00
 3.810815e+04   0.000000e+00   0.000000e+00
 3.831005e+04   0.000000e+00   0.000000e+00
 3.851195e+04   0.000000e+00   0.000000e+00
 3.871385e+04   0.000000e+00   0.000000e+00
 3.891575e+04   0.000000e+00   0.000000e+00
 3.911765e+04   0.000000e+00   0.000000e+00
 3.931955e+04   0.000000e+00   0.000000e+00
 3.952145e+04   0.000000e+00   0.000000e+00
 3.972335e+04   0.000000e+00   0.000000e+00
 3.992525e+04   0.000000e+00   0.000000e+00
 4.012715e+04   0.000000e+00   0.000000e+00
 4.032905e+04   0.000000e+00   0.000000e+00
 4.053095e+04   0.000000e+00   0.000000e+00
 4.073285e+04   0.000000e+00   0.000000e+00
 4.093475e+04   0.000000e+00   0.000000e+00
 4.113665e+04   0.000000e+00   0.000000e+00
 4.133855e+04   0.000000e+00   0.000000e+00
 4.154045e+04   0.000000e+00   0.000000e+00
 4.174235e+04   0.000000e+00   0.000000e+00
 4.194425e+04   0.000000e+00   0.000000e+00
 4.214615e+04   0.000000e+00   0.000000e+00
 4.234805e+04   0.000000e+00   0.000000e+00
 4.254995e+04   0.000000e+00   0.000000e+00
 4.275185e+04   0.000000e+00   0.000000e+00
 4.295375e+04   0.000000e+00   0.000000e+00
 4.315565e+04   0.000000e+00   0.000000e+00
 4.335755e+04   0.000000e+00   0.000000e+00
 4.355945e+04   0.000000e+00   0.000000e+00
 4.376135e+04   0.000000e+00   0.000000e+00
 4.396325e+04   0.000000e+00   0.000000e+00
 4.416515e+04   0.000000e+00   0.000000e+00
 4.436705e+04   0.000000e+00   0.000000e+00
 4.456895e+04   0.000000e+00   0.000000e+00
 4.477085e+04   0.000000e+00   0.000000e+00
 4.497275e+04   0.000000e+00   0.000000e+00
 4.517465e+04   0.000000e+00   0.000000e+00
 4.537655e+04   0.000000e+00   0.000000e+00
 4.557845e+04   0.000000e+00   0.000000e+00
 4.578035e+04   0.000000e+00   0.000000e+00
 4.598225e+04   0.000000e+00   0.000000e+00
 4.618415e+04   0.000000e+00   0.000000e+00
 4.638605e+04   0.000000e+00   0.000000e+00
 4.658795e+04   0.000000e+00   0.000000e+00
 4.678985e+04   0.000000e+00   0.000000e+00
 4.699175e+04   0.000000e+00   0.000000e+00
 4.719365e+04   0.000000e+00   0.000000e+00
 4.739555e+04   0.000000e+00   0.000000e+00
 4.759745e+04   0.000000e+00   0.000000e+00
 4.779935e+04   0.000000e+00   0.000000e+00
 4.800125e+04   0.000000e+00   0.000000e+00
 4.820315e+04   0.000000e+00   0.000000e+00
 4.840505e+04   0.000000e+00   0.000000e+00
 4.860695e+04   0.000000e+00   0.000000e+00
 4.880885e+04   0.000000e+00   0.000000e+00
 4.901075e+04   0.000000e+00   0.000000e+00
 4.921265e+04   0.000000e+00   0.000000e+00
 4.941455e+04   0.000000e+00   0.000000e+00
 4.961645e+04   0.000000e+00   0.000000e+00
 4.981835e+04   0.000000e+00   0.000000e+00
 5.002025e+04   0.000000e+00   0.000000e+00
 5.022215e+04   0.000000e+00   0.000000e+00
 5.042405e+04   0.000000e+00   0.000000e+00
 5.062595e+04   0.000000e+00   0.000000e+00
 5.082785e+04   0.000000e+00   0.000000e+00
 5.102975e+04   0.000000e+00   0.000000e+00
 5.123165e+04   0.000000e+00   0.000000e+00
 5.143355e+04   0.000000e+00   0.000000e+00
 5.163545e+04   0.000000e+00   0.000000e+00
 5.183735e+04   0.000000e+00   0.000000e+00
 5.203925e+04   0.000000e+00   0.000000e+00
 5.224115e+04   0.000000e+00   0.000000e+00
 5.244305e+04   0.000000e+00   0.000000e+00
 5.264495e+04   0.000000e+00   0.000000e+00
 5.284685e+04   0.000000e+00   0.000000e+00
 5.304875e+04   0.000000e+00   0.000000e+00
 5.325065e+04   0.000000e+00   0.000000e+00
 5.345255e+04   0.000000e+00   0.000000e+00
 5.365445e+04   0.000000e+00   0.000000e+00
 5.385635e+04   0.000000e+00   0.000000e+00
 5.405825e+04   0.000000e+00   0.000000e+00
 5.426015e+04   0.000000e+00   0.000000e+00
 5.446205e+04   0.000000e+00   0.000000e+00
 5.466395e+04   0.000000e+00   0.000000e+00
 5.486585e+04   0.000000e+00   0.000000e+00
 5.506775e+04   0.000000e+00   0.000000e+00
 5.526965e+04   0.000000e+00   0.000000e+00
 5.547155e+04   0.000000e+00   0.000000e+00
 5.567345e+04   0.000000e+00   0.000000e+00
 5.587535e+04   0.000000e+00   0.000000e+00
 5.607725e+04   0.000000e+00   0.000000e+00
 5.627915e+04   0.000000e+00   0.000000e+00
 5.648105e+04   0.000000e+00   0.000000e+00
 5.668295e+04   0.000000e+00   0.000000e+00
 5.688485e+04   0.000000e+00   0.000000e+00
 5.708675e+04   0.000000e+00   0.000000e+00
 5.728865e+04   0.000000e+00   0.000000e+00
 5.749055e+04   0.000000e+00   0.000000e+00
 5.769245e+04   0.000000e+00   0.000000e+00
 5.789435e+04   0.000000e+00   0.000000e+00
 5.809625e+04   0.000000e+00   0.000000e+00
 5.829815e+04   0.000000e+00   0.000000e+00
 5.850005e+04   0.000000e+00   0.000000e+00
 5.870195e+04   0.000000e+00   0.000000e+00
 5.890385e+04   0.000000e+00   0.000000e+00
 5.910575e+04   0.000000e+00   0.000000e+00
 5.930765e+04   0.000000e+00   0.000000e+00
 5.950955e+04   0.000000e+00   0.000000e+00
 5.971145e+04   0.000000e+00   0.000000e+00
 5.991335e+04   0.000000e+00   0.000000e+00
 6.011525e+04   0.000000e+00   0.000000e+00
 6.031715e+04   0.000000e+00   0.000000e+00
 6.051905e+04   0.000000e+00   0.000000e+00
 6.072095e+04   0.000000e+00   0.000000e+00
 6.092285e+04   0.000000e+00   0.000000e+00
 6.112475e+04   0.000000e+00   0.000000e+00
 6.132665e+04   0.000000e+00   0.000000e+00
 6.152855e+04   0.000000e+00   0.000000e+00
 6.173045e+04   0.000000e+00   0.000000e+00
 6.193235e+04   0.000000e+00   0.000000e+00
 6.213425e+04   0.000000e+00   0.000000e+00
 6.233615e+04   0.000000e+00   0.000000e+00
 6.253805e+04   0.000000e+00   0.000000e+00
 6.273995e+04   0.000000e+00   0.000000e+00
 6.294185e+04   0.000000e+00   0.000000e+00
 6.314375e+04   0.000000e+00   0.000000e+00
 6.334565e+04   0.000000e+00   0.000000e+00
 6.354755e+04   0.000000e+00   0.000000e+00
 6.374945e+04   0.000000e+00   0.000000e+00
 6.395135e+04   0.000000e+00   0.000000e+00
 6.415325e+04   0.000000e+00   0.000000e+00
 6.435515e+04   0.000000e+00   0.000000e+00
 6.455705e+04   0.000000e+00   0.000000e+00
 6.475895e+04   0.000000e+00   0.000000e+00
 6.496085e+04   0.000000e+00   0.000000e+00
 6.516275e+04   0.000000e+00   0.000000e+00
 6.536465e+04   0.000000e+00   0.000000e+00
 6.556655e+04   0.000000e+00   0.000000e+00
 6.576845e+04   0.000000e+00   0.000000e+00
 6.597035e+04   0.000000e+00   0.000000e+00
 6.617225e+04   0.000000e+00   0.000000e+00
 6.637415e+04   0.000000e+00   0.000000e+00
 6.657605e+04   0.000000e+00   0.000000e+00
 6.677795e+04   0.000000e+00   0.000000e+00
 6.697985e+04   0.000000e+00   0.000000e+00
 6.718175e+04   0.000000e+00   0.000000e+00
 6.738365e+04   0.000000e+00   0.000000e+00
 6.758555e+04   0.000000e+00   0.000000e+00
 6.778745e+04   0.000000e+00   0.000000e+00
 6.798935e+04   0.000000e+00   0.000000e+00
 6.819125e+04   0.000000e+00   0.000000e+00
 6.839315e+04   0.000000e+00   0.000000e+00
 6.859505e+04   0.000000e+00   0.000000e+00
 6.879695e+04   0.000000e+00   0.000000e+00
 6.899885e+04   0.000000e+00   0.000000e+00
 6.920075e+04   0.000000e+00   0.000000e+00
 6.940265e+04   0.000000e+00   0.000000e+00
 6.960455e+04   0.000000e+00   0.000000e+00
 6.980645e+04   0.000000e+00   0.000000e+00
 7.000835e+04   0.000000e+00   0.000000e+00
 7.021025e+04   0.000000e+00   0.000000e+00
 7.041215e+04   0.000000e+00   0.000000e+00
 7.061405e+04   0.000000e+00   0.000000e+00
 7.081595e+04   0.000000e+00   0.000000e+00
 7.101785e+04   0.000000e+00   0.000000e+00
 7.121975e+04   0.000000e+00   0.000000e+00
 7.142165e+04   0.000000e+00   0.000000e+00
 7.162355e+04   0.000000e+00   0.000000e+00
 7.182545e+04   0.000000e+00   0.000000e+00
 7.202735e+04   0.000000e+00   0.000000e+00
 7.222925e+04   0.000000e+00   0.000000e+00
 7.243115e+04   0.000000e+00   0.000000e+00
 7.263305e+04   0.000000e+00   0.000000e+00
 7.283495e+04   0.000000e+00   0.000000e+00
 7.303685e+04   0.000000e+00   0.000000e+00
 7.323875e+04   0.000000e+00   0.000000e+00
 7.344065e+04   0.000000e+00   0.000000e+00
 7.364255e+04   0.000000e+00   0.000000e+00
 7.384445e+04   0.000000e+00   0.000000e+00
 7.404635e+04   0.000000e+00   0.000000e+00
 7.424825e+04   0.000000e+00   0.000000e+00
 7.445015e+04   0.000000e+00   0.000000e+00
 7.465205e+04   0.000000e+00   0.000000e+00
 7.485395e+04   0.000000e+00   0.000000e+00
 7.505585e+04   0.000000e+00   0.000000e+00
 7.525775e+04   0.000000e+00   0.000000e+00
 7.545965e+04   0.000000e+00   0.000000e+00
 7.566155e+04   0.000000e+00   0.000000e+00
 7.586345e+04   0.000000e+00   0.000000e+00
 7.606535e+04   0.000000e+00   0.000000e+00
 7.626725e+04   0.000000e+00   0.000000e+00
 7.646915e+04   0.000000e+00   0.000000e+00
 7.667105e+04   0.000000e+00   0.000000e+00
 7.687295e+04   0.000000e+00   0.000000e+00
 7.707485e+04   0.000000e+00   0.000000e+00
 7.727675e+04   0.000000e+00   0.000000e+00
 7.747865e+04   0.000000e+00   0.000000e+00
 7.768055e+04   0.000000e+00   0.000000e+00
 7.788245e+04   0.000000e+00   0.000000e+00
 7.808435e+04   0.000000e+00   0.000000e+00
 7.828625e+04   0.000000e+00   0.000000e+00
 7.848815e+04   0.000000e+00   0.000000e+00
 7.869005e+04   0.000000e+00   0.000000e+00
 7.889195e+04   0.000000e+00   0.000000e+00
 7.909385e+04   0.000000e+00   0.000000e+00
 7.929575e+04   0.000000e+00   0.000000e+00
 7.949765e+04   0.000000e+00   0.000000e+00
 7.969955e+04   0.000000e+00   0.000000e+00
 7.990145e+04   0.000000e+00   0.000000e+00
 8.010335e+04   0.000000e+00   0.000000e+00
 8.030525e+04   0.000000e+00   0.000000e+00
 8.050715e+04   0.000000e+00   0.000000e+00
 8.070905e+04   0.000000e+00   0.000000e+00
 8.091095e+04   0.000000e+00   0.000000e+00
 8.111285e+04   0.000000e+00   0.000000e+00
 8.131475e+04   0.000000e+00   0.000000e+00
 8.151665e+04   0.000000e+00   0.000000e+00
 8.171855e+04   0.000000e+00   0.000000e+00
 8.192045e+04   0.000000e+00   0.000000e+00
 8.212235e+04   0.000000e+00   0.000000e+00
 8.232425e+04   0.000000e+00   0.000000e+00
 8.252615e+04   0.000000e+00   0.000000e+00
 8.272805e+04   0.000000e+00   0.000000e+00
 8.292995e+04   0.000000e+00   0.000000e+00
 8.313185e+04   0.000000e+00   0.000000e+00
 8.333375e+04   0.000000e+00   0.000000e+00
 8.353565e+04   0.000000e+00   0.000000e+00
 8.373755e+04   0.000000e+00   0.000000e+00
 8.393945e+04   0.000000e+00   0.000000e+00
 8.414135e+04   0.000000e+00   0.000000e+00
 8.434325e+04   0.000000e+00   0.000000e+00
 8.454515e+04   0.000000e+00   0.000000e+00
 8.474705e+04   0.000000e+00   0.000000e+00
 8.494895e+04   0.000000e+00   0.000000e+00
 8.515085e+04   0.000000e+00   0.000000e+00
 8.535275e+04   0.000000e+00   0.000000e+00
 8.555465e+04   0.000000e+00   0.000000e+00
 8.575655e+04   0.000000e+00   0.000000e+00
 8.595845e+04   0.000000e+00   0.000000e+00
 8.616035e+04   0.000000e+00   0.000000e+00
 8.636225e+04   0.000000e+00   0.000000e+00
 8.656415e+04   0.000000e+00   0.000000e+00
 8.676605e+04   0.000000e+00   0.000000e+00
 8.696795e+04   0.000000e+00   0.000000e+00
 8.716985e+04   0.000000e+00   0.000000e+00
 8.737175e+04   0.000000e+00   0.000000e+00
 8.757365e+04   0.000000e+00   0.000000e+00
 8.777555e+04   0.000000e+00   0.000000e+00
 8.797745e+04   0.000000e+00   0.000000e+00
 8.817935e+04   0.000000e+00   0.000000e+00
 8.838125e+04   0.000000e+00   0.000000e+00
 8.858315e+04   0.000000e+00   0.000000e+00
 8.878505e+04   0.000000e+00   0.000000e+00
 8.898695e+04   0.000000e+00   0.000000e+00
 8.918885e+04   0.000000e+00   0.000000e+00
 8.939075e+04   0.000000e+00   0.000000e+00
 8.959265e+04   0.000000e+00   0.000000e+00
 8.979455e+04   0.000000e+00   0.000000e+00
 8.999645e+04   0.000000e+00   0.000000e+00
 9.019835e+04   0.000000e+00   0.000000e+00
 9.040025e+04   0.000000e+00   0.000000e+00
 9.060215e+04   0.000000e+00   0.000000e+00
 9.080405e+04   0.000000e+00   0.000000e+00
 9.100595e+04   0.000000e+00   0.000000e+00
 9.120785e+04   0.000000e+00   0.000000e+00
 9.140975e+04   0.000000e+00   0.000000e+00
 9.161165e+04   0.000000e+00   0.000000e+00
 9.181355e+04   0.000000e+00   0.000000e+00
 9.201545e+04   0.000000e+00   0.000000e+00
 9.221735e+04   0.000000e+00   0.000000e+00
 9.241925e+04   0.000000e+00   0.000000e+00
 9.262115e+04   0.000000e+00   0.000000e+00
 9.282305e+04   0.000000e+00   0.000000e+00
 9.302495e+04   0.000000e+00   0.000000e+00
 9.322685e+04   0.000000e+00   0.000000e+00
 9.342875e+04   0.000000e+00   0.000000e+00
 9.363065e+04   0.000000e+00   0.000000e+00
 9.383255e+04   0.000000e+00   0.000000e+00
 9.403445e+04   0.000000e+00   0.000000e+00
 9.423635e+04   0.000000e+00   0.000000e+00
 9.443825e+04   0.000000e+00   0.000000e+00
 9.464015e+04   0.000000e+00   0.000000e+00
 9.484205e+04   0.000000e+00   0.000000e+00
 9.504395e+04   0.000000e+00   0.000000e+00
 9.524585e+04   0.000000e+00   0.000000e+00
 9.544775e+04   0.000000e+00   0.000000e+00
 9.564965e+04   0.000000e+00   0.000000e+00
 9.585155e+04   0.000000e+00   0.000000e+00
 9.605345e+04   0.000000e+00   0.000000e+00
 9.625535e+04   0.000000e+00   0.000000e+00
 9.645725e+04   0.000000e+00   0.000000e+00
 9.665915e+04   0.000000e+00   0.000000e+00
 9.686105e+04   0.000000e+00   0.000000e+00
 9.706295e+04   0.000000e+00   0.000000e+00
 9.726485e+04   0.000000e+00   0.000000e+00
 9.746675e+04   0.000000e+00   0.000000e+00
 9.766865e+04   0.000000e+00   0.000000e+00
 9.787055e+04   0.000000e+00   0.000000e+00
 9.807245e+04   0.000000e+00   0.000000e+00
 9.827435e+04   0.000000e+00   0.000000e+00
 9.847625e+04   0.000000e+00   0.000000e+00
 9.867815e+04   0.000000e+00   0.000000e+00
 9.888005e+04   0.000000e+00   0.000000e+00
 9.908195e+04   0.000000e+00   0.000000e+00
 9.928385e+04   0.000000e+00   0.000000e+00
 9.948575e+04   0.000000e+00   0.000000e+00
 9.968765e+04   0.000000e+00   0.000000e+00
 9.988955e+04   0.000000e+00   0.000000e+00
 1.000914e+05   0.000000e+00   0.000000e+00
 1.002934e+05   0.000000e+00   0.000000e+00
 1.004952e+05   0.000000e+00   0.000000e+00
 1.006971e+05   0.000000e+00   0.000000e+00
 1.008991e+05   0.000000e+00   0.000000e+00
 inf   0.000000e+00   0.000000e+00
