Eph_lab bin centers    value    Error 
-inf   2.287982e+00   5.614605e-03
 1.509500e+02   9.098194e-04   3.722632e-06
 3.528500e+02   3.305886e-04   2.080733e-06
 5.547500e+02   2.031227e-04   1.539221e-06
 7.566500e+02   1.499224e-04   1.021551e-06
 9.585500e+02   1.162624e-04   8.519470e-07
 1.160450e+03   9.744766e-05   9.751329e-07
 1.362350e+03   8.166971e-05   4.545845e-07
 1.564250e+03   7.188191e-05   5.992456e-07
 1.766150e+03   6.308469e-05   6.563094e-07
 1.968050e+03   5.603929e-05   2.760072e-07
 2.169950e+03   5.255391e-05   3.547867e-07
 2.371850e+03   4.723519e-05   2.667508e-07
 2.573750e+03   4.279212e-05   3.055972e-07
 2.775650e+03   3.983194e-05   3.378155e-07
 2.977550e+03   3.814745e-05   2.485231e-07
 3.179450e+03   3.472058e-05   2.987094e-07
 3.381350e+03   3.248567e-05   2.236440e-07
 3.583250e+03   3.091530e-05   1.788319e-07
 3.785150e+03   3.003802e-05   3.006303e-07
 3.987050e+03   2.808972e-05   2.857470e-07
 4.188950e+03   2.699716e-05   1.141412e-07
 4.390850e+03   2.571172e-05   1.480054e-07
 4.592750e+03   2.514067e-05   1.894761e-07
 4.794650e+03   2.384167e-05   2.214469e-07
 4.996550e+03   2.299350e-05   1.362380e-07
 5.198450e+03   2.269742e-05   1.949948e-07
 5.400350e+03   2.218735e-05   2.231090e-07
 5.602250e+03   2.153429e-05   2.028263e-07
 5.804150e+03   2.071609e-05   1.782769e-07
 6.006050e+03   2.032118e-05   1.792891e-07
 6.207950e+03   2.034971e-05   2.072727e-07
 6.409850e+03   1.947713e-05   2.992862e-07
 6.611750e+03   1.897553e-05   1.451204e-07
 6.813650e+03   1.858136e-05   1.502021e-07
 7.015550e+03   1.825215e-05   1.041661e-07
 7.217450e+03   1.829067e-05   1.308283e-07
 7.419350e+03   1.785242e-05   1.675548e-07
 7.621250e+03   1.776042e-05   2.190590e-07
 7.823150e+03   1.721680e-05   1.556218e-07
 8.025050e+03   1.735918e-05   2.193624e-07
 8.226950e+03   1.689872e-05   1.818455e-07
 8.428850e+03   1.647407e-05   1.456803e-07
 8.630750e+03   1.690043e-05   2.686079e-07
 8.832650e+03   1.604316e-05   2.409248e-07
 9.034550e+03   1.618851e-05   1.892501e-07
 9.236450e+03   1.626334e-05   2.741113e-07
 9.438350e+03   1.582232e-05   2.175743e-07
 9.640250e+03   1.561075e-05   1.710090e-07
 9.842150e+03   1.520638e-05   1.183953e-07
 1.004405e+04   1.496947e-05   1.659313e-07
 1.024595e+04   1.513525e-05   1.883291e-07
 1.044785e+04   1.502967e-05   1.862835e-07
 1.064975e+04   1.483937e-05   2.262660e-07
 1.085165e+04   1.475074e-05   2.078809e-07
 1.105355e+04   1.435791e-05   1.443857e-07
 1.125545e+04   1.454734e-05   2.023432e-07
 1.145735e+04   1.505179e-05   2.516214e-07
 1.165925e+04   1.489750e-05   2.687438e-07
 1.186115e+04   1.392664e-05   1.761530e-07
 1.206305e+04   1.425908e-05   1.794965e-07
 1.226495e+04   1.408387e-05   1.526422e-07
 1.246685e+04   1.429336e-05   2.544506e-07
 1.266875e+04   1.448679e-05   3.053448e-07
 1.287065e+04   1.398368e-05   1.874154e-07
 1.307255e+04   1.365043e-05   2.499079e-07
 1.327445e+04   1.375396e-05   2.116118e-07
 1.347635e+04   1.337090e-05   1.548802e-07
 1.367825e+04   1.321661e-05   2.122916e-07
 1.388015e+04   1.344726e-05   1.548731e-07
 1.408205e+04   1.337026e-05   2.575643e-07
 1.428395e+04   1.345230e-05   2.102334e-07
 1.448585e+04   1.357790e-05   2.529622e-07
 1.468775e+04   1.297669e-05   2.480572e-07
 1.488965e+04   1.295951e-05   2.247725e-07
 1.509155e+04   1.327223e-05   2.381426e-07
 1.529345e+04   1.252771e-05   1.300222e-07
 1.549535e+04   1.293147e-05   2.749618e-07
 1.569725e+04   1.249586e-05   2.916839e-07
 1.589915e+04   1.258200e-05   2.572322e-07
 1.610105e+04   1.270657e-05   1.671817e-07
 1.630295e+04   1.241704e-05   1.496469e-07
 1.650485e+04   1.276212e-05   2.670826e-07
 1.670675e+04   1.217374e-05   1.759940e-07
 1.690865e+04   1.220681e-05   1.868862e-07
 1.711055e+04   1.202653e-05   1.839814e-07
 1.731245e+04   1.174901e-05   1.942004e-07
 1.751435e+04   1.216331e-05   2.179534e-07
 1.771625e+04   1.174809e-05   1.815183e-07
 1.791815e+04   1.200460e-05   2.377345e-07
 1.812005e+04   1.165954e-05   1.940727e-07
 1.832195e+04   1.216654e-05   2.100026e-07
 1.852385e+04   1.161121e-05   2.203899e-07
 1.872575e+04   1.162303e-05   2.656663e-07
 1.892765e+04   1.152816e-05   2.094704e-07
 1.912955e+04   1.174789e-05   2.796077e-07
 1.933145e+04   1.125450e-05   2.081696e-07
 1.953335e+04   1.094662e-05   2.019343e-07
 1.973525e+04   1.152817e-05   2.424373e-07
 1.993715e+04   1.093796e-05   2.411980e-07
 2.013905e+04   1.105581e-05   1.765908e-07
 2.034095e+04   1.098693e-05   1.716063e-07
 2.054285e+04   1.093322e-05   2.712371e-07
 2.074475e+04   1.079979e-05   1.797973e-07
 2.094665e+04   1.100563e-05   2.805463e-07
 2.114855e+04   1.089598e-05   1.498371e-07
 2.135045e+04   1.064318e-05   1.062500e-07
 2.155235e+04   1.102363e-05   2.895854e-07
 2.175425e+04   1.085938e-05   2.103225e-07
 2.195615e+04   1.050667e-05   2.424384e-07
 2.215805e+04   1.022697e-05   2.371405e-07
 2.235995e+04   9.850677e-06   1.422763e-07
 2.256185e+04   1.050211e-05   2.280286e-07
 2.276375e+04   1.042837e-05   2.747078e-07
 2.296565e+04   9.791961e-06   1.499061e-07
 2.316755e+04   9.829887e-06   2.001587e-07
 2.336945e+04   9.855328e-06   1.742940e-07
 2.357135e+04   1.016485e-05   3.086102e-07
 2.377325e+04   9.980735e-06   1.795206e-07
 2.397515e+04   9.524837e-06   1.711386e-07
 2.417705e+04   9.752669e-06   1.486253e-07
 2.437895e+04   9.760526e-06   2.040957e-07
 2.458085e+04   9.711601e-06   2.086997e-07
 2.478275e+04   1.009459e-05   2.341082e-07
 2.498465e+04   9.401665e-06   2.127113e-07
 2.518655e+04   9.383757e-06   2.495801e-07
 2.538845e+04   9.480773e-06   2.517559e-07
 2.559035e+04   9.270014e-06   1.886986e-07
 2.579225e+04   9.949878e-06   3.383706e-07
 2.599415e+04   9.241418e-06   2.175711e-07
 2.619605e+04   9.280652e-06   2.875770e-07
 2.639795e+04   8.952676e-06   1.731124e-07
 2.659985e+04   9.412035e-06   2.201023e-07
 2.680175e+04   8.710762e-06   1.663729e-07
 2.700365e+04   8.860894e-06   1.764839e-07
 2.720555e+04   8.616355e-06   2.467978e-07
 2.740745e+04   8.241970e-06   2.192256e-07
 2.760935e+04   8.790917e-06   2.821202e-07
 2.781125e+04   8.287501e-06   3.335368e-07
 2.801315e+04   8.176011e-06   3.020733e-07
 2.821505e+04   8.022053e-06   1.767964e-07
 2.841695e+04   7.926391e-06   2.736073e-07
 2.861885e+04   8.713529e-06   3.512384e-07
 2.882075e+04   8.247951e-06   2.992755e-07
 2.902265e+04   7.376336e-06   2.951926e-07
 2.922455e+04   7.779336e-06   3.029578e-07
 2.942645e+04   6.791906e-06   2.480234e-07
 2.962835e+04   7.680320e-06   3.374545e-07
 2.983025e+04   7.532047e-06   2.759448e-07
 3.003215e+04   2.349842e-06   1.171165e-07
 3.023405e+04   0.000000e+00   0.000000e+00
 3.043595e+04   0.000000e+00   0.000000e+00
 3.063785e+04   0.000000e+00   0.000000e+00
 3.083975e+04   0.000000e+00   0.000000e+00
 3.104165e+04   0.000000e+00   0.000000e+00
 3.124355e+04   0.000000e+00   0.000000e+00
 3.144545e+04   0.000000e+00   0.000000e+00
 3.164735e+04   0.000000e+00   0.000000e+00
 3.184925e+04   0.000000e+00   0.000000e+00
 3.205115e+04   0.000000e+00   0.000000e+00
 3.225305e+04   0.000000e+00   0.000000e+00
 3.245495e+04   0.000000e+00   0.000000e+00
 3.265685e+04   0.000000e+00   0.000000e+00
 3.285875e+04   0.000000e+00   0.000000e+00
 3.306065e+04   0.000000e+00   0.000000e+00
 3.326255e+04   0.000000e+00   0.000000e+00
 3.346445e+04   0.000000e+00   0.000000e+00
 3.366635e+04   0.000000e+00   0.000000e+00
 3.386825e+04   0.000000e+00   0.000000e+00
 3.407015e+04   0.000000e+00   0.000000e+00
 3.427205e+04   0.000000e+00   0.000000e+00
 3.447395e+04   0.000000e+00   0.000000e+00
 3.467585e+04   0.000000e+00   0.000000e+00
 3.487775e+04   0.000000e+00   0.000000e+00
 3.507965e+04   0.000000e+00   0.000000e+00
 3.528155e+04   0.000000e+00   0.000000e+00
 3.548345e+04   0.000000e+00   0.000000e+00
 3.568535e+04   0.000000e+00   0.000000e+00
 3.588725e+04   0.000000e+00   0.000000e+00
 3.608915e+04   0.000000e+00   0.000000e+00
 3.629105e+04   0.000000e+00   0.000000e+00
 3.649295e+04   0.000000e+00   0.000000e+00
 3.669485e+04   0.000000e+00   0.000000e+00
 3.689675e+04   0.000000e+00   0.000000e+00
 3.709865e+04   0.000000e+00   0.000000e+00
 3.730055e+04   0.000000e+00   0.000000e+00
 3.750245e+04   0.000000e+00   0.000000e+00
 3.770435e+04   0.000000e+00   0.000000e+00
 3.790625e+04   0.000000e+00   0.000000e+00
 3.810815e+04   0.000000e+00   0.000000e+00
 3.831005e+04   0.000000e+00   0.000000e+00
 3.851195e+04   0.000000e+00   0.000000e+00
 3.871385e+04   0.000000e+00   0.000000e+00
 3.891575e+04   0.000000e+00   0.000000e+00
 3.911765e+04   0.000000e+00   0.000000e+00
 3.931955e+04   0.000000e+00   0.000000e+00
 3.952145e+04   0.000000e+00   0.000000e+00
 3.972335e+04   0.000000e+00   0.000000e+00
 3.992525e+04   0.000000e+00   0.000000e+00
 4.012715e+04   0.000000e+00   0.000000e+00
 4.032905e+04   0.000000e+00   0.000000e+00
 4.053095e+04   0.000000e+00   0.000000e+00
 4.073285e+04   0.000000e+00   0.000000e+00
 4.093475e+04   0.000000e+00   0.000000e+00
 4.113665e+04   0.000000e+00   0.000000e+00
 4.133855e+04   0.000000e+00   0.000000e+00
 4.154045e+04   0.000000e+00   0.000000e+00
 4.174235e+04   0.000000e+00   0.000000e+00
 4.194425e+04   0.000000e+00   0.000000e+00
 4.214615e+04   0.000000e+00   0.000000e+00
 4.234805e+04   0.000000e+00   0.000000e+00
 4.254995e+04   0.000000e+00   0.000000e+00
 4.275185e+04   0.000000e+00   0.000000e+00
 4.295375e+04   0.000000e+00   0.000000e+00
 4.315565e+04   0.000000e+00   0.000000e+00
 4.335755e+04   0.000000e+00   0.000000e+00
 4.355945e+04   0.000000e+00   0.000000e+00
 4.376135e+04   0.000000e+00   0.000000e+00
 4.396325e+04   0.000000e+00   0.000000e+00
 4.416515e+04   0.000000e+00   0.000000e+00
 4.436705e+04   0.000000e+00   0.000000e+00
 4.456895e+04   0.000000e+00   0.000000e+00
 4.477085e+04   0.000000e+00   0.000000e+00
 4.497275e+04   0.000000e+00   0.000000e+00
 4.517465e+04   0.000000e+00   0.000000e+00
 4.537655e+04   0.000000e+00   0.000000e+00
 4.557845e+04   0.000000e+00   0.000000e+00
 4.578035e+04   0.000000e+00   0.000000e+00
 4.598225e+04   0.000000e+00   0.000000e+00
 4.618415e+04   0.000000e+00   0.000000e+00
 4.638605e+04   0.000000e+00   0.000000e+00
 4.658795e+04   0.000000e+00   0.000000e+00
 4.678985e+04   0.000000e+00   0.000000e+00
 4.699175e+04   0.000000e+00   0.000000e+00
 4.719365e+04   0.000000e+00   0.000000e+00
 4.739555e+04   0.000000e+00   0.000000e+00
 4.759745e+04   0.000000e+00   0.000000e+00
 4.779935e+04   0.000000e+00   0.000000e+00
 4.800125e+04   0.000000e+00   0.000000e+00
 4.820315e+04   0.000000e+00   0.000000e+00
 4.840505e+04   0.000000e+00   0.000000e+00
 4.860695e+04   0.000000e+00   0.000000e+00
 4.880885e+04   0.000000e+00   0.000000e+00
 4.901075e+04   0.000000e+00   0.000000e+00
 4.921265e+04   0.000000e+00   0.000000e+00
 4.941455e+04   0.000000e+00   0.000000e+00
 4.961645e+04   0.000000e+00   0.000000e+00
 4.981835e+04   0.000000e+00   0.000000e+00
 5.002025e+04   0.000000e+00   0.000000e+00
 5.022215e+04   0.000000e+00   0.000000e+00
 5.042405e+04   0.000000e+00   0.000000e+00
 5.062595e+04   0.000000e+00   0.000000e+00
 5.082785e+04   0.000000e+00   0.000000e+00
 5.102975e+04   0.000000e+00   0.000000e+00
 5.123165e+04   0.000000e+00   0.000000e+00
 5.143355e+04   0.000000e+00   0.000000e+00
 5.163545e+04   0.000000e+00   0.000000e+00
 5.183735e+04   0.000000e+00   0.000000e+00
 5.203925e+04   0.000000e+00   0.000000e+00
 5.224115e+04   0.000000e+00   0.000000e+00
 5.244305e+04   0.000000e+00   0.000000e+00
 5.264495e+04   0.000000e+00   0.000000e+00
 5.284685e+04   0.000000e+00   0.000000e+00
 5.304875e+04   0.000000e+00   0.000000e+00
 5.325065e+04   0.000000e+00   0.000000e+00
 5.345255e+04   0.000000e+00   0.000000e+00
 5.365445e+04   0.000000e+00   0.000000e+00
 5.385635e+04   0.000000e+00   0.000000e+00
 5.405825e+04   0.000000e+00   0.000000e+00
 5.426015e+04   0.000000e+00   0.000000e+00
 5.446205e+04   0.000000e+00   0.000000e+00
 5.466395e+04   0.000000e+00   0.000000e+00
 5.486585e+04   0.000000e+00   0.000000e+00
 5.506775e+04   0.000000e+00   0.000000e+00
 5.526965e+04   0.000000e+00   0.000000e+00
 5.547155e+04   0.000000e+00   0.000000e+00
 5.567345e+04   0.000000e+00   0.000000e+00
 5.587535e+04   0.000000e+00   0.000000e+00
 5.607725e+04   0.000000e+00   0.000000e+00
 5.627915e+04   0.000000e+00   0.000000e+00
 5.648105e+04   0.000000e+00   0.000000e+00
 5.668295e+04   0.000000e+00   0.000000e+00
 5.688485e+04   0.000000e+00   0.000000e+00
 5.708675e+04   0.000000e+00   0.000000e+00
 5.728865e+04   0.000000e+00   0.000000e+00
 5.749055e+04   0.000000e+00   0.000000e+00
 5.769245e+04   0.000000e+00   0.000000e+00
 5.789435e+04   0.000000e+00   0.000000e+00
 5.809625e+04   0.000000e+00   0.000000e+00
 5.829815e+04   0.000000e+00   0.000000e+00
 5.850005e+04   0.000000e+00   0.000000e+00
 5.870195e+04   0.000000e+00   0.000000e+00
 5.890385e+04   0.000000e+00   0.000000e+00
 5.910575e+04   0.000000e+00   0.000000e+00
 5.930765e+04   0.000000e+00   0.000000e+00
 5.950955e+04   0.000000e+00   0.000000e+00
 5.971145e+04   0.000000e+00   0.000000e+00
 5.991335e+04   0.000000e+00   0.000000e+00
 6.011525e+04   0.000000e+00   0.000000e+00
 6.031715e+04   0.000000e+00   0.000000e+00
 6.051905e+04   0.000000e+00   0.000000e+00
 6.072095e+04   0.000000e+00   0.000000e+00
 6.092285e+04   0.000000e+00   0.000000e+00
 6.112475e+04   0.000000e+00   0.000000e+00
 6.132665e+04   0.000000e+00   0.000000e+00
 6.152855e+04   0.000000e+00   0.000000e+00
 6.173045e+04   0.000000e+00   0.000000e+00
 6.193235e+04   0.000000e+00   0.000000e+00
 6.213425e+04   0.000000e+00   0.000000e+00
 6.233615e+04   0.000000e+00   0.000000e+00
 6.253805e+04   0.000000e+00   0.000000e+00
 6.273995e+04   0.000000e+00   0.000000e+00
 6.294185e+04   0.000000e+00   0.000000e+00
 6.314375e+04   0.000000e+00   0.000000e+00
 6.334565e+04   0.000000e+00   0.000000e+00
 6.354755e+04   0.000000e+00   0.000000e+00
 6.374945e+04   0.000000e+00   0.000000e+00
 6.395135e+04   0.000000e+00   0.000000e+00
 6.415325e+04   0.000000e+00   0.000000e+00
 6.435515e+04   0.000000e+00   0.000000e+00
 6.455705e+04   0.000000e+00   0.000000e+00
 6.475895e+04   0.000000e+00   0.000000e+00
 6.496085e+04   0.000000e+00   0.000000e+00
 6.516275e+04   0.000000e+00   0.000000e+00
 6.536465e+04   0.000000e+00   0.000000e+00
 6.556655e+04   0.000000e+00   0.000000e+00
 6.576845e+04   0.000000e+00   0.000000e+00
 6.597035e+04   0.000000e+00   0.000000e+00
 6.617225e+04   0.000000e+00   0.000000e+00
 6.637415e+04   0.000000e+00   0.000000e+00
 6.657605e+04   0.000000e+00   0.000000e+00
 6.677795e+04   0.000000e+00   0.000000e+00
 6.697985e+04   0.000000e+00   0.000000e+00
 6.718175e+04   0.000000e+00   0.000000e+00
 6.738365e+04   0.000000e+00   0.000000e+00
 6.758555e+04   0.000000e+00   0.000000e+00
 6.778745e+04   0.000000e+00   0.000000e+00
 6.798935e+04   0.000000e+00   0.000000e+00
 6.819125e+04   0.000000e+00   0.000000e+00
 6.839315e+04   0.000000e+00   0.000000e+00
 6.859505e+04   0.000000e+00   0.000000e+00
 6.879695e+04   0.000000e+00   0.000000e+00
 6.899885e+04   0.000000e+00   0.000000e+00
 6.920075e+04   0.000000e+00   0.000000e+00
 6.940265e+04   0.000000e+00   0.000000e+00
 6.960455e+04   0.000000e+00   0.000000e+00
 6.980645e+04   0.000000e+00   0.000000e+00
 7.000835e+04   0.000000e+00   0.000000e+00
 7.021025e+04   0.000000e+00   0.000000e+00
 7.041215e+04   0.000000e+00   0.000000e+00
 7.061405e+04   0.000000e+00   0.000000e+00
 7.081595e+04   0.000000e+00   0.000000e+00
 7.101785e+04   0.000000e+00   0.000000e+00
 7.121975e+04   0.000000e+00   0.000000e+00
 7.142165e+04   0.000000e+00   0.000000e+00
 7.162355e+04   0.000000e+00   0.000000e+00
 7.182545e+04   0.000000e+00   0.000000e+00
 7.202735e+04   0.000000e+00   0.000000e+00
 7.222925e+04   0.000000e+00   0.000000e+00
 7.243115e+04   0.000000e+00   0.000000e+00
 7.263305e+04   0.000000e+00   0.000000e+00
 7.283495e+04   0.000000e+00   0.000000e+00
 7.303685e+04   0.000000e+00   0.000000e+00
 7.323875e+04   0.000000e+00   0.000000e+00
 7.344065e+04   0.000000e+00   0.000000e+00
 7.364255e+04   0.000000e+00   0.000000e+00
 7.384445e+04   0.000000e+00   0.000000e+00
 7.404635e+04   0.000000e+00   0.000000e+00
 7.424825e+04   0.000000e+00   0.000000e+00
 7.445015e+04   0.000000e+00   0.000000e+00
 7.465205e+04   0.000000e+00   0.000000e+00
 7.485395e+04   0.000000e+00   0.000000e+00
 7.505585e+04   0.000000e+00   0.000000e+00
 7.525775e+04   0.000000e+00   0.000000e+00
 7.545965e+04   0.000000e+00   0.000000e+00
 7.566155e+04   0.000000e+00   0.000000e+00
 7.586345e+04   0.000000e+00   0.000000e+00
 7.606535e+04   0.000000e+00   0.000000e+00
 7.626725e+04   0.000000e+00   0.000000e+00
 7.646915e+04   0.000000e+00   0.000000e+00
 7.667105e+04   0.000000e+00   0.000000e+00
 7.687295e+04   0.000000e+00   0.000000e+00
 7.707485e+04   0.000000e+00   0.000000e+00
 7.727675e+04   0.000000e+00   0.000000e+00
 7.747865e+04   0.000000e+00   0.000000e+00
 7.768055e+04   0.000000e+00   0.000000e+00
 7.788245e+04   0.000000e+00   0.000000e+00
 7.808435e+04   0.000000e+00   0.000000e+00
 7.828625e+04   0.000000e+00   0.000000e+00
 7.848815e+04   0.000000e+00   0.000000e+00
 7.869005e+04   0.000000e+00   0.000000e+00
 7.889195e+04   0.000000e+00   0.000000e+00
 7.909385e+04   0.000000e+00   0.000000e+00
 7.929575e+04   0.000000e+00   0.000000e+00
 7.949765e+04   0.000000e+00   0.000000e+00
 7.969955e+04   0.000000e+00   0.000000e+00
 7.990145e+04   0.000000e+00   0.000000e+00
 8.010335e+04   0.000000e+00   0.000000e+00
 8.030525e+04   0.000000e+00   0.000000e+00
 8.050715e+04   0.000000e+00   0.000000e+00
 8.070905e+04   0.000000e+00   0.000000e+00
 8.091095e+04   0.000000e+00   0.000000e+00
 8.111285e+04   0.000000e+00   0.000000e+00
 8.131475e+04   0.000000e+00   0.000000e+00
 8.151665e+04   0.000000e+00   0.000000e+00
 8.171855e+04   0.000000e+00   0.000000e+00
 8.192045e+04   0.000000e+00   0.000000e+00
 8.212235e+04   0.000000e+00   0.000000e+00
 8.232425e+04   0.000000e+00   0.000000e+00
 8.252615e+04   0.000000e+00   0.000000e+00
 8.272805e+04   0.000000e+00   0.000000e+00
 8.292995e+04   0.000000e+00   0.000000e+00
 8.313185e+04   0.000000e+00   0.000000e+00
 8.333375e+04   0.000000e+00   0.000000e+00
 8.353565e+04   0.000000e+00   0.000000e+00
 8.373755e+04   0.000000e+00   0.000000e+00
 8.393945e+04   0.000000e+00   0.000000e+00
 8.414135e+04   0.000000e+00   0.000000e+00
 8.434325e+04   0.000000e+00   0.000000e+00
 8.454515e+04   0.000000e+00   0.000000e+00
 8.474705e+04   0.000000e+00   0.000000e+00
 8.494895e+04   0.000000e+00   0.000000e+00
 8.515085e+04   0.000000e+00   0.000000e+00
 8.535275e+04   0.000000e+00   0.000000e+00
 8.555465e+04   0.000000e+00   0.000000e+00
 8.575655e+04   0.000000e+00   0.000000e+00
 8.595845e+04   0.000000e+00   0.000000e+00
 8.616035e+04   0.000000e+00   0.000000e+00
 8.636225e+04   0.000000e+00   0.000000e+00
 8.656415e+04   0.000000e+00   0.000000e+00
 8.676605e+04   0.000000e+00   0.000000e+00
 8.696795e+04   0.000000e+00   0.000000e+00
 8.716985e+04   0.000000e+00   0.000000e+00
 8.737175e+04   0.000000e+00   0.000000e+00
 8.757365e+04   0.000000e+00   0.000000e+00
 8.777555e+04   0.000000e+00   0.000000e+00
 8.797745e+04   0.000000e+00   0.000000e+00
 8.817935e+04   0.000000e+00   0.000000e+00
 8.838125e+04   0.000000e+00   0.000000e+00
 8.858315e+04   0.000000e+00   0.000000e+00
 8.878505e+04   0.000000e+00   0.000000e+00
 8.898695e+04   0.000000e+00   0.000000e+00
 8.918885e+04   0.000000e+00   0.000000e+00
 8.939075e+04   0.000000e+00   0.000000e+00
 8.959265e+04   0.000000e+00   0.000000e+00
 8.979455e+04   0.000000e+00   0.000000e+00
 8.999645e+04   0.000000e+00   0.000000e+00
 9.019835e+04   0.000000e+00   0.000000e+00
 9.040025e+04   0.000000e+00   0.000000e+00
 9.060215e+04   0.000000e+00   0.000000e+00
 9.080405e+04   0.000000e+00   0.000000e+00
 9.100595e+04   0.000000e+00   0.000000e+00
 9.120785e+04   0.000000e+00   0.000000e+00
 9.140975e+04   0.000000e+00   0.000000e+00
 9.161165e+04   0.000000e+00   0.000000e+00
 9.181355e+04   0.000000e+00   0.000000e+00
 9.201545e+04   0.000000e+00   0.000000e+00
 9.221735e+04   0.000000e+00   0.000000e+00
 9.241925e+04   0.000000e+00   0.000000e+00
 9.262115e+04   0.000000e+00   0.000000e+00
 9.282305e+04   0.000000e+00   0.000000e+00
 9.302495e+04   0.000000e+00   0.000000e+00
 9.322685e+04   0.000000e+00   0.000000e+00
 9.342875e+04   0.000000e+00   0.000000e+00
 9.363065e+04   0.000000e+00   0.000000e+00
 9.383255e+04   0.000000e+00   0.000000e+00
 9.403445e+04   0.000000e+00   0.000000e+00
 9.423635e+04   0.000000e+00   0.000000e+00
 9.443825e+04   0.000000e+00   0.000000e+00
 9.464015e+04   0.000000e+00   0.000000e+00
 9.484205e+04   0.000000e+00   0.000000e+00
 9.504395e+04   0.000000e+00   0.000000e+00
 9.524585e+04   0.000000e+00   0.000000e+00
 9.544775e+04   0.000000e+00   0.000000e+00
 9.564965e+04   0.000000e+00   0.000000e+00
 9.585155e+04   0.000000e+00   0.000000e+00
 9.605345e+04   0.000000e+00   0.000000e+00
 9.625535e+04   0.000000e+00   0.000000e+00
 9.645725e+04   0.000000e+00   0.000000e+00
 9.665915e+04   0.000000e+00   0.000000e+00
 9.686105e+04   0.000000e+00   0.000000e+00
 9.706295e+04   0.000000e+00   0.000000e+00
 9.726485e+04   0.000000e+00   0.000000e+00
 9.746675e+04   0.000000e+00   0.000000e+00
 9.766865e+04   0.000000e+00   0.000000e+00
 9.787055e+04   0.000000e+00   0.000000e+00
 9.807245e+04   0.000000e+00   0.000000e+00
 9.827435e+04   0.000000e+00   0.000000e+00
 9.847625e+04   0.000000e+00   0.000000e+00
 9.867815e+04   0.000000e+00   0.000000e+00
 9.888005e+04   0.000000e+00   0.000000e+00
 9.908195e+04   0.000000e+00   0.000000e+00
 9.928385e+04   0.000000e+00   0.000000e+00
 9.948575e+04   0.000000e+00   0.000000e+00
 9.968765e+04   0.000000e+00   0.000000e+00
 9.988955e+04   0.000000e+00   0.000000e+00
 1.000914e+05   0.000000e+00   0.000000e+00
 1.002934e+05   0.000000e+00   0.000000e+00
 1.004952e+05   0.000000e+00   0.000000e+00
 1.006971e+05   0.000000e+00   0.000000e+00
 1.008991e+05   0.000000e+00   0.000000e+00
 inf   0.000000e+00   0.000000e+00
