Eph_lab bin centers    value    Error 
-inf   0.000000e+00   0.000000e+00
 1.010000e+02   1.139178e-02   1.762500e-06
 3.030000e+02   3.921710e-04   1.033052e-06
 5.050000e+02   2.246849e-04   7.236962e-07
 7.070000e+02   1.558973e-04   3.006522e-07
 9.090000e+02   1.212440e-04   3.080555e-07
 1.111000e+03   9.788973e-05   3.113208e-07
 1.313000e+03   8.295860e-05   1.922475e-07
 1.515000e+03   7.204351e-05   2.330687e-07
 1.717000e+03   6.358841e-05   1.444029e-07
 1.919000e+03   5.682565e-05   1.557254e-07
 2.121000e+03   5.113304e-05   1.417433e-07
 2.323000e+03   4.649732e-05   1.193005e-07
 2.525000e+03   4.296726e-05   9.033988e-08
 2.727000e+03   3.984844e-05   9.586862e-08
 2.929000e+03   3.679669e-05   1.023561e-07
 3.131000e+03   3.469711e-05   1.123338e-07
 3.333000e+03   3.249556e-05   8.769785e-08
 3.535000e+03   3.070322e-05   7.298520e-08
 3.737000e+03   2.920209e-05   7.236694e-08
 3.939000e+03   2.761209e-05   7.026459e-08
 4.141000e+03   2.638746e-05   8.529110e-08
 4.343000e+03   2.524473e-05   5.839852e-08
 4.545000e+03   2.423381e-05   5.616095e-08
 4.747000e+03   2.348037e-05   6.128263e-08
 4.949000e+03   2.254640e-05   5.846818e-08
 5.151000e+03   2.195903e-05   6.426873e-08
 5.353000e+03   2.143976e-05   6.818940e-08
 5.555000e+03   2.069686e-05   4.489962e-08
 5.757000e+03   2.024685e-05   4.560535e-08
 5.959000e+03   1.976229e-05   5.190885e-08
 6.161000e+03   1.928985e-05   4.674051e-08
 6.363000e+03   1.896674e-05   4.402252e-08
 6.565000e+03   1.858052e-05   4.295101e-08
 6.767000e+03   1.821509e-05   3.907296e-08
 6.969000e+03   1.797090e-05   5.383091e-08
 7.171000e+03   1.762534e-05   5.341314e-08
 7.373000e+03   1.738848e-05   4.154903e-08
 7.575000e+03   1.704962e-05   4.126094e-08
 7.777000e+03   1.684182e-05   4.897946e-08
 7.979000e+03   1.666372e-05   4.276568e-08
 8.181000e+03   1.650555e-05   4.650653e-08
 8.383000e+03   1.625953e-05   4.115178e-08
 8.585000e+03   1.611661e-05   3.955742e-08
 8.787000e+03   1.594730e-05   4.358250e-08
 8.989000e+03   1.574484e-05   4.416767e-08
 9.191000e+03   1.563432e-05   4.698094e-08
 9.393000e+03   1.545049e-05   4.670552e-08
 9.595000e+03   1.535199e-05   4.281005e-08
 9.797000e+03   1.523009e-05   3.657271e-08
 9.999000e+03   1.516654e-05   3.664535e-08
 1.020100e+04   1.503477e-05   3.736788e-08
 1.040300e+04   1.493813e-05   3.217674e-08
 1.060500e+04   1.489373e-05   3.559721e-08
 1.080700e+04   1.478300e-05   3.227723e-08
 1.100900e+04   1.466893e-05   3.769126e-08
 1.121100e+04   1.466306e-05   4.777143e-08
 1.141300e+04   1.456419e-05   3.664174e-08
 1.161500e+04   1.445730e-05   3.713230e-08
 1.181700e+04   1.443545e-05   3.908371e-08
 1.201900e+04   1.430879e-05   2.989523e-08
 1.222100e+04   1.427621e-05   3.740531e-08
 1.242300e+04   1.426773e-05   3.480685e-08
 1.262500e+04   1.424732e-05   3.895190e-08
 1.282700e+04   1.420896e-05   4.551582e-08
 1.302900e+04   1.412453e-05   3.601945e-08
 1.323100e+04   1.402691e-05   4.189874e-08
 1.343300e+04   1.396042e-05   4.534067e-08
 1.363500e+04   1.388614e-05   3.775936e-08
 1.383700e+04   1.378230e-05   4.568888e-08
 1.403900e+04   1.367863e-05   3.965474e-08
 1.424100e+04   1.363220e-05   4.102180e-08
 1.444300e+04   1.349170e-05   4.168129e-08
 1.464500e+04   1.350894e-05   4.492062e-08
 1.484700e+04   1.342851e-05   3.859647e-08
 1.504900e+04   1.332239e-05   4.474713e-08
 1.525100e+04   1.324718e-05   3.663107e-08
 1.545300e+04   1.313044e-05   4.437142e-08
 1.565500e+04   1.311829e-05   3.068085e-08
 1.585700e+04   1.296584e-05   3.808560e-08
 1.605900e+04   1.298009e-05   3.862827e-08
 1.626100e+04   1.285768e-05   3.749575e-08
 1.646300e+04   1.273814e-05   3.651240e-08
 1.666500e+04   1.271488e-05   4.919970e-08
 1.686700e+04   1.259715e-05   3.643820e-08
 1.706900e+04   1.257848e-05   4.724523e-08
 1.727100e+04   1.239701e-05   3.702337e-08
 1.747300e+04   1.249033e-05   4.357696e-08
 1.767500e+04   1.240090e-05   4.817431e-08
 1.787700e+04   1.225516e-05   3.635544e-08
 1.807900e+04   1.220935e-05   3.923380e-08
 1.828100e+04   1.207862e-05   4.559426e-08
 1.848300e+04   1.206077e-05   3.600624e-08
 1.868500e+04   1.189961e-05   4.190109e-08
 1.888700e+04   1.189090e-05   3.746983e-08
 1.908900e+04   1.180637e-05   3.313609e-08
 1.929100e+04   1.179644e-05   4.388559e-08
 1.949300e+04   1.163943e-05   4.166032e-08
 1.969500e+04   1.163504e-05   4.211276e-08
 1.989700e+04   1.146743e-05   4.135635e-08
 2.009900e+04   1.147761e-05   4.068547e-08
 2.030100e+04   1.134031e-05   4.240731e-08
 2.050300e+04   1.142914e-05   4.665830e-08
 2.070500e+04   1.130505e-05   4.345149e-08
 2.090700e+04   1.115829e-05   3.717342e-08
 2.110900e+04   1.118676e-05   4.363605e-08
 2.131100e+04   1.106599e-05   4.595331e-08
 2.151300e+04   1.103795e-05   4.260039e-08
 2.171500e+04   1.096227e-05   4.573633e-08
 2.191700e+04   1.092597e-05   4.113408e-08
 2.211900e+04   1.084094e-05   3.737585e-08
 2.232100e+04   1.077630e-05   3.832585e-08
 2.252300e+04   1.074554e-05   4.043480e-08
 2.272500e+04   1.067478e-05   4.558033e-08
 2.292700e+04   1.063534e-05   4.264741e-08
 2.312900e+04   1.044732e-05   3.732361e-08
 2.333100e+04   1.044749e-05   4.360188e-08
 2.353300e+04   1.038576e-05   3.786323e-08
 2.373500e+04   1.032248e-05   4.780705e-08
 2.393700e+04   1.030317e-05   3.745655e-08
 2.413900e+04   1.023851e-05   4.662958e-08
 2.434100e+04   1.018696e-05   3.763814e-08
 2.454300e+04   1.007714e-05   4.701038e-08
 2.474500e+04   1.001035e-05   3.231565e-08
 2.494700e+04   9.877230e-06   4.682313e-08
 2.514900e+04   9.968633e-06   4.008539e-08
 2.535100e+04   9.864925e-06   4.652449e-08
 2.555300e+04   9.815351e-06   4.413831e-08
 2.575500e+04   9.740576e-06   4.451885e-08
 2.595700e+04   9.642315e-06   3.944556e-08
 2.615900e+04   9.602581e-06   4.231008e-08
 2.636100e+04   9.491443e-06   4.028598e-08
 2.656300e+04   9.552477e-06   5.069069e-08
 2.676500e+04   9.355998e-06   3.889832e-08
 2.696700e+04   9.325843e-06   3.836640e-08
 2.716900e+04   9.249538e-06   4.215583e-08
 2.737100e+04   9.221894e-06   4.277557e-08
 2.757300e+04   9.186850e-06   4.055443e-08
 2.777500e+04   9.140092e-06   4.357860e-08
 2.797700e+04   9.048752e-06   4.288082e-08
 2.817900e+04   8.996548e-06   3.952810e-08
 2.838100e+04   8.996774e-06   3.698971e-08
 2.858300e+04   8.914286e-06   3.601793e-08
 2.878500e+04   8.896654e-06   3.394525e-08
 2.898700e+04   8.864576e-06   4.129526e-08
 2.918900e+04   8.693887e-06   3.967329e-08
 2.939100e+04   8.669094e-06   5.841309e-08
 2.959300e+04   8.582916e-06   7.809723e-08
 2.979500e+04   8.584622e-06   1.030426e-07
 2.999700e+04   4.246712e-06   7.602506e-08
 3.019900e+04   0.000000e+00   0.000000e+00
 3.040100e+04   0.000000e+00   0.000000e+00
 3.060300e+04   0.000000e+00   0.000000e+00
 3.080500e+04   0.000000e+00   0.000000e+00
 3.100700e+04   0.000000e+00   0.000000e+00
 3.120900e+04   0.000000e+00   0.000000e+00
 3.141100e+04   0.000000e+00   0.000000e+00
 3.161300e+04   0.000000e+00   0.000000e+00
 3.181500e+04   0.000000e+00   0.000000e+00
 3.201700e+04   0.000000e+00   0.000000e+00
 3.221900e+04   0.000000e+00   0.000000e+00
 3.242100e+04   0.000000e+00   0.000000e+00
 3.262300e+04   0.000000e+00   0.000000e+00
 3.282500e+04   0.000000e+00   0.000000e+00
 3.302700e+04   0.000000e+00   0.000000e+00
 3.322900e+04   0.000000e+00   0.000000e+00
 3.343100e+04   0.000000e+00   0.000000e+00
 3.363300e+04   0.000000e+00   0.000000e+00
 3.383500e+04   0.000000e+00   0.000000e+00
 3.403700e+04   0.000000e+00   0.000000e+00
 3.423900e+04   0.000000e+00   0.000000e+00
 3.444100e+04   0.000000e+00   0.000000e+00
 3.464300e+04   0.000000e+00   0.000000e+00
 3.484500e+04   0.000000e+00   0.000000e+00
 3.504700e+04   0.000000e+00   0.000000e+00
 3.524900e+04   0.000000e+00   0.000000e+00
 3.545100e+04   0.000000e+00   0.000000e+00
 3.565300e+04   0.000000e+00   0.000000e+00
 3.585500e+04   0.000000e+00   0.000000e+00
 3.605700e+04   0.000000e+00   0.000000e+00
 3.625900e+04   0.000000e+00   0.000000e+00
 3.646100e+04   0.000000e+00   0.000000e+00
 3.666300e+04   0.000000e+00   0.000000e+00
 3.686500e+04   0.000000e+00   0.000000e+00
 3.706700e+04   0.000000e+00   0.000000e+00
 3.726900e+04   0.000000e+00   0.000000e+00
 3.747100e+04   0.000000e+00   0.000000e+00
 3.767300e+04   0.000000e+00   0.000000e+00
 3.787500e+04   0.000000e+00   0.000000e+00
 3.807700e+04   0.000000e+00   0.000000e+00
 3.827900e+04   0.000000e+00   0.000000e+00
 3.848100e+04   0.000000e+00   0.000000e+00
 3.868300e+04   0.000000e+00   0.000000e+00
 3.888500e+04   0.000000e+00   0.000000e+00
 3.908700e+04   0.000000e+00   0.000000e+00
 3.928900e+04   0.000000e+00   0.000000e+00
 3.949100e+04   0.000000e+00   0.000000e+00
 3.969300e+04   0.000000e+00   0.000000e+00
 3.989500e+04   0.000000e+00   0.000000e+00
 4.009700e+04   0.000000e+00   0.000000e+00
 4.029900e+04   0.000000e+00   0.000000e+00
 4.050100e+04   0.000000e+00   0.000000e+00
 4.070300e+04   0.000000e+00   0.000000e+00
 4.090500e+04   0.000000e+00   0.000000e+00
 4.110700e+04   0.000000e+00   0.000000e+00
 4.130900e+04   0.000000e+00   0.000000e+00
 4.151100e+04   0.000000e+00   0.000000e+00
 4.171300e+04   0.000000e+00   0.000000e+00
 4.191500e+04   0.000000e+00   0.000000e+00
 4.211700e+04   0.000000e+00   0.000000e+00
 4.231900e+04   0.000000e+00   0.000000e+00
 4.252100e+04   0.000000e+00   0.000000e+00
 4.272300e+04   0.000000e+00   0.000000e+00
 4.292500e+04   0.000000e+00   0.000000e+00
 4.312700e+04   0.000000e+00   0.000000e+00
 4.332900e+04   0.000000e+00   0.000000e+00
 4.353100e+04   0.000000e+00   0.000000e+00
 4.373300e+04   0.000000e+00   0.000000e+00
 4.393500e+04   0.000000e+00   0.000000e+00
 4.413700e+04   0.000000e+00   0.000000e+00
 4.433900e+04   0.000000e+00   0.000000e+00
 4.454100e+04   0.000000e+00   0.000000e+00
 4.474300e+04   0.000000e+00   0.000000e+00
 4.494500e+04   0.000000e+00   0.000000e+00
 4.514700e+04   0.000000e+00   0.000000e+00
 4.534900e+04   0.000000e+00   0.000000e+00
 4.555100e+04   0.000000e+00   0.000000e+00
 4.575300e+04   0.000000e+00   0.000000e+00
 4.595500e+04   0.000000e+00   0.000000e+00
 4.615700e+04   0.000000e+00   0.000000e+00
 4.635900e+04   0.000000e+00   0.000000e+00
 4.656100e+04   0.000000e+00   0.000000e+00
 4.676300e+04   0.000000e+00   0.000000e+00
 4.696500e+04   0.000000e+00   0.000000e+00
 4.716700e+04   0.000000e+00   0.000000e+00
 4.736900e+04   0.000000e+00   0.000000e+00
 4.757100e+04   0.000000e+00   0.000000e+00
 4.777300e+04   0.000000e+00   0.000000e+00
 4.797500e+04   0.000000e+00   0.000000e+00
 4.817700e+04   0.000000e+00   0.000000e+00
 4.837900e+04   0.000000e+00   0.000000e+00
 4.858100e+04   0.000000e+00   0.000000e+00
 4.878300e+04   0.000000e+00   0.000000e+00
 4.898500e+04   0.000000e+00   0.000000e+00
 4.918700e+04   0.000000e+00   0.000000e+00
 4.938900e+04   0.000000e+00   0.000000e+00
 4.959100e+04   0.000000e+00   0.000000e+00
 4.979300e+04   0.000000e+00   0.000000e+00
 4.999500e+04   0.000000e+00   0.000000e+00
 5.019700e+04   0.000000e+00   0.000000e+00
 5.039900e+04   0.000000e+00   0.000000e+00
 5.060100e+04   0.000000e+00   0.000000e+00
 5.080300e+04   0.000000e+00   0.000000e+00
 5.100500e+04   0.000000e+00   0.000000e+00
 5.120700e+04   0.000000e+00   0.000000e+00
 5.140900e+04   0.000000e+00   0.000000e+00
 5.161100e+04   0.000000e+00   0.000000e+00
 5.181300e+04   0.000000e+00   0.000000e+00
 5.201500e+04   0.000000e+00   0.000000e+00
 5.221700e+04   0.000000e+00   0.000000e+00
 5.241900e+04   0.000000e+00   0.000000e+00
 5.262100e+04   0.000000e+00   0.000000e+00
 5.282300e+04   0.000000e+00   0.000000e+00
 5.302500e+04   0.000000e+00   0.000000e+00
 5.322700e+04   0.000000e+00   0.000000e+00
 5.342900e+04   0.000000e+00   0.000000e+00
 5.363100e+04   0.000000e+00   0.000000e+00
 5.383300e+04   0.000000e+00   0.000000e+00
 5.403500e+04   0.000000e+00   0.000000e+00
 5.423700e+04   0.000000e+00   0.000000e+00
 5.443900e+04   0.000000e+00   0.000000e+00
 5.464100e+04   0.000000e+00   0.000000e+00
 5.484300e+04   0.000000e+00   0.000000e+00
 5.504500e+04   0.000000e+00   0.000000e+00
 5.524700e+04   0.000000e+00   0.000000e+00
 5.544900e+04   0.000000e+00   0.000000e+00
 5.565100e+04   0.000000e+00   0.000000e+00
 5.585300e+04   0.000000e+00   0.000000e+00
 5.605500e+04   0.000000e+00   0.000000e+00
 5.625700e+04   0.000000e+00   0.000000e+00
 5.645900e+04   0.000000e+00   0.000000e+00
 5.666100e+04   0.000000e+00   0.000000e+00
 5.686300e+04   0.000000e+00   0.000000e+00
 5.706500e+04   0.000000e+00   0.000000e+00
 5.726700e+04   0.000000e+00   0.000000e+00
 5.746900e+04   0.000000e+00   0.000000e+00
 5.767100e+04   0.000000e+00   0.000000e+00
 5.787300e+04   0.000000e+00   0.000000e+00
 5.807500e+04   0.000000e+00   0.000000e+00
 5.827700e+04   0.000000e+00   0.000000e+00
 5.847900e+04   0.000000e+00   0.000000e+00
 5.868100e+04   0.000000e+00   0.000000e+00
 5.888300e+04   0.000000e+00   0.000000e+00
 5.908500e+04   0.000000e+00   0.000000e+00
 5.928700e+04   0.000000e+00   0.000000e+00
 5.948900e+04   0.000000e+00   0.000000e+00
 5.969100e+04   0.000000e+00   0.000000e+00
 5.989300e+04   0.000000e+00   0.000000e+00
 6.009500e+04   0.000000e+00   0.000000e+00
 6.029700e+04   0.000000e+00   0.000000e+00
 6.049900e+04   0.000000e+00   0.000000e+00
 6.070100e+04   0.000000e+00   0.000000e+00
 6.090300e+04   0.000000e+00   0.000000e+00
 6.110500e+04   0.000000e+00   0.000000e+00
 6.130700e+04   0.000000e+00   0.000000e+00
 6.150900e+04   0.000000e+00   0.000000e+00
 6.171100e+04   0.000000e+00   0.000000e+00
 6.191300e+04   0.000000e+00   0.000000e+00
 6.211500e+04   0.000000e+00   0.000000e+00
 6.231700e+04   0.000000e+00   0.000000e+00
 6.251900e+04   0.000000e+00   0.000000e+00
 6.272100e+04   0.000000e+00   0.000000e+00
 6.292300e+04   0.000000e+00   0.000000e+00
 6.312500e+04   0.000000e+00   0.000000e+00
 6.332700e+04   0.000000e+00   0.000000e+00
 6.352900e+04   0.000000e+00   0.000000e+00
 6.373100e+04   0.000000e+00   0.000000e+00
 6.393300e+04   0.000000e+00   0.000000e+00
 6.413500e+04   0.000000e+00   0.000000e+00
 6.433700e+04   0.000000e+00   0.000000e+00
 6.453900e+04   0.000000e+00   0.000000e+00
 6.474100e+04   0.000000e+00   0.000000e+00
 6.494300e+04   0.000000e+00   0.000000e+00
 6.514500e+04   0.000000e+00   0.000000e+00
 6.534700e+04   0.000000e+00   0.000000e+00
 6.554900e+04   0.000000e+00   0.000000e+00
 6.575100e+04   0.000000e+00   0.000000e+00
 6.595300e+04   0.000000e+00   0.000000e+00
 6.615500e+04   0.000000e+00   0.000000e+00
 6.635700e+04   0.000000e+00   0.000000e+00
 6.655900e+04   0.000000e+00   0.000000e+00
 6.676100e+04   0.000000e+00   0.000000e+00
 6.696300e+04   0.000000e+00   0.000000e+00
 6.716500e+04   0.000000e+00   0.000000e+00
 6.736700e+04   0.000000e+00   0.000000e+00
 6.756900e+04   0.000000e+00   0.000000e+00
 6.777100e+04   0.000000e+00   0.000000e+00
 6.797300e+04   0.000000e+00   0.000000e+00
 6.817500e+04   0.000000e+00   0.000000e+00
 6.837700e+04   0.000000e+00   0.000000e+00
 6.857900e+04   0.000000e+00   0.000000e+00
 6.878100e+04   0.000000e+00   0.000000e+00
 6.898300e+04   0.000000e+00   0.000000e+00
 6.918500e+04   0.000000e+00   0.000000e+00
 6.938700e+04   0.000000e+00   0.000000e+00
 6.958900e+04   0.000000e+00   0.000000e+00
 6.979100e+04   0.000000e+00   0.000000e+00
 6.999300e+04   0.000000e+00   0.000000e+00
 7.019500e+04   0.000000e+00   0.000000e+00
 7.039700e+04   0.000000e+00   0.000000e+00
 7.059900e+04   0.000000e+00   0.000000e+00
 7.080100e+04   0.000000e+00   0.000000e+00
 7.100300e+04   0.000000e+00   0.000000e+00
 7.120500e+04   0.000000e+00   0.000000e+00
 7.140700e+04   0.000000e+00   0.000000e+00
 7.160900e+04   0.000000e+00   0.000000e+00
 7.181100e+04   0.000000e+00   0.000000e+00
 7.201300e+04   0.000000e+00   0.000000e+00
 7.221500e+04   0.000000e+00   0.000000e+00
 7.241700e+04   0.000000e+00   0.000000e+00
 7.261900e+04   0.000000e+00   0.000000e+00
 7.282100e+04   0.000000e+00   0.000000e+00
 7.302300e+04   0.000000e+00   0.000000e+00
 7.322500e+04   0.000000e+00   0.000000e+00
 7.342700e+04   0.000000e+00   0.000000e+00
 7.362900e+04   0.000000e+00   0.000000e+00
 7.383100e+04   0.000000e+00   0.000000e+00
 7.403300e+04   0.000000e+00   0.000000e+00
 7.423500e+04   0.000000e+00   0.000000e+00
 7.443700e+04   0.000000e+00   0.000000e+00
 7.463900e+04   0.000000e+00   0.000000e+00
 7.484100e+04   0.000000e+00   0.000000e+00
 7.504300e+04   0.000000e+00   0.000000e+00
 7.524500e+04   0.000000e+00   0.000000e+00
 7.544700e+04   0.000000e+00   0.000000e+00
 7.564900e+04   0.000000e+00   0.000000e+00
 7.585100e+04   0.000000e+00   0.000000e+00
 7.605300e+04   0.000000e+00   0.000000e+00
 7.625500e+04   0.000000e+00   0.000000e+00
 7.645700e+04   0.000000e+00   0.000000e+00
 7.665900e+04   0.000000e+00   0.000000e+00
 7.686100e+04   0.000000e+00   0.000000e+00
 7.706300e+04   0.000000e+00   0.000000e+00
 7.726500e+04   0.000000e+00   0.000000e+00
 7.746700e+04   0.000000e+00   0.000000e+00
 7.766900e+04   0.000000e+00   0.000000e+00
 7.787100e+04   0.000000e+00   0.000000e+00
 7.807300e+04   0.000000e+00   0.000000e+00
 7.827500e+04   0.000000e+00   0.000000e+00
 7.847700e+04   0.000000e+00   0.000000e+00
 7.867900e+04   0.000000e+00   0.000000e+00
 7.888100e+04   0.000000e+00   0.000000e+00
 7.908300e+04   0.000000e+00   0.000000e+00
 7.928500e+04   0.000000e+00   0.000000e+00
 7.948700e+04   0.000000e+00   0.000000e+00
 7.968900e+04   0.000000e+00   0.000000e+00
 7.989100e+04   0.000000e+00   0.000000e+00
 8.009300e+04   0.000000e+00   0.000000e+00
 8.029500e+04   0.000000e+00   0.000000e+00
 8.049700e+04   0.000000e+00   0.000000e+00
 8.069900e+04   0.000000e+00   0.000000e+00
 8.090100e+04   0.000000e+00   0.000000e+00
 8.110300e+04   0.000000e+00   0.000000e+00
 8.130500e+04   0.000000e+00   0.000000e+00
 8.150700e+04   0.000000e+00   0.000000e+00
 8.170900e+04   0.000000e+00   0.000000e+00
 8.191100e+04   0.000000e+00   0.000000e+00
 8.211300e+04   0.000000e+00   0.000000e+00
 8.231500e+04   0.000000e+00   0.000000e+00
 8.251700e+04   0.000000e+00   0.000000e+00
 8.271900e+04   0.000000e+00   0.000000e+00
 8.292100e+04   0.000000e+00   0.000000e+00
 8.312300e+04   0.000000e+00   0.000000e+00
 8.332500e+04   0.000000e+00   0.000000e+00
 8.352700e+04   0.000000e+00   0.000000e+00
 8.372900e+04   0.000000e+00   0.000000e+00
 8.393100e+04   0.000000e+00   0.000000e+00
 8.413300e+04   0.000000e+00   0.000000e+00
 8.433500e+04   0.000000e+00   0.000000e+00
 8.453700e+04   0.000000e+00   0.000000e+00
 8.473900e+04   0.000000e+00   0.000000e+00
 8.494100e+04   0.000000e+00   0.000000e+00
 8.514300e+04   0.000000e+00   0.000000e+00
 8.534500e+04   0.000000e+00   0.000000e+00
 8.554700e+04   0.000000e+00   0.000000e+00
 8.574900e+04   0.000000e+00   0.000000e+00
 8.595100e+04   0.000000e+00   0.000000e+00
 8.615300e+04   0.000000e+00   0.000000e+00
 8.635500e+04   0.000000e+00   0.000000e+00
 8.655700e+04   0.000000e+00   0.000000e+00
 8.675900e+04   0.000000e+00   0.000000e+00
 8.696100e+04   0.000000e+00   0.000000e+00
 8.716300e+04   0.000000e+00   0.000000e+00
 8.736500e+04   0.000000e+00   0.000000e+00
 8.756700e+04   0.000000e+00   0.000000e+00
 8.776900e+04   0.000000e+00   0.000000e+00
 8.797100e+04   0.000000e+00   0.000000e+00
 8.817300e+04   0.000000e+00   0.000000e+00
 8.837500e+04   0.000000e+00   0.000000e+00
 8.857700e+04   0.000000e+00   0.000000e+00
 8.877900e+04   0.000000e+00   0.000000e+00
 8.898100e+04   0.000000e+00   0.000000e+00
 8.918300e+04   0.000000e+00   0.000000e+00
 8.938500e+04   0.000000e+00   0.000000e+00
 8.958700e+04   0.000000e+00   0.000000e+00
 8.978900e+04   0.000000e+00   0.000000e+00
 8.999100e+04   0.000000e+00   0.000000e+00
 9.019300e+04   0.000000e+00   0.000000e+00
 9.039500e+04   0.000000e+00   0.000000e+00
 9.059700e+04   0.000000e+00   0.000000e+00
 9.079900e+04   0.000000e+00   0.000000e+00
 9.100100e+04   0.000000e+00   0.000000e+00
 9.120300e+04   0.000000e+00   0.000000e+00
 9.140500e+04   0.000000e+00   0.000000e+00
 9.160700e+04   0.000000e+00   0.000000e+00
 9.180900e+04   0.000000e+00   0.000000e+00
 9.201100e+04   0.000000e+00   0.000000e+00
 9.221300e+04   0.000000e+00   0.000000e+00
 9.241500e+04   0.000000e+00   0.000000e+00
 9.261700e+04   0.000000e+00   0.000000e+00
 9.281900e+04   0.000000e+00   0.000000e+00
 9.302100e+04   0.000000e+00   0.000000e+00
 9.322300e+04   0.000000e+00   0.000000e+00
 9.342500e+04   0.000000e+00   0.000000e+00
 9.362700e+04   0.000000e+00   0.000000e+00
 9.382900e+04   0.000000e+00   0.000000e+00
 9.403100e+04   0.000000e+00   0.000000e+00
 9.423300e+04   0.000000e+00   0.000000e+00
 9.443500e+04   0.000000e+00   0.000000e+00
 9.463700e+04   0.000000e+00   0.000000e+00
 9.483900e+04   0.000000e+00   0.000000e+00
 9.504100e+04   0.000000e+00   0.000000e+00
 9.524300e+04   0.000000e+00   0.000000e+00
 9.544500e+04   0.000000e+00   0.000000e+00
 9.564700e+04   0.000000e+00   0.000000e+00
 9.584900e+04   0.000000e+00   0.000000e+00
 9.605100e+04   0.000000e+00   0.000000e+00
 9.625300e+04   0.000000e+00   0.000000e+00
 9.645500e+04   0.000000e+00   0.000000e+00
 9.665700e+04   0.000000e+00   0.000000e+00
 9.685900e+04   0.000000e+00   0.000000e+00
 9.706100e+04   0.000000e+00   0.000000e+00
 9.726300e+04   0.000000e+00   0.000000e+00
 9.746500e+04   0.000000e+00   0.000000e+00
 9.766700e+04   0.000000e+00   0.000000e+00
 9.786900e+04   0.000000e+00   0.000000e+00
 9.807100e+04   0.000000e+00   0.000000e+00
 9.827300e+04   0.000000e+00   0.000000e+00
 9.847500e+04   0.000000e+00   0.000000e+00
 9.867700e+04   0.000000e+00   0.000000e+00
 9.887900e+04   0.000000e+00   0.000000e+00
 9.908100e+04   0.000000e+00   0.000000e+00
 9.928300e+04   0.000000e+00   0.000000e+00
 9.948500e+04   0.000000e+00   0.000000e+00
 9.968700e+04   0.000000e+00   0.000000e+00
 9.988900e+04   0.000000e+00   0.000000e+00
 1.000910e+05   0.000000e+00   0.000000e+00
 1.002930e+05   0.000000e+00   0.000000e+00
 1.004950e+05   0.000000e+00   0.000000e+00
 1.006970e+05   0.000000e+00   0.000000e+00
 1.008990e+05   0.000000e+00   0.000000e+00
 inf   0.000000e+00   0.000000e+00
