Q2_lab bin centers    value    Error 
-inf   0.000000e+00   0.000000e+00
 1.009990e+02   0.000000e+00   0.000000e+00
 3.009970e+02   0.000000e+00   0.000000e+00
 5.009950e+02   0.000000e+00   0.000000e+00
 7.009930e+02   0.000000e+00   0.000000e+00
 9.009910e+02   1.261731e-05   4.108070e-08
 1.100989e+03   2.167417e-03   2.615319e-06
 1.300987e+03   1.599178e-03   2.061133e-06
 1.500985e+03   1.228024e-03   2.867391e-06
 1.700983e+03   9.771282e-04   1.495917e-06
 1.900981e+03   7.951662e-04   1.649453e-06
 2.100979e+03   6.571237e-04   2.051541e-06
 2.300977e+03   5.531658e-04   1.335056e-06
 2.500975e+03   4.698143e-04   1.140106e-06
 2.700973e+03   4.036147e-04   2.007456e-06
 2.900971e+03   3.507792e-04   9.739259e-07
 3.100969e+03   3.084558e-04   1.328415e-06
 3.300967e+03   2.719864e-04   8.072495e-07
 3.500965e+03   2.412416e-04   8.506414e-07
 3.700963e+03   2.176488e-04   7.089187e-07
 3.900961e+03   1.947333e-04   7.448787e-07
 4.100959e+03   1.765651e-04   6.524382e-07
 4.300957e+03   1.585916e-04   1.019788e-06
 4.500955e+03   1.456556e-04   7.097022e-07
 4.700953e+03   1.333144e-04   6.398394e-07
 4.900951e+03   1.222655e-04   1.139395e-06
 5.100949e+03   1.135045e-04   5.512283e-07
 5.300947e+03   1.040804e-04   6.211418e-07
 5.500945e+03   9.641331e-05   5.288202e-07
 5.700943e+03   8.922174e-05   5.762940e-07
 5.900941e+03   8.340523e-05   4.758917e-07
 6.100939e+03   7.763570e-05   5.334156e-07
 6.300937e+03   7.240533e-05   5.250372e-07
 6.500935e+03   6.820559e-05   4.339262e-07
 6.700933e+03   6.387346e-05   3.974803e-07
 6.900931e+03   5.964203e-05   4.221413e-07
 7.100929e+03   5.595616e-05   6.535876e-07
 7.300927e+03   5.341236e-05   3.878278e-07
 7.500925e+03   4.969186e-05   4.345958e-07
 7.700923e+03   4.769882e-05   3.019789e-07
 7.900921e+03   4.483948e-05   3.581492e-07
 8.100919e+03   4.216756e-05   4.630374e-07
 8.300917e+03   3.979853e-05   3.894939e-07
 8.500915e+03   3.751512e-05   6.411828e-07
 8.700913e+03   3.631710e-05   2.867517e-07
 8.900911e+03   3.426964e-05   4.329055e-07
 9.100909e+03   3.268682e-05   4.285254e-07
 9.300907e+03   3.126237e-05   3.085139e-07
 9.500905e+03   2.977047e-05   3.190645e-07
 9.700903e+03   2.835692e-05   3.271044e-07
 9.900901e+03   2.722461e-05   2.963884e-07
 1.010090e+04   2.597684e-05   2.467974e-07
 1.030090e+04   2.500402e-05   4.429470e-07
 1.050090e+04   2.358963e-05   3.659970e-07
 1.070089e+04   2.261597e-05   2.949522e-07
 1.090089e+04   2.177074e-05   2.994192e-07
 1.110089e+04   2.094612e-05   2.578480e-07
 1.130089e+04   2.007101e-05   3.031946e-07
 1.150089e+04   1.943481e-05   3.041015e-07
 1.170088e+04   1.774455e-05   4.352325e-07
 1.190088e+04   1.814981e-05   2.433474e-07
 1.210088e+04   1.719309e-05   2.852126e-07
 1.230088e+04   1.643558e-05   2.397834e-07
 1.250088e+04   1.569266e-05   2.493143e-07
 1.270087e+04   1.533972e-05   2.334798e-07
 1.290087e+04   1.472831e-05   2.149087e-07
 1.310087e+04   1.427536e-05   2.458874e-07
 1.330087e+04   1.350051e-05   2.566451e-07
 1.350086e+04   1.299911e-05   2.262819e-07
 1.370086e+04   1.213468e-05   3.167704e-07
 1.390086e+04   1.220000e-05   2.523732e-07
 1.410086e+04   1.188331e-05   2.049441e-07
 1.430086e+04   1.145528e-05   1.937096e-07
 1.450085e+04   1.116391e-05   2.140486e-07
 1.470085e+04   1.067977e-05   1.997426e-07
 1.490085e+04   1.030599e-05   1.722899e-07
 1.510085e+04   1.004833e-05   1.675265e-07
 1.530085e+04   9.552683e-06   1.818325e-07
 1.550084e+04   9.433188e-06   1.617251e-07
 1.570084e+04   8.843967e-06   1.766516e-07
 1.590084e+04   8.389313e-06   2.300388e-07
 1.610084e+04   8.327329e-06   2.321204e-07
 1.630084e+04   8.207017e-06   2.462695e-07
 1.650083e+04   7.406384e-06   2.702130e-07
 1.670083e+04   7.535098e-06   1.904621e-07
 1.690083e+04   7.452203e-06   1.738812e-07
 1.710083e+04   7.327362e-06   1.498407e-07
 1.730083e+04   7.013691e-06   1.340672e-07
 1.750083e+04   6.784166e-06   1.562783e-07
 1.770082e+04   6.238411e-06   1.886436e-07
 1.790082e+04   6.232426e-06   1.911497e-07
 1.810082e+04   6.018489e-06   1.596138e-07
 1.830082e+04   5.337061e-06   4.009137e-07
 1.850081e+04   5.550461e-06   2.420487e-07
 1.870081e+04   5.519536e-06   1.830804e-07
 1.890081e+04   5.185927e-06   2.105185e-07
 1.910081e+04   5.458407e-06   1.426848e-07
 1.930081e+04   5.127662e-06   1.764859e-07
 1.950081e+04   4.970895e-06   1.587878e-07
 1.970080e+04   4.816553e-06   1.862609e-07
 1.990080e+04   4.664664e-06   1.378083e-07
 2.010080e+04   4.281317e-06   2.060631e-07
 2.030080e+04   4.306603e-06   1.920597e-07
 2.050079e+04   4.264904e-06   1.601987e-07
 2.070079e+04   4.192653e-06   1.379976e-07
 2.090079e+04   4.015827e-06   1.730671e-07
 2.110079e+04   4.006801e-06   1.717727e-07
 2.130079e+04   3.903303e-06   1.391161e-07
 2.150078e+04   3.910594e-06   1.546577e-07
 2.170078e+04   3.615950e-06   1.681123e-07
 2.190078e+04   3.566150e-06   1.560191e-07
 2.210078e+04   3.462182e-06   1.359533e-07
 2.230078e+04   3.405146e-06   1.490869e-07
 2.250078e+04   3.214003e-06   1.453875e-07
 2.270077e+04   3.152159e-06   1.304652e-07
 2.290077e+04   3.110814e-06   1.308971e-07
 2.310077e+04   3.156382e-06   1.295357e-07
 2.330077e+04   2.700983e-06   1.768316e-07
 2.350076e+04   2.749146e-06   1.457912e-07
 2.370076e+04   2.901890e-06   1.693702e-07
 2.390076e+04   2.862672e-06   1.705746e-07
 2.410076e+04   2.682384e-06   1.091964e-07
 2.430076e+04   2.652465e-06   1.798091e-07
 2.450076e+04   2.548755e-06   2.327321e-07
 2.470075e+04   2.430229e-06   1.498085e-07
 2.490075e+04   2.322480e-06   1.417153e-07
 2.510075e+04   2.210066e-06   1.452442e-07
 2.530075e+04   2.325959e-06   1.657069e-07
 2.550074e+04   2.270256e-06   1.224072e-07
 2.570074e+04   2.283038e-06   1.156408e-07
 2.590074e+04   2.067726e-06   1.172943e-07
 2.610074e+04   1.918657e-06   1.246421e-07
 2.630074e+04   1.694078e-06   1.794687e-07
 2.650074e+04   2.014295e-06   1.040747e-07
 2.670073e+04   1.929880e-06   1.512383e-07
 2.690073e+04   1.889790e-06   1.498241e-07
 2.710073e+04   1.721206e-06   1.902693e-07
 2.730073e+04   1.734920e-06   1.284669e-07
 2.750072e+04   1.619550e-06   1.395056e-07
 2.770072e+04   1.768349e-06   1.477288e-07
 2.790072e+04   1.398672e-06   1.875178e-07
 2.810072e+04   1.683650e-06   1.418132e-07
 2.830072e+04   1.706581e-06   1.973343e-07
 2.850072e+04   1.497306e-06   1.817782e-07
 2.870071e+04   1.105323e-06   1.969456e-07
 2.890071e+04   1.638702e-06   1.637038e-07
 2.910071e+04   1.407388e-06   1.611912e-07
 2.930071e+04   1.436232e-06   1.242434e-07
 2.950071e+04   1.282351e-06   1.642420e-07
 2.970070e+04   1.230610e-06   1.478692e-07
 2.990070e+04   1.158989e-06   1.216964e-07
 3.010070e+04   1.352520e-06   1.747413e-07
 3.030070e+04   1.010654e-06   2.186768e-07
 3.050069e+04   9.211924e-07   2.125315e-07
 3.070069e+04   4.729581e-07   3.444337e-07
 3.090069e+04   9.716297e-07   1.790835e-07
 3.110069e+04   5.733754e-07   2.595315e-07
 3.130069e+04   7.411406e-07   1.997072e-07
 3.150069e+04   1.085516e-06   2.599286e-07
 3.170068e+04   5.606224e-07   2.435629e-07
 3.190068e+04   9.787264e-07   1.790990e-07
 3.210068e+04   8.015990e-07   2.070555e-07
 3.230068e+04   8.318457e-07   2.395328e-07
 3.250067e+04   5.548432e-07   2.645084e-07
 3.270067e+04   7.679314e-07   2.380340e-07
 3.290067e+04   4.292232e-07   3.040773e-07
 3.310067e+04   5.669396e-07   1.689980e-07
 3.330067e+04   4.552647e-07   2.251846e-07
 3.350067e+04   3.240862e-07   1.923834e-07
 3.370066e+04   4.177857e-07   1.601068e-07
 3.390066e+04   4.899850e-07   2.813895e-07
 3.410066e+04   3.727231e-07   2.883155e-07
 3.430066e+04   5.862117e-07   1.752697e-07
 3.450065e+04   7.611553e-07   2.422701e-07
 3.470065e+04  -1.286073e-07   3.465153e-07
 3.490065e+04   2.402152e-07   2.577323e-07
 3.510065e+04   3.664713e-07   2.517595e-07
 3.530065e+04   3.000065e-08   2.889799e-07
 3.550064e+04   6.339301e-08   2.711914e-07
 3.570064e+04   1.260576e-07   1.813824e-07
 3.590064e+04  -2.001669e-07   2.333284e-07
 3.610064e+04   2.360332e-07   2.382336e-07
 3.630064e+04   8.273688e-07   4.470359e-07
 3.650064e+04   1.568658e-07   2.659142e-07
 3.670063e+04  -2.674401e-07   2.453165e-07
 3.690063e+04  -3.135255e-07   1.430663e-07
 3.710063e+04  -4.910025e-07   2.511142e-07
 3.730063e+04   2.316786e-07   2.219389e-07
 3.750062e+04  -1.958754e-07   2.000978e-07
 3.770062e+04  -3.137540e-07   2.075033e-07
 3.790062e+04  -3.305673e-07   1.797931e-07
 3.810062e+04  -1.173218e-06   3.661479e-07
 3.830062e+04  -3.009139e-07   2.534513e-07
 3.850061e+04  -3.178366e-07   2.228612e-07
 3.870061e+04  -1.001959e-06   2.950435e-07
 3.890061e+04  -6.608310e-07   1.502193e-07
 3.910061e+04  -7.284178e-07   1.929377e-07
 3.930061e+04  -7.216302e-07   1.884366e-07
 3.950061e+04  -7.031967e-07   2.205684e-07
 3.970060e+04  -1.257052e-06   2.630422e-07
 3.990060e+04  -1.940855e-06   3.626242e-07
 4.010060e+04   0.000000e+00   0.000000e+00
 4.030060e+04   0.000000e+00   0.000000e+00
 4.050060e+04   0.000000e+00   0.000000e+00
 4.070059e+04   0.000000e+00   0.000000e+00
 4.090059e+04   0.000000e+00   0.000000e+00
 4.110059e+04   0.000000e+00   0.000000e+00
 4.130059e+04   0.000000e+00   0.000000e+00
 4.150058e+04   0.000000e+00   0.000000e+00
 4.170058e+04   0.000000e+00   0.000000e+00
 4.190058e+04   0.000000e+00   0.000000e+00
 4.210058e+04   0.000000e+00   0.000000e+00
 4.230058e+04   0.000000e+00   0.000000e+00
 4.250057e+04   0.000000e+00   0.000000e+00
 4.270057e+04   0.000000e+00   0.000000e+00
 4.290057e+04   0.000000e+00   0.000000e+00
 4.310057e+04   0.000000e+00   0.000000e+00
 4.330057e+04   0.000000e+00   0.000000e+00
 4.350057e+04   0.000000e+00   0.000000e+00
 4.370056e+04   0.000000e+00   0.000000e+00
 4.390056e+04   0.000000e+00   0.000000e+00
 4.410056e+04   0.000000e+00   0.000000e+00
 4.430056e+04   0.000000e+00   0.000000e+00
 4.450056e+04   0.000000e+00   0.000000e+00
 4.470055e+04   0.000000e+00   0.000000e+00
 4.490055e+04   0.000000e+00   0.000000e+00
 4.510055e+04   0.000000e+00   0.000000e+00
 4.530055e+04   0.000000e+00   0.000000e+00
 4.550054e+04   0.000000e+00   0.000000e+00
 4.570054e+04   0.000000e+00   0.000000e+00
 4.590054e+04   0.000000e+00   0.000000e+00
 4.610054e+04   0.000000e+00   0.000000e+00
 4.630054e+04   0.000000e+00   0.000000e+00
 4.650054e+04   0.000000e+00   0.000000e+00
 4.670053e+04   0.000000e+00   0.000000e+00
 4.690053e+04   0.000000e+00   0.000000e+00
 4.710053e+04   0.000000e+00   0.000000e+00
 4.730053e+04   0.000000e+00   0.000000e+00
 4.750053e+04   0.000000e+00   0.000000e+00
 4.770052e+04   0.000000e+00   0.000000e+00
 4.790052e+04   0.000000e+00   0.000000e+00
 4.810052e+04   0.000000e+00   0.000000e+00
 4.830052e+04   0.000000e+00   0.000000e+00
 4.850051e+04   0.000000e+00   0.000000e+00
 4.870051e+04   0.000000e+00   0.000000e+00
 4.890051e+04   0.000000e+00   0.000000e+00
 4.910051e+04   0.000000e+00   0.000000e+00
 4.930051e+04   0.000000e+00   0.000000e+00
 4.950050e+04   0.000000e+00   0.000000e+00
 4.970050e+04   0.000000e+00   0.000000e+00
 4.990050e+04   0.000000e+00   0.000000e+00
 5.010050e+04   0.000000e+00   0.000000e+00
 5.030050e+04   0.000000e+00   0.000000e+00
 5.050050e+04   0.000000e+00   0.000000e+00
 5.070049e+04   0.000000e+00   0.000000e+00
 5.090049e+04   0.000000e+00   0.000000e+00
 5.110049e+04   0.000000e+00   0.000000e+00
 5.130049e+04   0.000000e+00   0.000000e+00
 5.150049e+04   0.000000e+00   0.000000e+00
 5.170048e+04   0.000000e+00   0.000000e+00
 5.190048e+04   0.000000e+00   0.000000e+00
 5.210048e+04   0.000000e+00   0.000000e+00
 5.230048e+04   0.000000e+00   0.000000e+00
 5.250047e+04   0.000000e+00   0.000000e+00
 5.270047e+04   0.000000e+00   0.000000e+00
 5.290047e+04   0.000000e+00   0.000000e+00
 5.310047e+04   0.000000e+00   0.000000e+00
 5.330047e+04   0.000000e+00   0.000000e+00
 5.350046e+04   0.000000e+00   0.000000e+00
 5.370046e+04   0.000000e+00   0.000000e+00
 5.390046e+04   0.000000e+00   0.000000e+00
 5.410046e+04   0.000000e+00   0.000000e+00
 5.430046e+04   0.000000e+00   0.000000e+00
 5.450046e+04   0.000000e+00   0.000000e+00
 5.470045e+04   0.000000e+00   0.000000e+00
 5.490045e+04   0.000000e+00   0.000000e+00
 5.510045e+04   0.000000e+00   0.000000e+00
 5.530045e+04   0.000000e+00   0.000000e+00
 5.550044e+04   0.000000e+00   0.000000e+00
 5.570044e+04   0.000000e+00   0.000000e+00
 5.590044e+04   0.000000e+00   0.000000e+00
 5.610044e+04   0.000000e+00   0.000000e+00
 5.630044e+04   0.000000e+00   0.000000e+00
 5.650043e+04   0.000000e+00   0.000000e+00
 5.670043e+04   0.000000e+00   0.000000e+00
 5.690043e+04   0.000000e+00   0.000000e+00
 5.710043e+04   0.000000e+00   0.000000e+00
 5.730043e+04   0.000000e+00   0.000000e+00
 5.750043e+04   0.000000e+00   0.000000e+00
 5.770042e+04   0.000000e+00   0.000000e+00
 5.790042e+04   0.000000e+00   0.000000e+00
 5.810042e+04   0.000000e+00   0.000000e+00
 5.830042e+04   0.000000e+00   0.000000e+00
 5.850042e+04   0.000000e+00   0.000000e+00
 5.870041e+04   0.000000e+00   0.000000e+00
 5.890041e+04   0.000000e+00   0.000000e+00
 5.910041e+04   0.000000e+00   0.000000e+00
 5.930041e+04   0.000000e+00   0.000000e+00
 5.950040e+04   0.000000e+00   0.000000e+00
 5.970040e+04   0.000000e+00   0.000000e+00
 5.990040e+04   0.000000e+00   0.000000e+00
 6.010040e+04   0.000000e+00   0.000000e+00
 6.030040e+04   0.000000e+00   0.000000e+00
 6.050039e+04   0.000000e+00   0.000000e+00
 6.070039e+04   0.000000e+00   0.000000e+00
 6.090039e+04   0.000000e+00   0.000000e+00
 6.110039e+04   0.000000e+00   0.000000e+00
 6.130039e+04   0.000000e+00   0.000000e+00
 6.150039e+04   0.000000e+00   0.000000e+00
 6.170038e+04   0.000000e+00   0.000000e+00
 6.190038e+04   0.000000e+00   0.000000e+00
 6.210038e+04   0.000000e+00   0.000000e+00
 6.230038e+04   0.000000e+00   0.000000e+00
 6.250038e+04   0.000000e+00   0.000000e+00
 6.270037e+04   0.000000e+00   0.000000e+00
 6.290037e+04   0.000000e+00   0.000000e+00
 6.310037e+04   0.000000e+00   0.000000e+00
 6.330037e+04   0.000000e+00   0.000000e+00
 6.350036e+04   0.000000e+00   0.000000e+00
 6.370036e+04   0.000000e+00   0.000000e+00
 6.390036e+04   0.000000e+00   0.000000e+00
 6.410036e+04   0.000000e+00   0.000000e+00
 6.430036e+04   0.000000e+00   0.000000e+00
 6.450036e+04   0.000000e+00   0.000000e+00
 6.470035e+04   0.000000e+00   0.000000e+00
 6.490035e+04   0.000000e+00   0.000000e+00
 6.510035e+04   0.000000e+00   0.000000e+00
 6.530035e+04   0.000000e+00   0.000000e+00
 6.550035e+04   0.000000e+00   0.000000e+00
 6.570034e+04   0.000000e+00   0.000000e+00
 6.590034e+04   0.000000e+00   0.000000e+00
 6.610034e+04   0.000000e+00   0.000000e+00
 6.630034e+04   0.000000e+00   0.000000e+00
 6.650034e+04   0.000000e+00   0.000000e+00
 6.670033e+04   0.000000e+00   0.000000e+00
 6.690033e+04   0.000000e+00   0.000000e+00
 6.710033e+04   0.000000e+00   0.000000e+00
 6.730033e+04   0.000000e+00   0.000000e+00
 6.750032e+04   0.000000e+00   0.000000e+00
 6.770032e+04   0.000000e+00   0.000000e+00
 6.790032e+04   0.000000e+00   0.000000e+00
 6.810032e+04   0.000000e+00   0.000000e+00
 6.830032e+04   0.000000e+00   0.000000e+00
 6.850032e+04   0.000000e+00   0.000000e+00
 6.870031e+04   0.000000e+00   0.000000e+00
 6.890031e+04   0.000000e+00   0.000000e+00
 6.910031e+04   0.000000e+00   0.000000e+00
 6.930031e+04   0.000000e+00   0.000000e+00
 6.950030e+04   0.000000e+00   0.000000e+00
 6.970030e+04   0.000000e+00   0.000000e+00
 6.990030e+04   0.000000e+00   0.000000e+00
 7.010030e+04   0.000000e+00   0.000000e+00
 7.030030e+04   0.000000e+00   0.000000e+00
 7.050029e+04   0.000000e+00   0.000000e+00
 7.070029e+04   0.000000e+00   0.000000e+00
 7.090029e+04   0.000000e+00   0.000000e+00
 7.110029e+04   0.000000e+00   0.000000e+00
 7.130029e+04   0.000000e+00   0.000000e+00
 7.150029e+04   0.000000e+00   0.000000e+00
 7.170028e+04   0.000000e+00   0.000000e+00
 7.190028e+04   0.000000e+00   0.000000e+00
 7.210028e+04   0.000000e+00   0.000000e+00
 7.230028e+04   0.000000e+00   0.000000e+00
 7.250027e+04   0.000000e+00   0.000000e+00
 7.270027e+04   0.000000e+00   0.000000e+00
 7.290027e+04   0.000000e+00   0.000000e+00
 7.310027e+04   0.000000e+00   0.000000e+00
 7.330027e+04   0.000000e+00   0.000000e+00
 7.350026e+04   0.000000e+00   0.000000e+00
 7.370026e+04   0.000000e+00   0.000000e+00
 7.390026e+04   0.000000e+00   0.000000e+00
 7.410026e+04   0.000000e+00   0.000000e+00
 7.430026e+04   0.000000e+00   0.000000e+00
 7.450026e+04   0.000000e+00   0.000000e+00
 7.470025e+04   0.000000e+00   0.000000e+00
 7.490025e+04   0.000000e+00   0.000000e+00
 7.510025e+04   0.000000e+00   0.000000e+00
 7.530025e+04   0.000000e+00   0.000000e+00
 7.550024e+04   0.000000e+00   0.000000e+00
 7.570024e+04   0.000000e+00   0.000000e+00
 7.590024e+04   0.000000e+00   0.000000e+00
 7.610024e+04   0.000000e+00   0.000000e+00
 7.630024e+04   0.000000e+00   0.000000e+00
 7.650024e+04   0.000000e+00   0.000000e+00
 7.670023e+04   0.000000e+00   0.000000e+00
 7.690023e+04   0.000000e+00   0.000000e+00
 7.710023e+04   0.000000e+00   0.000000e+00
 7.730023e+04   0.000000e+00   0.000000e+00
 7.750023e+04   0.000000e+00   0.000000e+00
 7.770022e+04   0.000000e+00   0.000000e+00
 7.790022e+04   0.000000e+00   0.000000e+00
 7.810022e+04   0.000000e+00   0.000000e+00
 7.830022e+04   0.000000e+00   0.000000e+00
 7.850021e+04   0.000000e+00   0.000000e+00
 7.870021e+04   0.000000e+00   0.000000e+00
 7.890021e+04   0.000000e+00   0.000000e+00
 7.910021e+04   0.000000e+00   0.000000e+00
 7.930021e+04   0.000000e+00   0.000000e+00
 7.950021e+04   0.000000e+00   0.000000e+00
 7.970020e+04   0.000000e+00   0.000000e+00
 7.990020e+04   0.000000e+00   0.000000e+00
 8.010020e+04   0.000000e+00   0.000000e+00
 8.030020e+04   0.000000e+00   0.000000e+00
 8.050020e+04   0.000000e+00   0.000000e+00
 8.070019e+04   0.000000e+00   0.000000e+00
 8.090019e+04   0.000000e+00   0.000000e+00
 8.110019e+04   0.000000e+00   0.000000e+00
 8.130019e+04   0.000000e+00   0.000000e+00
 8.150018e+04   0.000000e+00   0.000000e+00
 8.170018e+04   0.000000e+00   0.000000e+00
 8.190018e+04   0.000000e+00   0.000000e+00
 8.210018e+04   0.000000e+00   0.000000e+00
 8.230018e+04   0.000000e+00   0.000000e+00
 8.250018e+04   0.000000e+00   0.000000e+00
 8.270017e+04   0.000000e+00   0.000000e+00
 8.290017e+04   0.000000e+00   0.000000e+00
 8.310017e+04   0.000000e+00   0.000000e+00
 8.330017e+04   0.000000e+00   0.000000e+00
 8.350016e+04   0.000000e+00   0.000000e+00
 8.370016e+04   0.000000e+00   0.000000e+00
 8.390016e+04   0.000000e+00   0.000000e+00
 8.410016e+04   0.000000e+00   0.000000e+00
 8.430016e+04   0.000000e+00   0.000000e+00
 8.450015e+04   0.000000e+00   0.000000e+00
 8.470015e+04   0.000000e+00   0.000000e+00
 8.490015e+04   0.000000e+00   0.000000e+00
 8.510015e+04   0.000000e+00   0.000000e+00
 8.530015e+04   0.000000e+00   0.000000e+00
 8.550015e+04   0.000000e+00   0.000000e+00
 8.570014e+04   0.000000e+00   0.000000e+00
 8.590014e+04   0.000000e+00   0.000000e+00
 8.610014e+04   0.000000e+00   0.000000e+00
 8.630014e+04   0.000000e+00   0.000000e+00
 8.650013e+04   0.000000e+00   0.000000e+00
 8.670013e+04   0.000000e+00   0.000000e+00
 8.690013e+04   0.000000e+00   0.000000e+00
 8.710013e+04   0.000000e+00   0.000000e+00
 8.730013e+04   0.000000e+00   0.000000e+00
 8.750012e+04   0.000000e+00   0.000000e+00
 8.770012e+04   0.000000e+00   0.000000e+00
 8.790012e+04   0.000000e+00   0.000000e+00
 8.810012e+04   0.000000e+00   0.000000e+00
 8.830012e+04   0.000000e+00   0.000000e+00
 8.850012e+04   0.000000e+00   0.000000e+00
 8.870011e+04   0.000000e+00   0.000000e+00
 8.890011e+04   0.000000e+00   0.000000e+00
 8.910011e+04   0.000000e+00   0.000000e+00
 8.930011e+04   0.000000e+00   0.000000e+00
 8.950010e+04   0.000000e+00   0.000000e+00
 8.970010e+04   0.000000e+00   0.000000e+00
 8.990010e+04   0.000000e+00   0.000000e+00
 9.010010e+04   0.000000e+00   0.000000e+00
 9.030010e+04   0.000000e+00   0.000000e+00
 9.050010e+04   0.000000e+00   0.000000e+00
 9.070009e+04   0.000000e+00   0.000000e+00
 9.090009e+04   0.000000e+00   0.000000e+00
 9.110009e+04   0.000000e+00   0.000000e+00
 9.130009e+04   0.000000e+00   0.000000e+00
 9.150009e+04   0.000000e+00   0.000000e+00
 9.170008e+04   0.000000e+00   0.000000e+00
 9.190008e+04   0.000000e+00   0.000000e+00
 9.210008e+04   0.000000e+00   0.000000e+00
 9.230008e+04   0.000000e+00   0.000000e+00
 9.250007e+04   0.000000e+00   0.000000e+00
 9.270007e+04   0.000000e+00   0.000000e+00
 9.290007e+04   0.000000e+00   0.000000e+00
 9.310007e+04   0.000000e+00   0.000000e+00
 9.330007e+04   0.000000e+00   0.000000e+00
 9.350007e+04   0.000000e+00   0.000000e+00
 9.370006e+04   0.000000e+00   0.000000e+00
 9.390006e+04   0.000000e+00   0.000000e+00
 9.410006e+04   0.000000e+00   0.000000e+00
 9.430006e+04   0.000000e+00   0.000000e+00
 9.450005e+04   0.000000e+00   0.000000e+00
 9.470005e+04   0.000000e+00   0.000000e+00
 9.490005e+04   0.000000e+00   0.000000e+00
 9.510005e+04   0.000000e+00   0.000000e+00
 9.530005e+04   0.000000e+00   0.000000e+00
 9.550004e+04   0.000000e+00   0.000000e+00
 9.570004e+04   0.000000e+00   0.000000e+00
 9.590004e+04   0.000000e+00   0.000000e+00
 9.610004e+04   0.000000e+00   0.000000e+00
 9.630004e+04   0.000000e+00   0.000000e+00
 9.650004e+04   0.000000e+00   0.000000e+00
 9.670003e+04   0.000000e+00   0.000000e+00
 9.690003e+04   0.000000e+00   0.000000e+00
 9.710003e+04   0.000000e+00   0.000000e+00
 9.730003e+04   0.000000e+00   0.000000e+00
 9.750002e+04   0.000000e+00   0.000000e+00
 9.770002e+04   0.000000e+00   0.000000e+00
 9.790002e+04   0.000000e+00   0.000000e+00
 9.810002e+04   0.000000e+00   0.000000e+00
 9.830002e+04   0.000000e+00   0.000000e+00
 9.850001e+04   0.000000e+00   0.000000e+00
 9.870001e+04   0.000000e+00   0.000000e+00
 9.890001e+04   0.000000e+00   0.000000e+00
 9.910001e+04   0.000000e+00   0.000000e+00
 9.930001e+04   0.000000e+00   0.000000e+00
 9.950001e+04   0.000000e+00   0.000000e+00
 9.970000e+04   0.000000e+00   0.000000e+00
 9.990000e+04   0.000000e+00   0.000000e+00
 inf   0.000000e+00   0.000000e+00
