Eph_lab bin centers    value    Error 
-inf   0.000000e+00   0.000000e+00
 1.010000e+02   1.139713e-02   2.926639e-06
 3.030000e+02   3.882274e-04   1.575246e-06
 5.050000e+02   2.303196e-04   1.260612e-06
 7.070000e+02   1.618778e-04   6.843763e-07
 9.090000e+02   1.254316e-04   5.409954e-07
 1.111000e+03   1.017320e-04   4.715091e-07
 1.313000e+03   8.670413e-05   4.182508e-07
 1.515000e+03   7.502032e-05   4.195624e-07
 1.717000e+03   6.600991e-05   2.458450e-07
 1.919000e+03   5.962545e-05   2.904958e-07
 2.121000e+03   5.408258e-05   1.992763e-07
 2.323000e+03   4.975619e-05   2.554445e-07
 2.525000e+03   4.548508e-05   1.775925e-07
 2.727000e+03   4.249664e-05   1.844445e-07
 2.929000e+03   3.970410e-05   1.691292e-07
 3.131000e+03   3.732977e-05   1.636305e-07
 3.333000e+03   3.523598e-05   1.486377e-07
 3.535000e+03   3.309808e-05   1.315121e-07
 3.737000e+03   3.158278e-05   1.198177e-07
 3.939000e+03   3.008958e-05   1.067845e-07
 4.141000e+03   2.883006e-05   1.258528e-07
 4.343000e+03   2.778075e-05   1.199071e-07
 4.545000e+03   2.671329e-05   1.236590e-07
 4.747000e+03   2.593364e-05   1.085851e-07
 4.949000e+03   2.477200e-05   9.787698e-08
 5.151000e+03   2.421101e-05   9.456511e-08
 5.353000e+03   2.346434e-05   9.820934e-08
 5.555000e+03   2.265246e-05   7.667341e-08
 5.757000e+03   2.200526e-05   8.251508e-08
 5.959000e+03   2.169997e-05   8.865965e-08
 6.161000e+03   2.128120e-05   9.829186e-08
 6.363000e+03   2.064579e-05   7.695898e-08
 6.565000e+03   2.012248e-05   8.729353e-08
 6.767000e+03   1.983475e-05   7.920953e-08
 6.969000e+03   1.943082e-05   8.317721e-08
 7.171000e+03   1.918633e-05   6.330633e-08
 7.373000e+03   1.886712e-05   9.338483e-08
 7.575000e+03   1.846619e-05   5.932557e-08
 7.777000e+03   1.816048e-05   5.897652e-08
 7.979000e+03   1.788624e-05   6.511903e-08
 8.181000e+03   1.764939e-05   6.613045e-08
 8.383000e+03   1.743022e-05   6.993244e-08
 8.585000e+03   1.716503e-05   6.994818e-08
 8.787000e+03   1.701106e-05   5.981328e-08
 8.989000e+03   1.688820e-05   6.923164e-08
 9.191000e+03   1.665543e-05   6.934488e-08
 9.393000e+03   1.643680e-05   5.912020e-08
 9.595000e+03   1.620931e-05   5.915327e-08
 9.797000e+03   1.619910e-05   7.149055e-08
 9.999000e+03   1.613304e-05   6.617914e-08
 1.020100e+04   1.583361e-05   6.566428e-08
 1.040300e+04   1.583186e-05   7.360834e-08
 1.060500e+04   1.575328e-05   7.116004e-08
 1.080700e+04   1.558906e-05   6.288481e-08
 1.100900e+04   1.551308e-05   6.842813e-08
 1.121100e+04   1.540104e-05   5.970424e-08
 1.141300e+04   1.521424e-05   6.342526e-08
 1.161500e+04   1.525765e-05   5.979148e-08
 1.181700e+04   1.515386e-05   6.833537e-08
 1.201900e+04   1.500218e-05   4.918067e-08
 1.222100e+04   1.494293e-05   5.697346e-08
 1.242300e+04   1.484052e-05   6.565163e-08
 1.262500e+04   1.490676e-05   6.818753e-08
 1.282700e+04   1.474954e-05   6.028685e-08
 1.302900e+04   1.461768e-05   5.129355e-08
 1.323100e+04   1.447486e-05   5.303219e-08
 1.343300e+04   1.452198e-05   6.613879e-08
 1.363500e+04   1.436268e-05   5.897627e-08
 1.383700e+04   1.428009e-05   5.634772e-08
 1.403900e+04   1.404209e-05   5.510943e-08
 1.424100e+04   1.407643e-05   4.880354e-08
 1.444300e+04   1.396732e-05   5.635926e-08
 1.464500e+04   1.377959e-05   5.274659e-08
 1.484700e+04   1.377937e-05   6.329232e-08
 1.504900e+04   1.366455e-05   5.533708e-08
 1.525100e+04   1.363095e-05   6.323924e-08
 1.545300e+04   1.348027e-05   6.459348e-08
 1.565500e+04   1.348238e-05   7.148013e-08
 1.585700e+04   1.330512e-05   7.033310e-08
 1.605900e+04   1.343522e-05   5.412194e-08
 1.626100e+04   1.316742e-05   6.137095e-08
 1.646300e+04   1.307774e-05   6.278540e-08
 1.666500e+04   1.297899e-05   6.130109e-08
 1.686700e+04   1.292406e-05   6.555625e-08
 1.706900e+04   1.276013e-05   5.496755e-08
 1.727100e+04   1.265118e-05   4.481064e-08
 1.747300e+04   1.269311e-05   7.404864e-08
 1.767500e+04   1.254778e-05   7.289038e-08
 1.787700e+04   1.252355e-05   6.625883e-08
 1.807900e+04   1.251275e-05   5.797305e-08
 1.828100e+04   1.230575e-05   5.550554e-08
 1.848300e+04   1.228713e-05   5.211514e-08
 1.868500e+04   1.223461e-05   6.504118e-08
 1.888700e+04   1.211686e-05   6.594368e-08
 1.908900e+04   1.195763e-05   4.799402e-08
 1.929100e+04   1.194168e-05   5.696355e-08
 1.949300e+04   1.189000e-05   6.172198e-08
 1.969500e+04   1.181464e-05   5.577708e-08
 1.989700e+04   1.170188e-05   5.655547e-08
 2.009900e+04   1.161123e-05   5.690940e-08
 2.030100e+04   1.151677e-05   6.025895e-08
 2.050300e+04   1.145977e-05   6.184167e-08
 2.070500e+04   1.148584e-05   5.956760e-08
 2.090700e+04   1.132242e-05   5.934053e-08
 2.110900e+04   1.132038e-05   6.068456e-08
 2.131100e+04   1.124955e-05   5.765675e-08
 2.151300e+04   1.102556e-05   5.508142e-08
 2.171500e+04   1.099934e-05   5.646389e-08
 2.191700e+04   1.102164e-05   6.200833e-08
 2.211900e+04   1.093350e-05   4.638395e-08
 2.232100e+04   1.093292e-05   5.603016e-08
 2.252300e+04   1.080999e-05   5.977571e-08
 2.272500e+04   1.080609e-05   5.464562e-08
 2.292700e+04   1.056878e-05   5.101419e-08
 2.312900e+04   1.056906e-05   5.429443e-08
 2.333100e+04   1.042424e-05   5.551063e-08
 2.353300e+04   1.048383e-05   5.727520e-08
 2.373500e+04   1.032595e-05   4.793563e-08
 2.393700e+04   1.026458e-05   5.633207e-08
 2.413900e+04   1.032371e-05   6.417588e-08
 2.434100e+04   1.021487e-05   5.535655e-08
 2.454300e+04   1.007179e-05   4.880087e-08
 2.474500e+04   1.001780e-05   6.058130e-08
 2.494700e+04   9.969055e-06   6.157455e-08
 2.514900e+04   9.824787e-06   5.032576e-08
 2.535100e+04   9.855328e-06   5.008760e-08
 2.555300e+04   9.804620e-06   6.022421e-08
 2.575500e+04   9.751434e-06   5.510385e-08
 2.595700e+04   9.675312e-06   5.430082e-08
 2.615900e+04   9.705679e-06   5.892581e-08
 2.636100e+04   9.512689e-06   5.198039e-08
 2.656300e+04   9.547414e-06   5.754954e-08
 2.676500e+04   9.411491e-06   5.395162e-08
 2.696700e+04   9.443244e-06   5.583564e-08
 2.716900e+04   9.328249e-06   4.950485e-08
 2.737100e+04   9.266205e-06   5.168901e-08
 2.757300e+04   9.179814e-06   4.968583e-08
 2.777500e+04   9.251430e-06   6.568837e-08
 2.797700e+04   9.118936e-06   6.178684e-08
 2.817900e+04   9.062615e-06   5.336433e-08
 2.838100e+04   9.005311e-06   5.267355e-08
 2.858300e+04   8.967924e-06   5.465484e-08
 2.878500e+04   9.098021e-06   6.489218e-08
 2.898700e+04   8.756110e-06   5.547240e-08
 2.918900e+04   8.852129e-06   5.780811e-08
 2.939100e+04   8.638039e-06   4.792336e-08
 2.959300e+04   8.646134e-06   4.573154e-08
 2.979500e+04   8.566926e-06   4.097523e-08
 2.999700e+04   8.572654e-06   5.313253e-08
 3.019900e+04   8.524906e-06   5.262160e-08
 3.040100e+04   8.402197e-06   5.355485e-08
 3.060300e+04   8.395858e-06   4.613719e-08
 3.080500e+04   8.288580e-06   4.641044e-08
 3.100700e+04   8.289396e-06   4.982115e-08
 3.120900e+04   8.264750e-06   5.222736e-08
 3.141100e+04   8.163011e-06   5.276941e-08
 3.161300e+04   8.026453e-06   5.364197e-08
 3.181500e+04   8.041171e-06   5.750235e-08
 3.201700e+04   7.879814e-06   5.188704e-08
 3.221900e+04   7.947233e-06   4.969871e-08
 3.242100e+04   7.871259e-06   5.291479e-08
 3.262300e+04   7.798735e-06   4.519845e-08
 3.282500e+04   7.805943e-06   5.619737e-08
 3.302700e+04   7.759685e-06   5.682162e-08
 3.322900e+04   7.722686e-06   4.745520e-08
 3.343100e+04   7.674468e-06   4.825170e-08
 3.363300e+04   7.579609e-06   5.106889e-08
 3.383500e+04   7.614469e-06   5.092222e-08
 3.403700e+04   7.598482e-06   5.736477e-08
 3.423900e+04   7.392512e-06   4.664719e-08
 3.444100e+04   7.367583e-06   5.234540e-08
 3.464300e+04   7.324400e-06   4.612208e-08
 3.484500e+04   7.383226e-06   4.756607e-08
 3.504700e+04   7.311107e-06   5.060768e-08
 3.524900e+04   7.152104e-06   4.468757e-08
 3.545100e+04   7.087444e-06   4.215983e-08
 3.565300e+04   7.068757e-06   4.740081e-08
 3.585500e+04   7.090532e-06   5.814920e-08
 3.605700e+04   7.027073e-06   4.902494e-08
 3.625900e+04   7.001775e-06   4.099023e-08
 3.646100e+04   6.963753e-06   4.930537e-08
 3.666300e+04   6.895892e-06   4.916307e-08
 3.686500e+04   6.869191e-06   5.206712e-08
 3.706700e+04   6.767901e-06   4.209701e-08
 3.726900e+04   6.806639e-06   4.913913e-08
 3.747100e+04   6.745657e-06   5.117170e-08
 3.767300e+04   6.668651e-06   5.457333e-08
 3.787500e+04   6.584375e-06   4.888693e-08
 3.807700e+04   6.448720e-06   4.801306e-08
 3.827900e+04   6.550983e-06   4.575318e-08
 3.848100e+04   6.423780e-06   3.901800e-08
 3.868300e+04   6.398395e-06   5.157197e-08
 3.888500e+04   6.447031e-06   4.502759e-08
 3.908700e+04   6.317476e-06   4.686748e-08
 3.928900e+04   6.360629e-06   4.201833e-08
 3.949100e+04   6.203480e-06   4.566822e-08
 3.969300e+04   6.196528e-06   4.763470e-08
 3.989500e+04   6.106936e-06   4.230248e-08
 4.009700e+04   6.089358e-06   4.643911e-08
 4.029900e+04   6.095776e-06   4.817227e-08
 4.050100e+04   6.021440e-06   4.946980e-08
 4.070300e+04   6.028803e-06   4.311499e-08
 4.090500e+04   5.949984e-06   4.641886e-08
 4.110700e+04   5.873850e-06   4.509127e-08
 4.130900e+04   5.829170e-06   4.032342e-08
 4.151100e+04   5.940841e-06   4.148222e-08
 4.171300e+04   5.805091e-06   4.472515e-08
 4.191500e+04   5.755754e-06   4.400523e-08
 4.211700e+04   5.717192e-06   4.505449e-08
 4.231900e+04   5.756377e-06   5.259899e-08
 4.252100e+04   5.692975e-06   5.128009e-08
 4.272300e+04   5.577159e-06   4.166014e-08
 4.292500e+04   5.534890e-06   4.390237e-08
 4.312700e+04   5.418806e-06   4.655567e-08
 4.332900e+04   5.448042e-06   3.940649e-08
 4.353100e+04   5.466138e-06   4.575480e-08
 4.373300e+04   5.393568e-06   4.570031e-08
 4.393500e+04   5.387276e-06   4.636575e-08
 4.413700e+04   5.383941e-06   4.072016e-08
 4.433900e+04   5.297188e-06   3.771889e-08
 4.454100e+04   5.255082e-06   4.367444e-08
 4.474300e+04   5.213045e-06   4.602657e-08
 4.494500e+04   5.217744e-06   4.483357e-08
 4.514700e+04   5.108878e-06   4.030725e-08
 4.534900e+04   5.092516e-06   4.220718e-08
 4.555100e+04   5.025812e-06   3.900733e-08
 4.575300e+04   5.009177e-06   4.106792e-08
 4.595500e+04   5.005211e-06   4.102063e-08
 4.615700e+04   4.954606e-06   3.790947e-08
 4.635900e+04   4.876350e-06   3.822607e-08
 4.656100e+04   4.853144e-06   3.055319e-08
 4.676300e+04   4.764398e-06   3.297017e-08
 4.696500e+04   4.719669e-06   3.893073e-08
 4.716700e+04   4.675128e-06   3.768070e-08
 4.736900e+04   4.748202e-06   4.432190e-08
 4.757100e+04   4.704604e-06   3.724485e-08
 4.777300e+04   4.601596e-06   4.039227e-08
 4.797500e+04   4.662362e-06   4.377172e-08
 4.817700e+04   4.653737e-06   3.417404e-08
 4.837900e+04   4.511387e-06   3.780554e-08
 4.858100e+04   4.488013e-06   4.088092e-08
 4.878300e+04   4.410430e-06   3.894366e-08
 4.898500e+04   4.457613e-06   3.869502e-08
 4.918700e+04   4.412204e-06   3.603335e-08
 4.938900e+04   4.290458e-06   3.584789e-08
 4.959100e+04   4.302291e-06   3.294531e-08
 4.979300e+04   4.263515e-06   3.345124e-08
 4.999500e+04   4.271103e-06   4.489679e-08
 5.019700e+04   4.158542e-06   3.521323e-08
 5.039900e+04   4.180591e-06   3.843774e-08
 5.060100e+04   4.236223e-06   4.018943e-08
 5.080300e+04   4.111730e-06   3.236946e-08
 5.100500e+04   4.107636e-06   3.698755e-08
 5.120700e+04   4.118789e-06   4.448325e-08
 5.140900e+04   4.025825e-06   3.530987e-08
 5.161100e+04   3.969440e-06   3.579534e-08
 5.181300e+04   3.957807e-06   2.865569e-08
 5.201500e+04   3.933003e-06   3.790624e-08
 5.221700e+04   3.865878e-06   3.550247e-08
 5.241900e+04   3.913557e-06   3.444357e-08
 5.262100e+04   3.832018e-06   4.174462e-08
 5.282300e+04   3.762874e-06   3.643329e-08
 5.302500e+04   3.749897e-06   3.604330e-08
 5.322700e+04   3.725670e-06   3.481241e-08
 5.342900e+04   3.733677e-06   3.334198e-08
 5.363100e+04   3.702262e-06   4.503796e-08
 5.383300e+04   3.631978e-06   3.207774e-08
 5.403500e+04   3.695240e-06   3.947699e-08
 5.423700e+04   3.699453e-06   3.929472e-08
 5.443900e+04   3.471811e-06   3.342835e-08
 5.464100e+04   3.560717e-06   3.352130e-08
 5.484300e+04   3.453157e-06   3.266466e-08
 5.504500e+04   3.442818e-06   3.781173e-08
 5.524700e+04   3.481632e-06   3.569931e-08
 5.544900e+04   3.365912e-06   3.358696e-08
 5.565100e+04   3.371236e-06   4.128444e-08
 5.585300e+04   3.380544e-06   3.336729e-08
 5.605500e+04   3.258343e-06   2.814852e-08
 5.625700e+04   3.236878e-06   3.099826e-08
 5.645900e+04   3.245207e-06   3.105946e-08
 5.666100e+04   3.197725e-06   3.526553e-08
 5.686300e+04   3.115517e-06   2.602698e-08
 5.706500e+04   3.108206e-06   3.109336e-08
 5.726700e+04   3.087238e-06   2.773304e-08
 5.746900e+04   3.058427e-06   3.490452e-08
 5.767100e+04   3.148999e-06   3.059863e-08
 5.787300e+04   3.035085e-06   3.520585e-08
 5.807500e+04   3.045907e-06   4.025297e-08
 5.827700e+04   3.051288e-06   3.430076e-08
 5.847900e+04   2.971032e-06   3.794692e-08
 5.868100e+04   2.929420e-06   3.783165e-08
 5.888300e+04   2.858471e-06   2.777017e-08
 5.908500e+04   2.856967e-06   2.731154e-08
 5.928700e+04   2.854186e-06   3.034561e-08
 5.948900e+04   2.792925e-06   3.388619e-08
 5.969100e+04   2.779733e-06   3.122618e-08
 5.989300e+04   2.694802e-06   3.262230e-08
 6.009500e+04   2.700693e-06   2.701798e-08
 6.029700e+04   2.741897e-06   2.441002e-08
 6.049900e+04   2.674290e-06   3.547272e-08
 6.070100e+04   2.657834e-06   3.212878e-08
 6.090300e+04   2.593930e-06   2.831274e-08
 6.110500e+04   2.583687e-06   2.970022e-08
 6.130700e+04   2.552919e-06   2.521702e-08
 6.150900e+04   2.525973e-06   2.982982e-08
 6.171100e+04   2.503616e-06   2.887861e-08
 6.191300e+04   2.528402e-06   3.255319e-08
 6.211500e+04   2.484153e-06   2.848843e-08
 6.231700e+04   2.415392e-06   2.982444e-08
 6.251900e+04   2.439834e-06   3.387400e-08
 6.272100e+04   2.348841e-06   2.770397e-08
 6.292300e+04   2.339299e-06   2.722659e-08
 6.312500e+04   2.383554e-06   2.795576e-08
 6.332700e+04   2.328863e-06   3.099872e-08
 6.352900e+04   2.222183e-06   2.818049e-08
 6.373100e+04   2.282952e-06   3.018983e-08
 6.393300e+04   2.221061e-06   2.950177e-08
 6.413500e+04   2.222107e-06   3.218751e-08
 6.433700e+04   2.171186e-06   3.084488e-08
 6.453900e+04   2.153470e-06   2.897329e-08
 6.474100e+04   2.091188e-06   2.574242e-08
 6.494300e+04   2.105776e-06   2.978646e-08
 6.514500e+04   2.045867e-06   2.592959e-08
 6.534700e+04   2.090265e-06   2.923486e-08
 6.554900e+04   2.058307e-06   2.727596e-08
 6.575100e+04   1.973118e-06   2.494967e-08
 6.595300e+04   1.939475e-06   2.589880e-08
 6.615500e+04   1.951956e-06   2.792904e-08
 6.635700e+04   1.973250e-06   2.697538e-08
 6.655900e+04   1.882980e-06   2.686329e-08
 6.676100e+04   1.914016e-06   2.933618e-08
 6.696300e+04   1.824017e-06   2.656230e-08
 6.716500e+04   1.872371e-06   2.511348e-08
 6.736700e+04   1.809439e-06   2.470927e-08
 6.756900e+04   1.810177e-06   2.554475e-08
 6.777100e+04   1.784888e-06   2.307475e-08
 6.797300e+04   1.710046e-06   2.819401e-08
 6.817500e+04   1.728585e-06   2.850235e-08
 6.837700e+04   1.718893e-06   2.684712e-08
 6.857900e+04   1.676818e-06   2.834384e-08
 6.878100e+04   1.682652e-06   2.574661e-08
 6.898300e+04   1.631846e-06   2.238854e-08
 6.918500e+04   1.625852e-06   2.888996e-08
 6.938700e+04   1.596921e-06   2.623443e-08
 6.958900e+04   1.532100e-06   2.067097e-08
 6.979100e+04   1.582552e-06   2.695209e-08
 6.999300e+04   1.545235e-06   2.379161e-08
 7.019500e+04   1.522973e-06   2.570265e-08
 7.039700e+04   1.472668e-06   2.195948e-08
 7.059900e+04   1.450046e-06   2.299441e-08
 7.080100e+04   1.445289e-06   1.930476e-08
 7.100300e+04   1.415898e-06   2.153846e-08
 7.120500e+04   1.369412e-06   2.525330e-08
 7.140700e+04   1.375664e-06   1.955865e-08
 7.160900e+04   1.372334e-06   2.127416e-08
 7.181100e+04   1.314474e-06   2.132991e-08
 7.201300e+04   1.313321e-06   2.280143e-08
 7.221500e+04   1.317606e-06   2.275194e-08
 7.241700e+04   1.259645e-06   2.291404e-08
 7.261900e+04   1.213932e-06   2.041065e-08
 7.282100e+04   1.254328e-06   2.290660e-08
 7.302300e+04   1.212364e-06   2.359726e-08
 7.322500e+04   1.166678e-06   2.210975e-08
 7.342700e+04   1.103856e-06   2.203169e-08
 7.362900e+04   1.087767e-06   1.870990e-08
 7.383100e+04   1.138405e-06   2.250905e-08
 7.403300e+04   1.109738e-06   2.331748e-08
 7.423500e+04   1.133612e-06   2.823691e-08
 7.443700e+04   1.068780e-06   2.457187e-08
 7.463900e+04   1.081205e-06   2.875093e-08
 7.484100e+04   9.563162e-07   1.984267e-08
 7.504300e+04   1.036961e-06   2.348555e-08
 7.524500e+04   1.029025e-06   2.693150e-08
 7.544700e+04   9.529182e-07   2.172690e-08
 7.564900e+04   9.817328e-07   2.403177e-08
 7.585100e+04   9.057505e-07   2.071526e-08
 7.605300e+04   9.461579e-07   2.367866e-08
 7.625500e+04   8.810780e-07   1.929552e-08
 7.645700e+04   8.721732e-07   2.093465e-08
 7.665900e+04   8.779722e-07   1.922611e-08
 7.686100e+04   8.394955e-07   1.561879e-08
 7.706300e+04   8.873618e-07   2.532174e-08
 7.726500e+04   8.439356e-07   2.170264e-08
 7.746700e+04   7.930226e-07   1.724900e-08
 7.766900e+04   7.655492e-07   1.783296e-08
 7.787100e+04   7.306202e-07   1.541906e-08
 7.807300e+04   7.303559e-07   2.111429e-08
 7.827500e+04   7.273544e-07   1.656658e-08
 7.847700e+04   6.622346e-07   1.722323e-08
 7.867900e+04   6.213304e-07   1.291593e-08
 7.888100e+04   6.194442e-07   1.542952e-08
 7.908300e+04   5.669554e-07   1.576650e-08
 7.928500e+04   4.955269e-07   1.356231e-08
 7.948700e+04   4.450360e-07   1.063886e-08
 7.968900e+04   4.037708e-07   8.982193e-09
 7.989100e+04   3.722815e-07   1.093933e-08
 8.009300e+04   3.231631e-07   8.100816e-09
 8.029500e+04   2.849199e-07   7.585376e-09
 8.049700e+04   2.220133e-07   5.395840e-09
 8.069900e+04   1.806009e-07   5.003672e-09
 8.090100e+04   1.251862e-07   3.434271e-09
 8.110300e+04   8.781102e-08   4.372247e-09
 8.130500e+04   2.619747e-08   1.246409e-09
 8.150700e+04   2.704554e-11   3.024648e-12
 8.170900e+04   0.000000e+00   0.000000e+00
 8.191100e+04   0.000000e+00   0.000000e+00
 8.211300e+04   0.000000e+00   0.000000e+00
 8.231500e+04   0.000000e+00   0.000000e+00
 8.251700e+04   0.000000e+00   0.000000e+00
 8.271900e+04   0.000000e+00   0.000000e+00
 8.292100e+04   0.000000e+00   0.000000e+00
 8.312300e+04   0.000000e+00   0.000000e+00
 8.332500e+04   0.000000e+00   0.000000e+00
 8.352700e+04   0.000000e+00   0.000000e+00
 8.372900e+04   0.000000e+00   0.000000e+00
 8.393100e+04   0.000000e+00   0.000000e+00
 8.413300e+04   0.000000e+00   0.000000e+00
 8.433500e+04   0.000000e+00   0.000000e+00
 8.453700e+04   0.000000e+00   0.000000e+00
 8.473900e+04   0.000000e+00   0.000000e+00
 8.494100e+04   0.000000e+00   0.000000e+00
 8.514300e+04   0.000000e+00   0.000000e+00
 8.534500e+04   0.000000e+00   0.000000e+00
 8.554700e+04   0.000000e+00   0.000000e+00
 8.574900e+04   0.000000e+00   0.000000e+00
 8.595100e+04   0.000000e+00   0.000000e+00
 8.615300e+04   0.000000e+00   0.000000e+00
 8.635500e+04   0.000000e+00   0.000000e+00
 8.655700e+04   0.000000e+00   0.000000e+00
 8.675900e+04   0.000000e+00   0.000000e+00
 8.696100e+04   0.000000e+00   0.000000e+00
 8.716300e+04   0.000000e+00   0.000000e+00
 8.736500e+04   0.000000e+00   0.000000e+00
 8.756700e+04   0.000000e+00   0.000000e+00
 8.776900e+04   0.000000e+00   0.000000e+00
 8.797100e+04   0.000000e+00   0.000000e+00
 8.817300e+04   0.000000e+00   0.000000e+00
 8.837500e+04   0.000000e+00   0.000000e+00
 8.857700e+04   0.000000e+00   0.000000e+00
 8.877900e+04   0.000000e+00   0.000000e+00
 8.898100e+04   0.000000e+00   0.000000e+00
 8.918300e+04   0.000000e+00   0.000000e+00
 8.938500e+04   0.000000e+00   0.000000e+00
 8.958700e+04   0.000000e+00   0.000000e+00
 8.978900e+04   0.000000e+00   0.000000e+00
 8.999100e+04   0.000000e+00   0.000000e+00
 9.019300e+04   0.000000e+00   0.000000e+00
 9.039500e+04   0.000000e+00   0.000000e+00
 9.059700e+04   0.000000e+00   0.000000e+00
 9.079900e+04   0.000000e+00   0.000000e+00
 9.100100e+04   0.000000e+00   0.000000e+00
 9.120300e+04   0.000000e+00   0.000000e+00
 9.140500e+04   0.000000e+00   0.000000e+00
 9.160700e+04   0.000000e+00   0.000000e+00
 9.180900e+04   0.000000e+00   0.000000e+00
 9.201100e+04   0.000000e+00   0.000000e+00
 9.221300e+04   0.000000e+00   0.000000e+00
 9.241500e+04   0.000000e+00   0.000000e+00
 9.261700e+04   0.000000e+00   0.000000e+00
 9.281900e+04   0.000000e+00   0.000000e+00
 9.302100e+04   0.000000e+00   0.000000e+00
 9.322300e+04   0.000000e+00   0.000000e+00
 9.342500e+04   0.000000e+00   0.000000e+00
 9.362700e+04   0.000000e+00   0.000000e+00
 9.382900e+04   0.000000e+00   0.000000e+00
 9.403100e+04   0.000000e+00   0.000000e+00
 9.423300e+04   0.000000e+00   0.000000e+00
 9.443500e+04   0.000000e+00   0.000000e+00
 9.463700e+04   0.000000e+00   0.000000e+00
 9.483900e+04   0.000000e+00   0.000000e+00
 9.504100e+04   0.000000e+00   0.000000e+00
 9.524300e+04   0.000000e+00   0.000000e+00
 9.544500e+04   0.000000e+00   0.000000e+00
 9.564700e+04   0.000000e+00   0.000000e+00
 9.584900e+04   0.000000e+00   0.000000e+00
 9.605100e+04   0.000000e+00   0.000000e+00
 9.625300e+04   0.000000e+00   0.000000e+00
 9.645500e+04   0.000000e+00   0.000000e+00
 9.665700e+04   0.000000e+00   0.000000e+00
 9.685900e+04   0.000000e+00   0.000000e+00
 9.706100e+04   0.000000e+00   0.000000e+00
 9.726300e+04   0.000000e+00   0.000000e+00
 9.746500e+04   0.000000e+00   0.000000e+00
 9.766700e+04   0.000000e+00   0.000000e+00
 9.786900e+04   0.000000e+00   0.000000e+00
 9.807100e+04   0.000000e+00   0.000000e+00
 9.827300e+04   0.000000e+00   0.000000e+00
 9.847500e+04   0.000000e+00   0.000000e+00
 9.867700e+04   0.000000e+00   0.000000e+00
 9.887900e+04   0.000000e+00   0.000000e+00
 9.908100e+04   0.000000e+00   0.000000e+00
 9.928300e+04   0.000000e+00   0.000000e+00
 9.948500e+04   0.000000e+00   0.000000e+00
 9.968700e+04   0.000000e+00   0.000000e+00
 9.988900e+04   0.000000e+00   0.000000e+00
 1.000910e+05   0.000000e+00   0.000000e+00
 1.002930e+05   0.000000e+00   0.000000e+00
 1.004950e+05   0.000000e+00   0.000000e+00
 1.006970e+05   0.000000e+00   0.000000e+00
 1.008990e+05   0.000000e+00   0.000000e+00
 inf   0.000000e+00   0.000000e+00
