phi5_lab bin centers    value    Error 
-inf   0.000000e+00   0.000000e+00
-3.135309e+03   0.000000e+00   0.000000e+00
-3.122743e+03   0.000000e+00   0.000000e+00
-3.110177e+03   0.000000e+00   0.000000e+00
-3.097610e+03   0.000000e+00   0.000000e+00
-3.085044e+03   0.000000e+00   0.000000e+00
-3.072478e+03   0.000000e+00   0.000000e+00
-3.059911e+03   0.000000e+00   0.000000e+00
-3.047345e+03   0.000000e+00   0.000000e+00
-3.034779e+03   0.000000e+00   0.000000e+00
-3.022212e+03   0.000000e+00   0.000000e+00
-3.009646e+03   0.000000e+00   0.000000e+00
-2.997079e+03   0.000000e+00   0.000000e+00
-2.984513e+03   0.000000e+00   0.000000e+00
-2.971947e+03   0.000000e+00   0.000000e+00
-2.959380e+03   0.000000e+00   0.000000e+00
-2.946814e+03   0.000000e+00   0.000000e+00
-2.934248e+03   0.000000e+00   0.000000e+00
-2.921681e+03   0.000000e+00   0.000000e+00
-2.909115e+03   0.000000e+00   0.000000e+00
-2.896548e+03   0.000000e+00   0.000000e+00
-2.883982e+03   0.000000e+00   0.000000e+00
-2.871416e+03   0.000000e+00   0.000000e+00
-2.858849e+03   0.000000e+00   0.000000e+00
-2.846283e+03   0.000000e+00   0.000000e+00
-2.833717e+03   0.000000e+00   0.000000e+00
-2.821150e+03   0.000000e+00   0.000000e+00
-2.808584e+03   0.000000e+00   0.000000e+00
-2.796017e+03   0.000000e+00   0.000000e+00
-2.783451e+03   0.000000e+00   0.000000e+00
-2.770885e+03   0.000000e+00   0.000000e+00
-2.758318e+03   0.000000e+00   0.000000e+00
-2.745752e+03   0.000000e+00   0.000000e+00
-2.733186e+03   0.000000e+00   0.000000e+00
-2.720619e+03   0.000000e+00   0.000000e+00
-2.708053e+03   0.000000e+00   0.000000e+00
-2.695486e+03   0.000000e+00   0.000000e+00
-2.682920e+03   0.000000e+00   0.000000e+00
-2.670354e+03   0.000000e+00   0.000000e+00
-2.657787e+03   0.000000e+00   0.000000e+00
-2.645221e+03   0.000000e+00   0.000000e+00
-2.632655e+03   0.000000e+00   0.000000e+00
-2.620088e+03   0.000000e+00   0.000000e+00
-2.607522e+03   0.000000e+00   0.000000e+00
-2.594956e+03   0.000000e+00   0.000000e+00
-2.582389e+03   0.000000e+00   0.000000e+00
-2.569823e+03   0.000000e+00   0.000000e+00
-2.557256e+03   0.000000e+00   0.000000e+00
-2.544690e+03   0.000000e+00   0.000000e+00
-2.532124e+03   0.000000e+00   0.000000e+00
-2.519557e+03   0.000000e+00   0.000000e+00
-2.506991e+03   0.000000e+00   0.000000e+00
-2.494425e+03   0.000000e+00   0.000000e+00
-2.481858e+03   0.000000e+00   0.000000e+00
-2.469292e+03   0.000000e+00   0.000000e+00
-2.456725e+03   0.000000e+00   0.000000e+00
-2.444159e+03   0.000000e+00   0.000000e+00
-2.431593e+03   0.000000e+00   0.000000e+00
-2.419026e+03   0.000000e+00   0.000000e+00
-2.406460e+03   0.000000e+00   0.000000e+00
-2.393894e+03   0.000000e+00   0.000000e+00
-2.381327e+03   0.000000e+00   0.000000e+00
-2.368761e+03   0.000000e+00   0.000000e+00
-2.356194e+03   0.000000e+00   0.000000e+00
-2.343628e+03   0.000000e+00   0.000000e+00
-2.331062e+03   0.000000e+00   0.000000e+00
-2.318495e+03   0.000000e+00   0.000000e+00
-2.305929e+03   0.000000e+00   0.000000e+00
-2.293363e+03   0.000000e+00   0.000000e+00
-2.280796e+03   0.000000e+00   0.000000e+00
-2.268230e+03   0.000000e+00   0.000000e+00
-2.255664e+03   0.000000e+00   0.000000e+00
-2.243097e+03   0.000000e+00   0.000000e+00
-2.230531e+03   0.000000e+00   0.000000e+00
-2.217964e+03   0.000000e+00   0.000000e+00
-2.205398e+03   0.000000e+00   0.000000e+00
-2.192832e+03   0.000000e+00   0.000000e+00
-2.180265e+03   0.000000e+00   0.000000e+00
-2.167699e+03   0.000000e+00   0.000000e+00
-2.155133e+03   0.000000e+00   0.000000e+00
-2.142566e+03   0.000000e+00   0.000000e+00
-2.130000e+03   0.000000e+00   0.000000e+00
-2.117433e+03   0.000000e+00   0.000000e+00
-2.104867e+03   0.000000e+00   0.000000e+00
-2.092301e+03   0.000000e+00   0.000000e+00
-2.079734e+03   0.000000e+00   0.000000e+00
-2.067168e+03   0.000000e+00   0.000000e+00
-2.054602e+03   0.000000e+00   0.000000e+00
-2.042035e+03   0.000000e+00   0.000000e+00
-2.029469e+03   0.000000e+00   0.000000e+00
-2.016902e+03   0.000000e+00   0.000000e+00
-2.004336e+03   0.000000e+00   0.000000e+00
-1.991770e+03   0.000000e+00   0.000000e+00
-1.979203e+03   0.000000e+00   0.000000e+00
-1.966637e+03   0.000000e+00   0.000000e+00
-1.954071e+03   0.000000e+00   0.000000e+00
-1.941504e+03   0.000000e+00   0.000000e+00
-1.928938e+03   0.000000e+00   0.000000e+00
-1.916372e+03   0.000000e+00   0.000000e+00
-1.903805e+03   0.000000e+00   0.000000e+00
-1.891239e+03   0.000000e+00   0.000000e+00
-1.878672e+03   0.000000e+00   0.000000e+00
-1.866106e+03   0.000000e+00   0.000000e+00
-1.853540e+03   0.000000e+00   0.000000e+00
-1.840973e+03   0.000000e+00   0.000000e+00
-1.828407e+03   0.000000e+00   0.000000e+00
-1.815841e+03   0.000000e+00   0.000000e+00
-1.803274e+03   0.000000e+00   0.000000e+00
-1.790708e+03   0.000000e+00   0.000000e+00
-1.778141e+03   0.000000e+00   0.000000e+00
-1.765575e+03   0.000000e+00   0.000000e+00
-1.753009e+03   0.000000e+00   0.000000e+00
-1.740442e+03   0.000000e+00   0.000000e+00
-1.727876e+03   0.000000e+00   0.000000e+00
-1.715310e+03   0.000000e+00   0.000000e+00
-1.702743e+03   0.000000e+00   0.000000e+00
-1.690177e+03   0.000000e+00   0.000000e+00
-1.677610e+03   0.000000e+00   0.000000e+00
-1.665044e+03   0.000000e+00   0.000000e+00
-1.652478e+03   0.000000e+00   0.000000e+00
-1.639911e+03   0.000000e+00   0.000000e+00
-1.627345e+03   0.000000e+00   0.000000e+00
-1.614779e+03   0.000000e+00   0.000000e+00
-1.602212e+03   0.000000e+00   0.000000e+00
-1.589646e+03   0.000000e+00   0.000000e+00
-1.577080e+03   0.000000e+00   0.000000e+00
-1.564513e+03   0.000000e+00   0.000000e+00
-1.551947e+03   0.000000e+00   0.000000e+00
-1.539380e+03   0.000000e+00   0.000000e+00
-1.526814e+03   0.000000e+00   0.000000e+00
-1.514248e+03   0.000000e+00   0.000000e+00
-1.501681e+03   0.000000e+00   0.000000e+00
-1.489115e+03   0.000000e+00   0.000000e+00
-1.476549e+03   0.000000e+00   0.000000e+00
-1.463982e+03   0.000000e+00   0.000000e+00
-1.451416e+03   0.000000e+00   0.000000e+00
-1.438849e+03   0.000000e+00   0.000000e+00
-1.426283e+03   0.000000e+00   0.000000e+00
-1.413717e+03   0.000000e+00   0.000000e+00
-1.401150e+03   0.000000e+00   0.000000e+00
-1.388584e+03   0.000000e+00   0.000000e+00
-1.376018e+03   0.000000e+00   0.000000e+00
-1.363451e+03   0.000000e+00   0.000000e+00
-1.350885e+03   0.000000e+00   0.000000e+00
-1.338318e+03   0.000000e+00   0.000000e+00
-1.325752e+03   0.000000e+00   0.000000e+00
-1.313186e+03   0.000000e+00   0.000000e+00
-1.300619e+03   0.000000e+00   0.000000e+00
-1.288053e+03   0.000000e+00   0.000000e+00
-1.275487e+03   0.000000e+00   0.000000e+00
-1.262920e+03   0.000000e+00   0.000000e+00
-1.250354e+03   0.000000e+00   0.000000e+00
-1.237788e+03   0.000000e+00   0.000000e+00
-1.225221e+03   0.000000e+00   0.000000e+00
-1.212655e+03   0.000000e+00   0.000000e+00
-1.200088e+03   0.000000e+00   0.000000e+00
-1.187522e+03   0.000000e+00   0.000000e+00
-1.174956e+03   0.000000e+00   0.000000e+00
-1.162389e+03   0.000000e+00   0.000000e+00
-1.149823e+03   0.000000e+00   0.000000e+00
-1.137257e+03   0.000000e+00   0.000000e+00
-1.124690e+03   0.000000e+00   0.000000e+00
-1.112124e+03   0.000000e+00   0.000000e+00
-1.099557e+03   0.000000e+00   0.000000e+00
-1.086991e+03   0.000000e+00   0.000000e+00
-1.074425e+03   0.000000e+00   0.000000e+00
-1.061858e+03   0.000000e+00   0.000000e+00
-1.049292e+03   0.000000e+00   0.000000e+00
-1.036726e+03   0.000000e+00   0.000000e+00
-1.024159e+03   0.000000e+00   0.000000e+00
-1.011593e+03   0.000000e+00   0.000000e+00
-9.990265e+02   0.000000e+00   0.000000e+00
-9.864601e+02   0.000000e+00   0.000000e+00
-9.738937e+02   0.000000e+00   0.000000e+00
-9.613274e+02   0.000000e+00   0.000000e+00
-9.487610e+02   0.000000e+00   0.000000e+00
-9.361946e+02   0.000000e+00   0.000000e+00
-9.236282e+02   0.000000e+00   0.000000e+00
-9.110619e+02   0.000000e+00   0.000000e+00
-8.984955e+02   0.000000e+00   0.000000e+00
-8.859291e+02   0.000000e+00   0.000000e+00
-8.733628e+02   0.000000e+00   0.000000e+00
-8.607964e+02   0.000000e+00   0.000000e+00
-8.482300e+02   0.000000e+00   0.000000e+00
-8.356636e+02   0.000000e+00   0.000000e+00
-8.230973e+02   0.000000e+00   0.000000e+00
-8.105309e+02   0.000000e+00   0.000000e+00
-7.979645e+02   0.000000e+00   0.000000e+00
-7.853982e+02   0.000000e+00   0.000000e+00
-7.728318e+02   0.000000e+00   0.000000e+00
-7.602654e+02   0.000000e+00   0.000000e+00
-7.476991e+02   0.000000e+00   0.000000e+00
-7.351327e+02   0.000000e+00   0.000000e+00
-7.225663e+02   0.000000e+00   0.000000e+00
-7.099999e+02   0.000000e+00   0.000000e+00
-6.974336e+02   0.000000e+00   0.000000e+00
-6.848672e+02   0.000000e+00   0.000000e+00
-6.723008e+02   0.000000e+00   0.000000e+00
-6.597345e+02   0.000000e+00   0.000000e+00
-6.471681e+02   0.000000e+00   0.000000e+00
-6.346017e+02   0.000000e+00   0.000000e+00
-6.220353e+02   0.000000e+00   0.000000e+00
-6.094690e+02   0.000000e+00   0.000000e+00
-5.969026e+02   0.000000e+00   0.000000e+00
-5.843362e+02   0.000000e+00   0.000000e+00
-5.717699e+02   0.000000e+00   0.000000e+00
-5.592035e+02   0.000000e+00   0.000000e+00
-5.466371e+02   0.000000e+00   0.000000e+00
-5.340708e+02   0.000000e+00   0.000000e+00
-5.215044e+02   0.000000e+00   0.000000e+00
-5.089380e+02   0.000000e+00   0.000000e+00
-4.963716e+02   0.000000e+00   0.000000e+00
-4.838053e+02   0.000000e+00   0.000000e+00
-4.712389e+02   0.000000e+00   0.000000e+00
-4.586725e+02   0.000000e+00   0.000000e+00
-4.461062e+02   0.000000e+00   0.000000e+00
-4.335398e+02   0.000000e+00   0.000000e+00
-4.209734e+02   0.000000e+00   0.000000e+00
-4.084070e+02   0.000000e+00   0.000000e+00
-3.958407e+02   0.000000e+00   0.000000e+00
-3.832743e+02   0.000000e+00   0.000000e+00
-3.707079e+02   0.000000e+00   0.000000e+00
-3.581416e+02   0.000000e+00   0.000000e+00
-3.455752e+02   0.000000e+00   0.000000e+00
-3.330088e+02   0.000000e+00   0.000000e+00
-3.204425e+02   0.000000e+00   0.000000e+00
-3.078761e+02   0.000000e+00   0.000000e+00
-2.953097e+02   0.000000e+00   0.000000e+00
-2.827433e+02   0.000000e+00   0.000000e+00
-2.701770e+02   0.000000e+00   0.000000e+00
-2.576106e+02   0.000000e+00   0.000000e+00
-2.450442e+02   0.000000e+00   0.000000e+00
-2.324779e+02   0.000000e+00   0.000000e+00
-2.199115e+02   0.000000e+00   0.000000e+00
-2.073451e+02   0.000000e+00   0.000000e+00
-1.947787e+02   0.000000e+00   0.000000e+00
-1.822124e+02   0.000000e+00   0.000000e+00
-1.696460e+02   0.000000e+00   0.000000e+00
-1.570796e+02   0.000000e+00   0.000000e+00
-1.445133e+02   0.000000e+00   0.000000e+00
-1.319469e+02   0.000000e+00   0.000000e+00
-1.193805e+02   0.000000e+00   0.000000e+00
-1.068142e+02   0.000000e+00   0.000000e+00
-9.424778e+01   0.000000e+00   0.000000e+00
-8.168141e+01   0.000000e+00   0.000000e+00
-6.911504e+01   0.000000e+00   0.000000e+00
-5.654867e+01   0.000000e+00   0.000000e+00
-4.398230e+01   0.000000e+00   0.000000e+00
-3.141593e+01   0.000000e+00   0.000000e+00
-1.884956e+01   0.000000e+00   0.000000e+00
-6.283185e+00   3.689637e-03   1.533327e-03
 6.283185e+00   4.895203e-03   1.791132e-03
 1.884956e+01   0.000000e+00   0.000000e+00
 3.141593e+01   0.000000e+00   0.000000e+00
 4.398230e+01   0.000000e+00   0.000000e+00
 5.654867e+01   0.000000e+00   0.000000e+00
 6.911504e+01   0.000000e+00   0.000000e+00
 8.168141e+01   0.000000e+00   0.000000e+00
 9.424778e+01   0.000000e+00   0.000000e+00
 1.068142e+02   0.000000e+00   0.000000e+00
 1.193805e+02   0.000000e+00   0.000000e+00
 1.319469e+02   0.000000e+00   0.000000e+00
 1.445133e+02   0.000000e+00   0.000000e+00
 1.570796e+02   0.000000e+00   0.000000e+00
 1.696460e+02   0.000000e+00   0.000000e+00
 1.822124e+02   0.000000e+00   0.000000e+00
 1.947787e+02   0.000000e+00   0.000000e+00
 2.073451e+02   0.000000e+00   0.000000e+00
 2.199115e+02   0.000000e+00   0.000000e+00
 2.324779e+02   0.000000e+00   0.000000e+00
 2.450442e+02   0.000000e+00   0.000000e+00
 2.576106e+02   0.000000e+00   0.000000e+00
 2.701770e+02   0.000000e+00   0.000000e+00
 2.827433e+02   0.000000e+00   0.000000e+00
 2.953097e+02   0.000000e+00   0.000000e+00
 3.078761e+02   0.000000e+00   0.000000e+00
 3.204425e+02   0.000000e+00   0.000000e+00
 3.330088e+02   0.000000e+00   0.000000e+00
 3.455752e+02   0.000000e+00   0.000000e+00
 3.581416e+02   0.000000e+00   0.000000e+00
 3.707079e+02   0.000000e+00   0.000000e+00
 3.832743e+02   0.000000e+00   0.000000e+00
 3.958407e+02   0.000000e+00   0.000000e+00
 4.084070e+02   0.000000e+00   0.000000e+00
 4.209734e+02   0.000000e+00   0.000000e+00
 4.335398e+02   0.000000e+00   0.000000e+00
 4.461062e+02   0.000000e+00   0.000000e+00
 4.586725e+02   0.000000e+00   0.000000e+00
 4.712389e+02   0.000000e+00   0.000000e+00
 4.838053e+02   0.000000e+00   0.000000e+00
 4.963716e+02   0.000000e+00   0.000000e+00
 5.089380e+02   0.000000e+00   0.000000e+00
 5.215044e+02   0.000000e+00   0.000000e+00
 5.340708e+02   0.000000e+00   0.000000e+00
 5.466371e+02   0.000000e+00   0.000000e+00
 5.592035e+02   0.000000e+00   0.000000e+00
 5.717699e+02   0.000000e+00   0.000000e+00
 5.843362e+02   0.000000e+00   0.000000e+00
 5.969026e+02   0.000000e+00   0.000000e+00
 6.094690e+02   0.000000e+00   0.000000e+00
 6.220353e+02   0.000000e+00   0.000000e+00
 6.346017e+02   0.000000e+00   0.000000e+00
 6.471681e+02   0.000000e+00   0.000000e+00
 6.597345e+02   0.000000e+00   0.000000e+00
 6.723008e+02   0.000000e+00   0.000000e+00
 6.848672e+02   0.000000e+00   0.000000e+00
 6.974336e+02   0.000000e+00   0.000000e+00
 7.099999e+02   0.000000e+00   0.000000e+00
 7.225663e+02   0.000000e+00   0.000000e+00
 7.351327e+02   0.000000e+00   0.000000e+00
 7.476991e+02   0.000000e+00   0.000000e+00
 7.602654e+02   0.000000e+00   0.000000e+00
 7.728318e+02   0.000000e+00   0.000000e+00
 7.853982e+02   0.000000e+00   0.000000e+00
 7.979645e+02   0.000000e+00   0.000000e+00
 8.105309e+02   0.000000e+00   0.000000e+00
 8.230973e+02   0.000000e+00   0.000000e+00
 8.356636e+02   0.000000e+00   0.000000e+00
 8.482300e+02   0.000000e+00   0.000000e+00
 8.607964e+02   0.000000e+00   0.000000e+00
 8.733628e+02   0.000000e+00   0.000000e+00
 8.859291e+02   0.000000e+00   0.000000e+00
 8.984955e+02   0.000000e+00   0.000000e+00
 9.110619e+02   0.000000e+00   0.000000e+00
 9.236282e+02   0.000000e+00   0.000000e+00
 9.361946e+02   0.000000e+00   0.000000e+00
 9.487610e+02   0.000000e+00   0.000000e+00
 9.613274e+02   0.000000e+00   0.000000e+00
 9.738937e+02   0.000000e+00   0.000000e+00
 9.864601e+02   0.000000e+00   0.000000e+00
 9.990265e+02   0.000000e+00   0.000000e+00
 1.011593e+03   0.000000e+00   0.000000e+00
 1.024159e+03   0.000000e+00   0.000000e+00
 1.036726e+03   0.000000e+00   0.000000e+00
 1.049292e+03   0.000000e+00   0.000000e+00
 1.061858e+03   0.000000e+00   0.000000e+00
 1.074425e+03   0.000000e+00   0.000000e+00
 1.086991e+03   0.000000e+00   0.000000e+00
 1.099557e+03   0.000000e+00   0.000000e+00
 1.112124e+03   0.000000e+00   0.000000e+00
 1.124690e+03   0.000000e+00   0.000000e+00
 1.137257e+03   0.000000e+00   0.000000e+00
 1.149823e+03   0.000000e+00   0.000000e+00
 1.162389e+03   0.000000e+00   0.000000e+00
 1.174956e+03   0.000000e+00   0.000000e+00
 1.187522e+03   0.000000e+00   0.000000e+00
 1.200088e+03   0.000000e+00   0.000000e+00
 1.212655e+03   0.000000e+00   0.000000e+00
 1.225221e+03   0.000000e+00   0.000000e+00
 1.237788e+03   0.000000e+00   0.000000e+00
 1.250354e+03   0.000000e+00   0.000000e+00
 1.262920e+03   0.000000e+00   0.000000e+00
 1.275487e+03   0.000000e+00   0.000000e+00
 1.288053e+03   0.000000e+00   0.000000e+00
 1.300619e+03   0.000000e+00   0.000000e+00
 1.313186e+03   0.000000e+00   0.000000e+00
 1.325752e+03   0.000000e+00   0.000000e+00
 1.338318e+03   0.000000e+00   0.000000e+00
 1.350885e+03   0.000000e+00   0.000000e+00
 1.363451e+03   0.000000e+00   0.000000e+00
 1.376018e+03   0.000000e+00   0.000000e+00
 1.388584e+03   0.000000e+00   0.000000e+00
 1.401150e+03   0.000000e+00   0.000000e+00
 1.413717e+03   0.000000e+00   0.000000e+00
 1.426283e+03   0.000000e+00   0.000000e+00
 1.438849e+03   0.000000e+00   0.000000e+00
 1.451416e+03   0.000000e+00   0.000000e+00
 1.463982e+03   0.000000e+00   0.000000e+00
 1.476549e+03   0.000000e+00   0.000000e+00
 1.489115e+03   0.000000e+00   0.000000e+00
 1.501681e+03   0.000000e+00   0.000000e+00
 1.514248e+03   0.000000e+00   0.000000e+00
 1.526814e+03   0.000000e+00   0.000000e+00
 1.539380e+03   0.000000e+00   0.000000e+00
 1.551947e+03   0.000000e+00   0.000000e+00
 1.564513e+03   0.000000e+00   0.000000e+00
 1.577080e+03   0.000000e+00   0.000000e+00
 1.589646e+03   0.000000e+00   0.000000e+00
 1.602212e+03   0.000000e+00   0.000000e+00
 1.614779e+03   0.000000e+00   0.000000e+00
 1.627345e+03   0.000000e+00   0.000000e+00
 1.639911e+03   0.000000e+00   0.000000e+00
 1.652478e+03   0.000000e+00   0.000000e+00
 1.665044e+03   0.000000e+00   0.000000e+00
 1.677610e+03   0.000000e+00   0.000000e+00
 1.690177e+03   0.000000e+00   0.000000e+00
 1.702743e+03   0.000000e+00   0.000000e+00
 1.715310e+03   0.000000e+00   0.000000e+00
 1.727876e+03   0.000000e+00   0.000000e+00
 1.740442e+03   0.000000e+00   0.000000e+00
 1.753009e+03   0.000000e+00   0.000000e+00
 1.765575e+03   0.000000e+00   0.000000e+00
 1.778141e+03   0.000000e+00   0.000000e+00
 1.790708e+03   0.000000e+00   0.000000e+00
 1.803274e+03   0.000000e+00   0.000000e+00
 1.815841e+03   0.000000e+00   0.000000e+00
 1.828407e+03   0.000000e+00   0.000000e+00
 1.840973e+03   0.000000e+00   0.000000e+00
 1.853540e+03   0.000000e+00   0.000000e+00
 1.866106e+03   0.000000e+00   0.000000e+00
 1.878672e+03   0.000000e+00   0.000000e+00
 1.891239e+03   0.000000e+00   0.000000e+00
 1.903805e+03   0.000000e+00   0.000000e+00
 1.916372e+03   0.000000e+00   0.000000e+00
 1.928938e+03   0.000000e+00   0.000000e+00
 1.941504e+03   0.000000e+00   0.000000e+00
 1.954071e+03   0.000000e+00   0.000000e+00
 1.966637e+03   0.000000e+00   0.000000e+00
 1.979203e+03   0.000000e+00   0.000000e+00
 1.991770e+03   0.000000e+00   0.000000e+00
 2.004336e+03   0.000000e+00   0.000000e+00
 2.016902e+03   0.000000e+00   0.000000e+00
 2.029469e+03   0.000000e+00   0.000000e+00
 2.042035e+03   0.000000e+00   0.000000e+00
 2.054602e+03   0.000000e+00   0.000000e+00
 2.067168e+03   0.000000e+00   0.000000e+00
 2.079734e+03   0.000000e+00   0.000000e+00
 2.092301e+03   0.000000e+00   0.000000e+00
 2.104867e+03   0.000000e+00   0.000000e+00
 2.117433e+03   0.000000e+00   0.000000e+00
 2.130000e+03   0.000000e+00   0.000000e+00
 2.142566e+03   0.000000e+00   0.000000e+00
 2.155133e+03   0.000000e+00   0.000000e+00
 2.167699e+03   0.000000e+00   0.000000e+00
 2.180265e+03   0.000000e+00   0.000000e+00
 2.192832e+03   0.000000e+00   0.000000e+00
 2.205398e+03   0.000000e+00   0.000000e+00
 2.217964e+03   0.000000e+00   0.000000e+00
 2.230531e+03   0.000000e+00   0.000000e+00
 2.243097e+03   0.000000e+00   0.000000e+00
 2.255664e+03   0.000000e+00   0.000000e+00
 2.268230e+03   0.000000e+00   0.000000e+00
 2.280796e+03   0.000000e+00   0.000000e+00
 2.293363e+03   0.000000e+00   0.000000e+00
 2.305929e+03   0.000000e+00   0.000000e+00
 2.318495e+03   0.000000e+00   0.000000e+00
 2.331062e+03   0.000000e+00   0.000000e+00
 2.343628e+03   0.000000e+00   0.000000e+00
 2.356194e+03   0.000000e+00   0.000000e+00
 2.368761e+03   0.000000e+00   0.000000e+00
 2.381327e+03   0.000000e+00   0.000000e+00
 2.393894e+03   0.000000e+00   0.000000e+00
 2.406460e+03   0.000000e+00   0.000000e+00
 2.419026e+03   0.000000e+00   0.000000e+00
 2.431593e+03   0.000000e+00   0.000000e+00
 2.444159e+03   0.000000e+00   0.000000e+00
 2.456725e+03   0.000000e+00   0.000000e+00
 2.469292e+03   0.000000e+00   0.000000e+00
 2.481858e+03   0.000000e+00   0.000000e+00
 2.494425e+03   0.000000e+00   0.000000e+00
 2.506991e+03   0.000000e+00   0.000000e+00
 2.519557e+03   0.000000e+00   0.000000e+00
 2.532124e+03   0.000000e+00   0.000000e+00
 2.544690e+03   0.000000e+00   0.000000e+00
 2.557256e+03   0.000000e+00   0.000000e+00
 2.569823e+03   0.000000e+00   0.000000e+00
 2.582389e+03   0.000000e+00   0.000000e+00
 2.594956e+03   0.000000e+00   0.000000e+00
 2.607522e+03   0.000000e+00   0.000000e+00
 2.620088e+03   0.000000e+00   0.000000e+00
 2.632655e+03   0.000000e+00   0.000000e+00
 2.645221e+03   0.000000e+00   0.000000e+00
 2.657787e+03   0.000000e+00   0.000000e+00
 2.670354e+03   0.000000e+00   0.000000e+00
 2.682920e+03   0.000000e+00   0.000000e+00
 2.695486e+03   0.000000e+00   0.000000e+00
 2.708053e+03   0.000000e+00   0.000000e+00
 2.720619e+03   0.000000e+00   0.000000e+00
 2.733186e+03   0.000000e+00   0.000000e+00
 2.745752e+03   0.000000e+00   0.000000e+00
 2.758318e+03   0.000000e+00   0.000000e+00
 2.770885e+03   0.000000e+00   0.000000e+00
 2.783451e+03   0.000000e+00   0.000000e+00
 2.796017e+03   0.000000e+00   0.000000e+00
 2.808584e+03   0.000000e+00   0.000000e+00
 2.821150e+03   0.000000e+00   0.000000e+00
 2.833717e+03   0.000000e+00   0.000000e+00
 2.846283e+03   0.000000e+00   0.000000e+00
 2.858849e+03   0.000000e+00   0.000000e+00
 2.871416e+03   0.000000e+00   0.000000e+00
 2.883982e+03   0.000000e+00   0.000000e+00
 2.896548e+03   0.000000e+00   0.000000e+00
 2.909115e+03   0.000000e+00   0.000000e+00
 2.921681e+03   0.000000e+00   0.000000e+00
 2.934248e+03   0.000000e+00   0.000000e+00
 2.946814e+03   0.000000e+00   0.000000e+00
 2.959380e+03   0.000000e+00   0.000000e+00
 2.971947e+03   0.000000e+00   0.000000e+00
 2.984513e+03   0.000000e+00   0.000000e+00
 2.997079e+03   0.000000e+00   0.000000e+00
 3.009646e+03   0.000000e+00   0.000000e+00
 3.022212e+03   0.000000e+00   0.000000e+00
 3.034779e+03   0.000000e+00   0.000000e+00
 3.047345e+03   0.000000e+00   0.000000e+00
 3.059911e+03   0.000000e+00   0.000000e+00
 3.072478e+03   0.000000e+00   0.000000e+00
 3.085044e+03   0.000000e+00   0.000000e+00
 3.097610e+03   0.000000e+00   0.000000e+00
 3.110177e+03   0.000000e+00   0.000000e+00
 3.122743e+03   0.000000e+00   0.000000e+00
 3.135309e+03   0.000000e+00   0.000000e+00
 inf   0.000000e+00   0.000000e+00
