Q2_lab bin centers    value    Error 
-inf   0.000000e+00   0.000000e+00
 1.009990e+02   0.000000e+00   0.000000e+00
 3.009970e+02   0.000000e+00   0.000000e+00
 5.009950e+02   0.000000e+00   0.000000e+00
 7.009930e+02   0.000000e+00   0.000000e+00
 9.009910e+02   1.291168e-05   2.085684e-08
 1.100989e+03   2.233207e-03   1.509705e-07
 1.300987e+03   1.663284e-03   1.595540e-07
 1.500985e+03   1.288253e-03   1.533173e-07
 1.700983e+03   1.029906e-03   1.484475e-07
 1.900981e+03   8.436247e-04   1.490265e-07
 2.100979e+03   7.055542e-04   1.491291e-07
 2.300977e+03   5.995198e-04   1.286648e-07
 2.500975e+03   5.167876e-04   1.165064e-07
 2.700973e+03   4.505342e-04   1.325162e-07
 2.900971e+03   3.965771e-04   1.272683e-07
 3.100969e+03   3.521902e-04   1.149052e-07
 3.300967e+03   3.152026e-04   1.314183e-07
 3.500965e+03   2.837781e-04   1.155157e-07
 3.700963e+03   2.573790e-04   1.103639e-07
 3.900961e+03   2.343395e-04   9.806999e-08
 4.100959e+03   2.144854e-04   1.009366e-07
 4.300957e+03   1.971457e-04   1.022781e-07
 4.500955e+03   1.819153e-04   8.761039e-08
 4.700953e+03   1.685327e-04   1.030654e-07
 4.900951e+03   1.565253e-04   9.951176e-08
 5.100949e+03   1.459227e-04   9.354529e-08
 5.300947e+03   1.361626e-04   1.007351e-07
 5.500945e+03   1.277258e-04   8.893889e-08
 5.700943e+03   1.199442e-04   1.058674e-07
 5.900941e+03   1.128174e-04   9.654942e-08
 6.100939e+03   1.063510e-04   8.328005e-08
 6.300937e+03   1.007046e-04   9.666331e-08
 6.500935e+03   9.511600e-05   9.150592e-08
 6.700933e+03   9.032721e-05   9.756245e-08
 6.900931e+03   8.564589e-05   1.107677e-07
 7.100929e+03   8.141596e-05   8.718891e-08
 7.300927e+03   7.762093e-05   1.034074e-07
 7.500925e+03   7.417651e-05   1.005162e-07
 7.700923e+03   7.071695e-05   9.272024e-08
 7.900921e+03   6.763703e-05   9.098647e-08
 8.100919e+03   6.482464e-05   1.461767e-07
 8.300917e+03   6.199568e-05   1.600379e-07
 8.500915e+03   5.917344e-05   1.254874e-07
 8.700913e+03   5.694162e-05   1.126185e-07
 8.900911e+03   5.511437e-05   1.135320e-07
 9.100909e+03   5.263900e-05   1.120491e-07
 9.300907e+03   5.061951e-05   1.269239e-07
 9.500905e+03   4.918557e-05   1.163440e-07
 9.700903e+03   4.719224e-05   1.049148e-07
 9.900901e+03   4.546523e-05   1.109175e-07
 1.010090e+04   4.408894e-05   1.201498e-07
 1.030090e+04   4.254994e-05   1.235885e-07
 1.050090e+04   4.114095e-05   1.346228e-07
 1.070089e+04   3.980070e-05   1.119051e-07
 1.090089e+04   3.851981e-05   1.025630e-07
 1.110089e+04   3.743502e-05   1.039356e-07
 1.130089e+04   3.614262e-05   1.379481e-07
 1.150089e+04   3.508035e-05   1.417197e-07
 1.170088e+04   3.419292e-05   1.553420e-07
 1.190088e+04   3.314498e-05   1.198055e-07
 1.210088e+04   3.219788e-05   1.027797e-07
 1.230088e+04   3.123723e-05   1.302239e-07
 1.250088e+04   3.047118e-05   1.369787e-07
 1.270087e+04   2.932090e-05   1.085884e-07
 1.290087e+04   2.869953e-05   9.750227e-08
 1.310087e+04   2.797977e-05   1.213498e-07
 1.330087e+04   2.721727e-05   1.075254e-07
 1.350086e+04   2.661402e-05   1.405808e-07
 1.370086e+04   2.605555e-05   1.148701e-07
 1.390086e+04   2.527094e-05   9.004462e-08
 1.410086e+04   2.451421e-05   1.073384e-07
 1.430086e+04   2.415825e-05   1.097572e-07
 1.450085e+04   2.332272e-05   1.277503e-07
 1.470085e+04   2.280165e-05   9.112141e-08
 1.490085e+04   2.251257e-05   9.403591e-08
 1.510085e+04   2.191145e-05   9.640935e-08
 1.530085e+04   2.154090e-05   1.115149e-07
 1.550084e+04   2.094430e-05   1.363768e-07
 1.570084e+04   2.044145e-05   1.110014e-07
 1.590084e+04   1.995382e-05   1.027968e-07
 1.610084e+04   1.962918e-05   1.108446e-07
 1.630084e+04   1.916719e-05   1.345940e-07
 1.650083e+04   1.862242e-05   1.605475e-07
 1.670083e+04   1.828435e-05   1.180883e-07
 1.690083e+04   1.804083e-05   1.101954e-07
 1.710083e+04   1.766803e-05   1.335375e-07
 1.730083e+04   1.741319e-05   1.002449e-07
 1.750083e+04   1.697166e-05   1.266751e-07
 1.770082e+04   1.645945e-05   1.015198e-07
 1.790082e+04   1.650921e-05   1.211747e-07
 1.810082e+04   1.593936e-05   1.349705e-07
 1.830082e+04   1.573255e-05   1.325913e-07
 1.850081e+04   1.566848e-05   1.317145e-07
 1.870081e+04   1.497301e-05   1.464530e-07
 1.890081e+04   1.479357e-05   9.792518e-08
 1.910081e+04   1.462731e-05   1.121614e-07
 1.930081e+04   1.432209e-05   9.684140e-08
 1.950081e+04   1.410361e-05   1.711969e-07
 1.970080e+04   1.350832e-05   1.967087e-07
 1.990080e+04   1.350920e-05   1.346142e-07
 2.010080e+04   1.352459e-05   1.347620e-07
 2.030080e+04   1.286338e-05   1.743446e-07
 2.050079e+04   1.304991e-05   1.235229e-07
 2.070079e+04   1.265728e-05   1.088516e-07
 2.090079e+04   1.238860e-05   1.247170e-07
 2.110079e+04   1.253034e-05   1.619307e-07
 2.130079e+04   1.197574e-05   1.110460e-07
 2.150078e+04   1.177675e-05   1.240516e-07
 2.170078e+04   1.158913e-05   1.248602e-07
 2.190078e+04   1.134091e-05   1.451305e-07
 2.210078e+04   1.139199e-05   1.395603e-07
 2.230078e+04   1.120237e-05   1.048062e-07
 2.250078e+04   1.090148e-05   1.575927e-07
 2.270077e+04   1.078872e-05   2.266594e-07
 2.290077e+04   1.045210e-05   2.252578e-07
 2.310077e+04   1.051855e-05   1.434139e-07
 2.330077e+04   1.013738e-05   1.294415e-07
 2.350076e+04   1.049880e-05   1.243902e-07
 2.370076e+04   1.008989e-05   1.666011e-07
 2.390076e+04   1.014315e-05   2.032002e-07
 2.410076e+04   9.646969e-06   1.448783e-07
 2.430076e+04   9.638227e-06   1.842495e-07
 2.450076e+04   9.475783e-06   1.479824e-07
 2.470075e+04   9.195507e-06   1.176287e-07
 2.490075e+04   9.301851e-06   1.281297e-07
 2.510075e+04   9.006953e-06   1.257774e-07
 2.530075e+04   8.876884e-06   1.311331e-07
 2.550074e+04   9.145082e-06   1.834485e-07
 2.570074e+04   7.596698e-06   1.377604e-07
 2.590074e+04   7.861961e-06   1.413814e-07
 2.610074e+04   7.590107e-06   1.267187e-07
 2.630074e+04   6.981245e-06   2.057375e-07
 2.650074e+04   7.105014e-06   1.466888e-07
 2.670073e+04   6.887582e-06   1.280155e-07
 2.690073e+04   6.720108e-06   1.453892e-07
 2.710073e+04   6.440927e-06   1.857921e-07
 2.730073e+04   6.385839e-06   1.691812e-07
 2.750072e+04   6.574518e-06   1.677331e-07
 2.770072e+04   6.095030e-06   1.430248e-07
 2.790072e+04   5.802125e-06   1.751836e-07
 2.810072e+04   5.674461e-06   1.998503e-07
 2.830072e+04   5.548185e-06   1.846932e-07
 2.850072e+04   5.602161e-06   1.710518e-07
 2.870071e+04   5.465807e-06   2.322158e-07
 2.890071e+04   5.618229e-06   2.206417e-07
 2.910071e+04   4.755609e-06   2.126575e-07
 2.930071e+04   4.898684e-06   1.583627e-07
 2.950071e+04   5.154193e-06   1.390728e-07
 2.970070e+04   4.954331e-06   1.179113e-07
 2.990070e+04   4.430737e-06   1.987402e-07
 3.010070e+04   4.675042e-06   1.414137e-07
 3.030070e+04   4.448160e-06   1.557516e-07
 3.050069e+04   4.579984e-06   1.602216e-07
 3.070069e+04   4.399321e-06   1.515897e-07
 3.090069e+04   3.978342e-06   1.912406e-07
 3.110069e+04   4.258590e-06   1.207977e-07
 3.130069e+04   4.055813e-06   1.165546e-07
 3.150069e+04   3.615328e-06   1.618301e-07
 3.170068e+04   4.040525e-06   1.361919e-07
 3.190068e+04   3.954840e-06   2.031659e-07
 3.210068e+04   3.353246e-06   1.822437e-07
 3.230068e+04   3.648128e-06   1.389926e-07
 3.250067e+04   3.808379e-06   1.734564e-07
 3.270067e+04   3.654002e-06   3.098698e-07
 3.290067e+04   3.311024e-06   1.469730e-07
 3.310067e+04   3.330021e-06   1.259618e-07
 3.330067e+04   3.342710e-06   9.799765e-08
 3.350067e+04   3.545303e-06   2.317958e-07
 3.370066e+04   3.182249e-06   1.284145e-07
 3.390066e+04   3.540487e-06   2.461348e-07
 3.410066e+04   2.640233e-06   2.017145e-07
 3.430066e+04   3.245012e-06   1.860820e-07
 3.450065e+04   2.668127e-06   1.342687e-07
 3.470065e+04   2.579942e-06   1.352893e-07
 3.490065e+04   2.528341e-06   6.961271e-08
 3.510065e+04   2.685149e-06   1.176124e-07
 3.530065e+04   2.670556e-06   1.558448e-07
 3.550064e+04   2.450569e-06   1.057240e-07
 3.570064e+04   2.327629e-06   1.310012e-07
 3.590064e+04   2.287433e-06   1.579775e-07
 3.610064e+04   2.182173e-06   1.940792e-07
 3.630064e+04   2.562128e-06   1.895721e-07
 3.650064e+04   2.068824e-06   1.626870e-07
 3.670063e+04   2.110554e-06   1.044568e-07
 3.690063e+04   2.119130e-06   1.310139e-07
 3.710063e+04   1.778476e-06   1.367650e-07
 3.730063e+04   2.079473e-06   1.712866e-07
 3.750062e+04   1.951780e-06   1.297733e-07
 3.770062e+04   1.753247e-06   1.475585e-07
 3.790062e+04   1.600072e-06   1.140203e-07
 3.810062e+04   1.666968e-06   1.554693e-07
 3.830062e+04   1.389590e-06   1.113831e-07
 3.850061e+04   1.300078e-06   1.420938e-07
 3.870061e+04   1.444558e-06   1.265377e-07
 3.890061e+04   1.207224e-06   9.646062e-08
 3.910061e+04   1.144663e-06   1.169442e-07
 3.930061e+04   1.096627e-06   9.978747e-08
 3.950061e+04   8.969914e-07   9.048934e-08
 3.970060e+04   7.770092e-07   1.110924e-07
 3.990060e+04   2.771489e-07   1.209296e-07
 4.010060e+04   0.000000e+00   0.000000e+00
 4.030060e+04   0.000000e+00   0.000000e+00
 4.050060e+04   0.000000e+00   0.000000e+00
 4.070059e+04   0.000000e+00   0.000000e+00
 4.090059e+04   0.000000e+00   0.000000e+00
 4.110059e+04   0.000000e+00   0.000000e+00
 4.130059e+04   0.000000e+00   0.000000e+00
 4.150058e+04   0.000000e+00   0.000000e+00
 4.170058e+04   0.000000e+00   0.000000e+00
 4.190058e+04   0.000000e+00   0.000000e+00
 4.210058e+04   0.000000e+00   0.000000e+00
 4.230058e+04   0.000000e+00   0.000000e+00
 4.250057e+04   0.000000e+00   0.000000e+00
 4.270057e+04   0.000000e+00   0.000000e+00
 4.290057e+04   0.000000e+00   0.000000e+00
 4.310057e+04   0.000000e+00   0.000000e+00
 4.330057e+04   0.000000e+00   0.000000e+00
 4.350057e+04   0.000000e+00   0.000000e+00
 4.370056e+04   0.000000e+00   0.000000e+00
 4.390056e+04   0.000000e+00   0.000000e+00
 4.410056e+04   0.000000e+00   0.000000e+00
 4.430056e+04   0.000000e+00   0.000000e+00
 4.450056e+04   0.000000e+00   0.000000e+00
 4.470055e+04   0.000000e+00   0.000000e+00
 4.490055e+04   0.000000e+00   0.000000e+00
 4.510055e+04   0.000000e+00   0.000000e+00
 4.530055e+04   0.000000e+00   0.000000e+00
 4.550054e+04   0.000000e+00   0.000000e+00
 4.570054e+04   0.000000e+00   0.000000e+00
 4.590054e+04   0.000000e+00   0.000000e+00
 4.610054e+04   0.000000e+00   0.000000e+00
 4.630054e+04   0.000000e+00   0.000000e+00
 4.650054e+04   0.000000e+00   0.000000e+00
 4.670053e+04   0.000000e+00   0.000000e+00
 4.690053e+04   0.000000e+00   0.000000e+00
 4.710053e+04   0.000000e+00   0.000000e+00
 4.730053e+04   0.000000e+00   0.000000e+00
 4.750053e+04   0.000000e+00   0.000000e+00
 4.770052e+04   0.000000e+00   0.000000e+00
 4.790052e+04   0.000000e+00   0.000000e+00
 4.810052e+04   0.000000e+00   0.000000e+00
 4.830052e+04   0.000000e+00   0.000000e+00
 4.850051e+04   0.000000e+00   0.000000e+00
 4.870051e+04   0.000000e+00   0.000000e+00
 4.890051e+04   0.000000e+00   0.000000e+00
 4.910051e+04   0.000000e+00   0.000000e+00
 4.930051e+04   0.000000e+00   0.000000e+00
 4.950050e+04   0.000000e+00   0.000000e+00
 4.970050e+04   0.000000e+00   0.000000e+00
 4.990050e+04   0.000000e+00   0.000000e+00
 5.010050e+04   0.000000e+00   0.000000e+00
 5.030050e+04   0.000000e+00   0.000000e+00
 5.050050e+04   0.000000e+00   0.000000e+00
 5.070049e+04   0.000000e+00   0.000000e+00
 5.090049e+04   0.000000e+00   0.000000e+00
 5.110049e+04   0.000000e+00   0.000000e+00
 5.130049e+04   0.000000e+00   0.000000e+00
 5.150049e+04   0.000000e+00   0.000000e+00
 5.170048e+04   0.000000e+00   0.000000e+00
 5.190048e+04   0.000000e+00   0.000000e+00
 5.210048e+04   0.000000e+00   0.000000e+00
 5.230048e+04   0.000000e+00   0.000000e+00
 5.250047e+04   0.000000e+00   0.000000e+00
 5.270047e+04   0.000000e+00   0.000000e+00
 5.290047e+04   0.000000e+00   0.000000e+00
 5.310047e+04   0.000000e+00   0.000000e+00
 5.330047e+04   0.000000e+00   0.000000e+00
 5.350046e+04   0.000000e+00   0.000000e+00
 5.370046e+04   0.000000e+00   0.000000e+00
 5.390046e+04   0.000000e+00   0.000000e+00
 5.410046e+04   0.000000e+00   0.000000e+00
 5.430046e+04   0.000000e+00   0.000000e+00
 5.450046e+04   0.000000e+00   0.000000e+00
 5.470045e+04   0.000000e+00   0.000000e+00
 5.490045e+04   0.000000e+00   0.000000e+00
 5.510045e+04   0.000000e+00   0.000000e+00
 5.530045e+04   0.000000e+00   0.000000e+00
 5.550044e+04   0.000000e+00   0.000000e+00
 5.570044e+04   0.000000e+00   0.000000e+00
 5.590044e+04   0.000000e+00   0.000000e+00
 5.610044e+04   0.000000e+00   0.000000e+00
 5.630044e+04   0.000000e+00   0.000000e+00
 5.650043e+04   0.000000e+00   0.000000e+00
 5.670043e+04   0.000000e+00   0.000000e+00
 5.690043e+04   0.000000e+00   0.000000e+00
 5.710043e+04   0.000000e+00   0.000000e+00
 5.730043e+04   0.000000e+00   0.000000e+00
 5.750043e+04   0.000000e+00   0.000000e+00
 5.770042e+04   0.000000e+00   0.000000e+00
 5.790042e+04   0.000000e+00   0.000000e+00
 5.810042e+04   0.000000e+00   0.000000e+00
 5.830042e+04   0.000000e+00   0.000000e+00
 5.850042e+04   0.000000e+00   0.000000e+00
 5.870041e+04   0.000000e+00   0.000000e+00
 5.890041e+04   0.000000e+00   0.000000e+00
 5.910041e+04   0.000000e+00   0.000000e+00
 5.930041e+04   0.000000e+00   0.000000e+00
 5.950040e+04   0.000000e+00   0.000000e+00
 5.970040e+04   0.000000e+00   0.000000e+00
 5.990040e+04   0.000000e+00   0.000000e+00
 6.010040e+04   0.000000e+00   0.000000e+00
 6.030040e+04   0.000000e+00   0.000000e+00
 6.050039e+04   0.000000e+00   0.000000e+00
 6.070039e+04   0.000000e+00   0.000000e+00
 6.090039e+04   0.000000e+00   0.000000e+00
 6.110039e+04   0.000000e+00   0.000000e+00
 6.130039e+04   0.000000e+00   0.000000e+00
 6.150039e+04   0.000000e+00   0.000000e+00
 6.170038e+04   0.000000e+00   0.000000e+00
 6.190038e+04   0.000000e+00   0.000000e+00
 6.210038e+04   0.000000e+00   0.000000e+00
 6.230038e+04   0.000000e+00   0.000000e+00
 6.250038e+04   0.000000e+00   0.000000e+00
 6.270037e+04   0.000000e+00   0.000000e+00
 6.290037e+04   0.000000e+00   0.000000e+00
 6.310037e+04   0.000000e+00   0.000000e+00
 6.330037e+04   0.000000e+00   0.000000e+00
 6.350036e+04   0.000000e+00   0.000000e+00
 6.370036e+04   0.000000e+00   0.000000e+00
 6.390036e+04   0.000000e+00   0.000000e+00
 6.410036e+04   0.000000e+00   0.000000e+00
 6.430036e+04   0.000000e+00   0.000000e+00
 6.450036e+04   0.000000e+00   0.000000e+00
 6.470035e+04   0.000000e+00   0.000000e+00
 6.490035e+04   0.000000e+00   0.000000e+00
 6.510035e+04   0.000000e+00   0.000000e+00
 6.530035e+04   0.000000e+00   0.000000e+00
 6.550035e+04   0.000000e+00   0.000000e+00
 6.570034e+04   0.000000e+00   0.000000e+00
 6.590034e+04   0.000000e+00   0.000000e+00
 6.610034e+04   0.000000e+00   0.000000e+00
 6.630034e+04   0.000000e+00   0.000000e+00
 6.650034e+04   0.000000e+00   0.000000e+00
 6.670033e+04   0.000000e+00   0.000000e+00
 6.690033e+04   0.000000e+00   0.000000e+00
 6.710033e+04   0.000000e+00   0.000000e+00
 6.730033e+04   0.000000e+00   0.000000e+00
 6.750032e+04   0.000000e+00   0.000000e+00
 6.770032e+04   0.000000e+00   0.000000e+00
 6.790032e+04   0.000000e+00   0.000000e+00
 6.810032e+04   0.000000e+00   0.000000e+00
 6.830032e+04   0.000000e+00   0.000000e+00
 6.850032e+04   0.000000e+00   0.000000e+00
 6.870031e+04   0.000000e+00   0.000000e+00
 6.890031e+04   0.000000e+00   0.000000e+00
 6.910031e+04   0.000000e+00   0.000000e+00
 6.930031e+04   0.000000e+00   0.000000e+00
 6.950030e+04   0.000000e+00   0.000000e+00
 6.970030e+04   0.000000e+00   0.000000e+00
 6.990030e+04   0.000000e+00   0.000000e+00
 7.010030e+04   0.000000e+00   0.000000e+00
 7.030030e+04   0.000000e+00   0.000000e+00
 7.050029e+04   0.000000e+00   0.000000e+00
 7.070029e+04   0.000000e+00   0.000000e+00
 7.090029e+04   0.000000e+00   0.000000e+00
 7.110029e+04   0.000000e+00   0.000000e+00
 7.130029e+04   0.000000e+00   0.000000e+00
 7.150029e+04   0.000000e+00   0.000000e+00
 7.170028e+04   0.000000e+00   0.000000e+00
 7.190028e+04   0.000000e+00   0.000000e+00
 7.210028e+04   0.000000e+00   0.000000e+00
 7.230028e+04   0.000000e+00   0.000000e+00
 7.250027e+04   0.000000e+00   0.000000e+00
 7.270027e+04   0.000000e+00   0.000000e+00
 7.290027e+04   0.000000e+00   0.000000e+00
 7.310027e+04   0.000000e+00   0.000000e+00
 7.330027e+04   0.000000e+00   0.000000e+00
 7.350026e+04   0.000000e+00   0.000000e+00
 7.370026e+04   0.000000e+00   0.000000e+00
 7.390026e+04   0.000000e+00   0.000000e+00
 7.410026e+04   0.000000e+00   0.000000e+00
 7.430026e+04   0.000000e+00   0.000000e+00
 7.450026e+04   0.000000e+00   0.000000e+00
 7.470025e+04   0.000000e+00   0.000000e+00
 7.490025e+04   0.000000e+00   0.000000e+00
 7.510025e+04   0.000000e+00   0.000000e+00
 7.530025e+04   0.000000e+00   0.000000e+00
 7.550024e+04   0.000000e+00   0.000000e+00
 7.570024e+04   0.000000e+00   0.000000e+00
 7.590024e+04   0.000000e+00   0.000000e+00
 7.610024e+04   0.000000e+00   0.000000e+00
 7.630024e+04   0.000000e+00   0.000000e+00
 7.650024e+04   0.000000e+00   0.000000e+00
 7.670023e+04   0.000000e+00   0.000000e+00
 7.690023e+04   0.000000e+00   0.000000e+00
 7.710023e+04   0.000000e+00   0.000000e+00
 7.730023e+04   0.000000e+00   0.000000e+00
 7.750023e+04   0.000000e+00   0.000000e+00
 7.770022e+04   0.000000e+00   0.000000e+00
 7.790022e+04   0.000000e+00   0.000000e+00
 7.810022e+04   0.000000e+00   0.000000e+00
 7.830022e+04   0.000000e+00   0.000000e+00
 7.850021e+04   0.000000e+00   0.000000e+00
 7.870021e+04   0.000000e+00   0.000000e+00
 7.890021e+04   0.000000e+00   0.000000e+00
 7.910021e+04   0.000000e+00   0.000000e+00
 7.930021e+04   0.000000e+00   0.000000e+00
 7.950021e+04   0.000000e+00   0.000000e+00
 7.970020e+04   0.000000e+00   0.000000e+00
 7.990020e+04   0.000000e+00   0.000000e+00
 8.010020e+04   0.000000e+00   0.000000e+00
 8.030020e+04   0.000000e+00   0.000000e+00
 8.050020e+04   0.000000e+00   0.000000e+00
 8.070019e+04   0.000000e+00   0.000000e+00
 8.090019e+04   0.000000e+00   0.000000e+00
 8.110019e+04   0.000000e+00   0.000000e+00
 8.130019e+04   0.000000e+00   0.000000e+00
 8.150018e+04   0.000000e+00   0.000000e+00
 8.170018e+04   0.000000e+00   0.000000e+00
 8.190018e+04   0.000000e+00   0.000000e+00
 8.210018e+04   0.000000e+00   0.000000e+00
 8.230018e+04   0.000000e+00   0.000000e+00
 8.250018e+04   0.000000e+00   0.000000e+00
 8.270017e+04   0.000000e+00   0.000000e+00
 8.290017e+04   0.000000e+00   0.000000e+00
 8.310017e+04   0.000000e+00   0.000000e+00
 8.330017e+04   0.000000e+00   0.000000e+00
 8.350016e+04   0.000000e+00   0.000000e+00
 8.370016e+04   0.000000e+00   0.000000e+00
 8.390016e+04   0.000000e+00   0.000000e+00
 8.410016e+04   0.000000e+00   0.000000e+00
 8.430016e+04   0.000000e+00   0.000000e+00
 8.450015e+04   0.000000e+00   0.000000e+00
 8.470015e+04   0.000000e+00   0.000000e+00
 8.490015e+04   0.000000e+00   0.000000e+00
 8.510015e+04   0.000000e+00   0.000000e+00
 8.530015e+04   0.000000e+00   0.000000e+00
 8.550015e+04   0.000000e+00   0.000000e+00
 8.570014e+04   0.000000e+00   0.000000e+00
 8.590014e+04   0.000000e+00   0.000000e+00
 8.610014e+04   0.000000e+00   0.000000e+00
 8.630014e+04   0.000000e+00   0.000000e+00
 8.650013e+04   0.000000e+00   0.000000e+00
 8.670013e+04   0.000000e+00   0.000000e+00
 8.690013e+04   0.000000e+00   0.000000e+00
 8.710013e+04   0.000000e+00   0.000000e+00
 8.730013e+04   0.000000e+00   0.000000e+00
 8.750012e+04   0.000000e+00   0.000000e+00
 8.770012e+04   0.000000e+00   0.000000e+00
 8.790012e+04   0.000000e+00   0.000000e+00
 8.810012e+04   0.000000e+00   0.000000e+00
 8.830012e+04   0.000000e+00   0.000000e+00
 8.850012e+04   0.000000e+00   0.000000e+00
 8.870011e+04   0.000000e+00   0.000000e+00
 8.890011e+04   0.000000e+00   0.000000e+00
 8.910011e+04   0.000000e+00   0.000000e+00
 8.930011e+04   0.000000e+00   0.000000e+00
 8.950010e+04   0.000000e+00   0.000000e+00
 8.970010e+04   0.000000e+00   0.000000e+00
 8.990010e+04   0.000000e+00   0.000000e+00
 9.010010e+04   0.000000e+00   0.000000e+00
 9.030010e+04   0.000000e+00   0.000000e+00
 9.050010e+04   0.000000e+00   0.000000e+00
 9.070009e+04   0.000000e+00   0.000000e+00
 9.090009e+04   0.000000e+00   0.000000e+00
 9.110009e+04   0.000000e+00   0.000000e+00
 9.130009e+04   0.000000e+00   0.000000e+00
 9.150009e+04   0.000000e+00   0.000000e+00
 9.170008e+04   0.000000e+00   0.000000e+00
 9.190008e+04   0.000000e+00   0.000000e+00
 9.210008e+04   0.000000e+00   0.000000e+00
 9.230008e+04   0.000000e+00   0.000000e+00
 9.250007e+04   0.000000e+00   0.000000e+00
 9.270007e+04   0.000000e+00   0.000000e+00
 9.290007e+04   0.000000e+00   0.000000e+00
 9.310007e+04   0.000000e+00   0.000000e+00
 9.330007e+04   0.000000e+00   0.000000e+00
 9.350007e+04   0.000000e+00   0.000000e+00
 9.370006e+04   0.000000e+00   0.000000e+00
 9.390006e+04   0.000000e+00   0.000000e+00
 9.410006e+04   0.000000e+00   0.000000e+00
 9.430006e+04   0.000000e+00   0.000000e+00
 9.450005e+04   0.000000e+00   0.000000e+00
 9.470005e+04   0.000000e+00   0.000000e+00
 9.490005e+04   0.000000e+00   0.000000e+00
 9.510005e+04   0.000000e+00   0.000000e+00
 9.530005e+04   0.000000e+00   0.000000e+00
 9.550004e+04   0.000000e+00   0.000000e+00
 9.570004e+04   0.000000e+00   0.000000e+00
 9.590004e+04   0.000000e+00   0.000000e+00
 9.610004e+04   0.000000e+00   0.000000e+00
 9.630004e+04   0.000000e+00   0.000000e+00
 9.650004e+04   0.000000e+00   0.000000e+00
 9.670003e+04   0.000000e+00   0.000000e+00
 9.690003e+04   0.000000e+00   0.000000e+00
 9.710003e+04   0.000000e+00   0.000000e+00
 9.730003e+04   0.000000e+00   0.000000e+00
 9.750002e+04   0.000000e+00   0.000000e+00
 9.770002e+04   0.000000e+00   0.000000e+00
 9.790002e+04   0.000000e+00   0.000000e+00
 9.810002e+04   0.000000e+00   0.000000e+00
 9.830002e+04   0.000000e+00   0.000000e+00
 9.850001e+04   0.000000e+00   0.000000e+00
 9.870001e+04   0.000000e+00   0.000000e+00
 9.890001e+04   0.000000e+00   0.000000e+00
 9.910001e+04   0.000000e+00   0.000000e+00
 9.930001e+04   0.000000e+00   0.000000e+00
 9.950001e+04   0.000000e+00   0.000000e+00
 9.970000e+04   0.000000e+00   0.000000e+00
 9.990000e+04   0.000000e+00   0.000000e+00
 inf   0.000000e+00   0.000000e+00
