ql52_lab bin centers    value    Error 
-inf   9.836578e-01   2.880646e-02
 6.500000e-01   1.601372e+00   2.228548e-02
 1.950000e+00   3.045429e-02   8.913449e-05
 3.250000e+00   1.753841e-02   3.079447e-05
 4.550000e+00   1.218855e-02   3.319781e-05
 5.850000e+00   9.404707e-03   2.415736e-05
 7.150000e+00   7.668798e-03   2.337205e-05
 8.450000e+00   6.427093e-03   1.840257e-05
 9.750000e+00   5.593394e-03   1.600354e-05
 1.105000e+01   4.928942e-03   1.823199e-05
 1.235000e+01   4.420767e-03   2.152852e-05
 1.365000e+01   4.033347e-03   1.712766e-05
 1.495000e+01   3.735908e-03   1.548538e-05
 1.625000e+01   3.476080e-03   1.639960e-05
 1.755000e+01   3.300788e-03   1.348137e-05
 1.885000e+01   3.118298e-03   1.215003e-05
 2.015000e+01   3.031207e-03   2.169449e-05
 2.145000e+01   2.939187e-03   1.925394e-05
 2.275000e+01   2.923341e-03   1.658457e-05
 2.405000e+01   2.874459e-03   2.003761e-05
 2.535000e+01   2.792613e-03   1.809014e-05
 2.665000e+01   2.702699e-03   2.176686e-05
 2.795000e+01   2.562364e-03   1.538005e-05
 2.925000e+01   2.386300e-03   1.636956e-05
 3.055000e+01   2.164294e-03   1.123218e-05
 3.185000e+01   2.017065e-03   1.780762e-05
 3.315000e+01   1.852992e-03   1.153405e-05
 3.445000e+01   1.683149e-03   1.475623e-05
 3.575000e+01   1.538354e-03   1.289557e-05
 3.705000e+01   1.456000e-03   1.249647e-05
 3.835000e+01   1.321950e-03   1.219378e-05
 3.965000e+01   1.236618e-03   1.063396e-05
 4.095000e+01   1.140393e-03   1.145843e-05
 4.225000e+01   1.047483e-03   8.016083e-06
 4.355000e+01   9.704661e-04   8.730919e-06
 4.485000e+01   8.840571e-04   6.907433e-06
 4.615000e+01   8.467932e-04   7.935885e-06
 4.745000e+01   8.092786e-04   9.951960e-06
 4.875000e+01   7.284084e-04   9.178695e-06
 5.005000e+01   6.940690e-04   1.160294e-05
 5.135000e+01   6.292989e-04   1.070544e-05
 5.265000e+01   6.033170e-04   8.467384e-06
 5.395000e+01   5.613810e-04   5.449946e-06
 5.525000e+01   5.096805e-04   7.743866e-06
 5.655000e+01   4.695819e-04   6.543358e-06
 5.785000e+01   4.561001e-04   6.389245e-06
 5.915000e+01   4.113135e-04   6.356457e-06
 6.045000e+01   4.052535e-04   7.748097e-06
 6.175000e+01   3.734521e-04   4.146410e-06
 6.305000e+01   3.610537e-04   5.725027e-06
 6.435000e+01   3.364110e-04   6.519612e-06
 6.565000e+01   3.140776e-04   7.052033e-06
 6.695000e+01   2.921876e-04   4.174146e-06
 6.825000e+01   2.749691e-04   5.063879e-06
 6.955000e+01   2.607598e-04   3.568463e-06
 7.085000e+01   2.526342e-04   4.628876e-06
 7.215000e+01   2.240770e-04   3.703481e-06
 7.345000e+01   2.201177e-04   4.527245e-06
 7.475000e+01   2.117185e-04   4.016118e-06
 7.605000e+01   1.943643e-04   3.079016e-06
 7.735000e+01   1.797312e-04   3.280688e-06
 7.865000e+01   1.708229e-04   3.102287e-06
 7.995000e+01   1.691329e-04   3.798560e-06
 8.125000e+01   1.555467e-04   2.688114e-06
 8.255000e+01   1.511275e-04   4.155482e-06
 8.385000e+01   1.436883e-04   3.001983e-06
 8.515000e+01   1.371721e-04   3.175753e-06
 8.645000e+01   1.274790e-04   2.691162e-06
 8.775000e+01   1.176699e-04   2.771741e-06
 8.905000e+01   1.130269e-04   3.520148e-06
 9.035000e+01   1.013367e-04   2.068575e-06
 9.165000e+01   1.048757e-04   3.154833e-06
 9.295000e+01   1.003885e-04   3.101456e-06
 9.425000e+01   9.671781e-05   4.098119e-06
 9.555000e+01   8.469377e-05   1.501662e-06
 9.685000e+01   8.524609e-05   2.765520e-06
 9.815000e+01   7.507078e-05   1.897182e-06
 9.945000e+01   7.711804e-05   2.304604e-06
 1.007500e+02   7.151215e-05   2.558214e-06
 1.020500e+02   6.658069e-05   2.079246e-06
 1.033500e+02   6.861329e-05   2.924958e-06
 1.046500e+02   6.509238e-05   2.138027e-06
 1.059500e+02   5.645390e-05   2.270081e-06
 1.072500e+02   5.296817e-05   1.821298e-06
 1.085500e+02   5.284090e-05   2.177315e-06
 1.098500e+02   5.054271e-05   1.921967e-06
 1.111500e+02   4.392669e-05   1.596935e-06
 1.124500e+02   4.468552e-05   2.118308e-06
 1.137500e+02   4.802479e-05   1.747446e-06
 1.150500e+02   3.972030e-05   1.635763e-06
 1.163500e+02   4.023851e-05   1.999568e-06
 1.176500e+02   3.621509e-05   2.040777e-06
 1.189500e+02   3.618703e-05   1.865299e-06
 1.202500e+02   3.062359e-05   1.044789e-06
 1.215500e+02   3.375885e-05   1.509785e-06
 1.228500e+02   3.177113e-05   1.766915e-06
 1.241500e+02   2.621207e-05   1.233763e-06
 1.254500e+02   2.965342e-05   1.990443e-06
 1.267500e+02   2.144914e-05   1.021807e-06
 1.280500e+02   2.344376e-05   1.423962e-06
 1.293500e+02   2.016012e-05   7.259697e-07
 1.306500e+02   2.114230e-05   1.161557e-06
 1.319500e+02   1.936293e-05   8.638959e-07
 1.332500e+02   1.675173e-05   7.899890e-07
 1.345500e+02   1.831915e-05   1.035660e-06
 1.358500e+02   1.312887e-05   8.150536e-07
 1.371500e+02   1.326601e-05   7.536894e-07
 1.384500e+02   1.296304e-05   7.211787e-07
 1.397500e+02   1.178221e-05   5.194023e-07
 1.410500e+02   1.189179e-05   6.112743e-07
 1.423500e+02   9.795089e-06   5.241137e-07
 1.436500e+02   8.737392e-06   4.403792e-07
 1.449500e+02   9.531245e-06   5.848691e-07
 1.462500e+02   9.870016e-06   7.130138e-07
 1.475500e+02   6.497651e-06   2.426337e-07
 1.488500e+02   7.607523e-06   5.892318e-07
 1.501500e+02   7.023175e-06   4.608149e-07
 1.514500e+02   5.799394e-06   3.835267e-07
 1.527500e+02   5.588795e-06   3.619862e-07
 1.540500e+02   4.692847e-06   1.828302e-07
 1.553500e+02   4.087774e-06   1.546943e-07
 1.566500e+02   3.968642e-06   1.411502e-07
 1.579500e+02   3.492475e-06   9.955075e-08
 1.592500e+02   3.477075e-06   1.630234e-07
 1.605500e+02   3.128779e-06   1.297555e-07
 1.618500e+02   2.697192e-06   7.242582e-08
 1.631500e+02   2.721207e-06   1.110221e-07
 1.644500e+02   2.351786e-06   5.371272e-08
 1.657500e+02   2.290736e-06   9.875725e-08
 1.670500e+02   2.146484e-06   6.499214e-08
 1.683500e+02   1.990448e-06   7.933018e-08
 1.696500e+02   1.886913e-06   4.616794e-08
 1.709500e+02   1.840750e-06   5.823752e-08
 1.722500e+02   1.579012e-06   4.275179e-08
 1.735500e+02   1.539444e-06   5.159271e-08
 1.748500e+02   1.474516e-06   3.373520e-08
 1.761500e+02   1.402683e-06   3.167218e-08
 1.774500e+02   1.287537e-06   3.530844e-08
 1.787500e+02   1.211016e-06   2.986830e-08
 1.800500e+02   1.147207e-06   3.318821e-08
 1.813500e+02   1.084897e-06   3.294312e-08
 1.826500e+02   1.023847e-06   3.142241e-08
 1.839500e+02   9.844768e-07   3.748297e-08
 1.852500e+02   9.322093e-07   2.882890e-08
 1.865500e+02   9.035845e-07   3.537230e-08
 1.878500e+02   7.906375e-07   2.448296e-08
 1.891500e+02   7.855228e-07   1.935431e-08
 1.904500e+02   7.464072e-07   2.327368e-08
 1.917500e+02   6.701618e-07   2.486251e-08
 1.930500e+02   6.548697e-07   2.637835e-08
 1.943500e+02   6.363813e-07   1.869524e-08
 1.956500e+02   6.344066e-07   4.612580e-08
 1.969500e+02   5.479289e-07   1.709894e-08
 1.982500e+02   6.163338e-07   2.565453e-08
 1.995500e+02   4.991266e-07   2.139305e-08
 2.008500e+02   5.197960e-07   1.441621e-08
 2.021500e+02   4.915872e-07   1.743267e-08
 2.034500e+02   4.370072e-07   1.702812e-08
 2.047500e+02   4.546056e-07   1.803224e-08
 2.060500e+02   3.774042e-07   1.236763e-08
 2.073500e+02   3.672225e-07   1.806687e-08
 2.086500e+02   3.621100e-07   1.654573e-08
 2.099500e+02   3.456415e-07   1.998126e-08
 2.112500e+02   3.205530e-07   9.813161e-09
 2.125500e+02   3.372979e-07   1.635536e-08
 2.138500e+02   2.933141e-07   1.578220e-08
 2.151500e+02   2.781275e-07   1.038363e-08
 2.164500e+02   2.758642e-07   1.121306e-08
 2.177500e+02   2.608942e-07   5.451583e-09
 2.190500e+02   2.364931e-07   1.175167e-08
 2.203500e+02   2.353246e-07   1.004714e-08
 2.216500e+02   2.011016e-07   8.933400e-09
 2.229500e+02   2.189898e-07   1.254968e-08
 2.242500e+02   1.963054e-07   9.319408e-09
 2.255500e+02   1.902135e-07   9.598973e-09
 2.268500e+02   1.788133e-07   7.783614e-09
 2.281500e+02   1.903662e-07   1.012271e-08
 2.294500e+02   1.675625e-07   6.876858e-09
 2.307500e+02   1.608343e-07   1.133767e-08
 2.320500e+02   1.492775e-07   1.103877e-08
 2.333500e+02   1.436466e-07   6.540104e-09
 2.346500e+02   1.532174e-07   8.559813e-09
 2.359500e+02   1.265898e-07   7.347135e-09
 2.372500e+02   1.191480e-07   5.500928e-09
 2.385500e+02   1.279251e-07   7.564703e-09
 2.398500e+02   1.025470e-07   5.624755e-09
 2.411500e+02   1.080727e-07   5.855671e-09
 2.424500e+02   9.963529e-08   5.905217e-09
 2.437500e+02   9.695497e-08   5.210613e-09
 2.450500e+02   9.300899e-08   5.264697e-09
 2.463500e+02   8.419498e-08   4.649362e-09
 2.476500e+02   8.821630e-08   6.010931e-09
 2.489500e+02   7.982465e-08   3.562999e-09
 2.502500e+02   7.193805e-08   3.877975e-09
 2.515500e+02   7.899384e-08   6.014228e-09
 2.528500e+02   6.962379e-08   3.700935e-09
 2.541500e+02   5.702605e-08   3.666455e-09
 2.554500e+02   6.682081e-08   4.292868e-09
 2.567500e+02   6.183603e-08   4.088522e-09
 2.580500e+02   5.844487e-08   4.308638e-09
 2.593500e+02   5.022356e-08   2.962832e-09
 2.606500e+02   4.796677e-08   3.484910e-09
 2.619500e+02   4.625439e-08   3.209503e-09
 2.632500e+02   5.257814e-08   3.594465e-09
 2.645500e+02   4.742434e-08   3.270484e-09
 2.658500e+02   4.019446e-08   2.568608e-09
 2.671500e+02   4.175493e-08   3.247799e-09
 2.684500e+02   3.862610e-08   2.969421e-09
 2.697500e+02   3.510346e-08   2.095105e-09
 2.710500e+02   2.825833e-08   2.838343e-09
 2.723500e+02   2.921311e-08   3.264740e-09
 2.736500e+02   3.100053e-08   2.201562e-09
 2.749500e+02   3.270174e-08   3.007294e-09
 2.762500e+02   2.884524e-08   3.279810e-09
 2.775500e+02   2.364263e-08   1.850323e-09
 2.788500e+02   2.483586e-08   2.209219e-09
 2.801500e+02   2.161861e-08   1.934757e-09
 2.814500e+02   2.288017e-08   2.008447e-09
 2.827500e+02   2.312765e-08   1.465939e-09
 2.840500e+02   1.648033e-08   1.514682e-09
 2.853500e+02   1.794760e-08   1.154715e-09
 2.866500e+02   1.843954e-08   1.822371e-09
 2.879500e+02   1.349622e-08   1.033601e-09
 2.892500e+02   1.485348e-08   1.386727e-09
 2.905500e+02   1.415055e-08   9.827723e-10
 2.918500e+02   1.419483e-08   1.550186e-09
 2.931500e+02   1.335708e-08   1.248728e-09
 2.944500e+02   1.087727e-08   1.362899e-09
 2.957500e+02   1.266421e-08   1.319029e-09
 2.970500e+02   1.084931e-08   1.434124e-09
 2.983500e+02   1.167522e-08   1.377918e-09
 2.996500e+02   8.825090e-09   8.399905e-10
 3.009500e+02   1.035888e-08   1.267660e-09
 3.022500e+02   8.380712e-09   8.487700e-10
 3.035500e+02   7.461919e-09   6.427169e-10
 3.048500e+02   6.633008e-09   1.018953e-09
 3.061500e+02   6.288345e-09   7.329278e-10
 3.074500e+02   8.946629e-09   1.318325e-09
 3.087500e+02   6.622286e-09   9.933099e-10
 3.100500e+02   4.894015e-09   5.921149e-10
 3.113500e+02   4.458215e-09   8.077308e-10
 3.126500e+02   6.158377e-09   8.564836e-10
 3.139500e+02   4.449695e-09   6.126699e-10
 3.152500e+02   4.502268e-09   6.045496e-10
 3.165500e+02   3.132452e-09   5.222883e-10
 3.178500e+02   2.928419e-09   3.987493e-10
 3.191500e+02   2.443223e-09   3.119644e-10
 3.204500e+02   2.979161e-09   5.172481e-10
 3.217500e+02   2.284681e-09   3.435697e-10
 3.230500e+02   1.819718e-09   3.256207e-10
 3.243500e+02   1.700539e-09   4.216221e-10
 3.256500e+02   1.545711e-09   2.934546e-10
 3.269500e+02   1.767505e-09   2.892328e-10
 3.282500e+02   1.766116e-09   3.115905e-10
 3.295500e+02   4.699799e-10   6.898469e-11
 3.308500e+02   8.047513e-10   1.905064e-10
 3.321500e+02   8.165785e-10   1.803245e-10
 3.334500e+02   6.019817e-10   8.934062e-11
 3.347500e+02   1.248476e-09   3.420481e-10
 3.360500e+02   9.769012e-10   2.735371e-10
 3.373500e+02   2.120163e-10   4.750882e-11
 3.386500e+02   3.629846e-10   8.079358e-11
 3.399500e+02   1.167736e-10   7.605824e-11
 3.412500e+02   1.740892e-10   5.373927e-11
 3.425500e+02   5.009028e-11   2.191507e-11
 3.438500e+02   7.617115e-11   2.708974e-11
 3.451500e+02   4.361559e-11   1.363081e-11
 3.464500e+02   7.279724e-12   3.849544e-12
 3.477500e+02   3.491612e-12   2.900138e-12
 3.490500e+02   4.484588e-12   2.618321e-12
 3.503500e+02   1.718813e-11   8.992365e-12
 3.516500e+02   0.000000e+00   0.000000e+00
 3.529500e+02   0.000000e+00   0.000000e+00
 3.542500e+02   0.000000e+00   0.000000e+00
 3.555500e+02   0.000000e+00   0.000000e+00
 3.568500e+02   0.000000e+00   0.000000e+00
 3.581500e+02   0.000000e+00   0.000000e+00
 3.594500e+02   0.000000e+00   0.000000e+00
 3.607500e+02   0.000000e+00   0.000000e+00
 3.620500e+02   0.000000e+00   0.000000e+00
 3.633500e+02   0.000000e+00   0.000000e+00
 3.646500e+02   0.000000e+00   0.000000e+00
 3.659500e+02   0.000000e+00   0.000000e+00
 3.672500e+02   0.000000e+00   0.000000e+00
 3.685500e+02   0.000000e+00   0.000000e+00
 3.698500e+02   0.000000e+00   0.000000e+00
 3.711500e+02   0.000000e+00   0.000000e+00
 3.724500e+02   0.000000e+00   0.000000e+00
 3.737500e+02   0.000000e+00   0.000000e+00
 3.750500e+02   0.000000e+00   0.000000e+00
 3.763500e+02   0.000000e+00   0.000000e+00
 3.776500e+02   0.000000e+00   0.000000e+00
 3.789500e+02   0.000000e+00   0.000000e+00
 3.802500e+02   0.000000e+00   0.000000e+00
 3.815500e+02   0.000000e+00   0.000000e+00
 3.828500e+02   0.000000e+00   0.000000e+00
 3.841500e+02   0.000000e+00   0.000000e+00
 3.854500e+02   0.000000e+00   0.000000e+00
 3.867500e+02   0.000000e+00   0.000000e+00
 3.880500e+02   0.000000e+00   0.000000e+00
 3.893500e+02   0.000000e+00   0.000000e+00
 3.906500e+02   0.000000e+00   0.000000e+00
 3.919500e+02   0.000000e+00   0.000000e+00
 3.932500e+02   0.000000e+00   0.000000e+00
 3.945500e+02   0.000000e+00   0.000000e+00
 3.958500e+02   0.000000e+00   0.000000e+00
 3.971500e+02   0.000000e+00   0.000000e+00
 3.984500e+02   0.000000e+00   0.000000e+00
 3.997500e+02   0.000000e+00   0.000000e+00
 4.010500e+02   0.000000e+00   0.000000e+00
 4.023500e+02   0.000000e+00   0.000000e+00
 4.036500e+02   0.000000e+00   0.000000e+00
 4.049500e+02   0.000000e+00   0.000000e+00
 4.062500e+02   0.000000e+00   0.000000e+00
 4.075500e+02   0.000000e+00   0.000000e+00
 4.088500e+02   0.000000e+00   0.000000e+00
 4.101500e+02   0.000000e+00   0.000000e+00
 4.114500e+02   0.000000e+00   0.000000e+00
 4.127500e+02   0.000000e+00   0.000000e+00
 4.140500e+02   0.000000e+00   0.000000e+00
 4.153500e+02   0.000000e+00   0.000000e+00
 4.166500e+02   0.000000e+00   0.000000e+00
 4.179500e+02   0.000000e+00   0.000000e+00
 4.192500e+02   0.000000e+00   0.000000e+00
 4.205500e+02   0.000000e+00   0.000000e+00
 4.218500e+02   0.000000e+00   0.000000e+00
 4.231500e+02   0.000000e+00   0.000000e+00
 4.244500e+02   0.000000e+00   0.000000e+00
 4.257500e+02   0.000000e+00   0.000000e+00
 4.270500e+02   0.000000e+00   0.000000e+00
 4.283500e+02   0.000000e+00   0.000000e+00
 4.296500e+02   0.000000e+00   0.000000e+00
 4.309500e+02   0.000000e+00   0.000000e+00
 4.322500e+02   0.000000e+00   0.000000e+00
 4.335500e+02   0.000000e+00   0.000000e+00
 4.348500e+02   0.000000e+00   0.000000e+00
 4.361500e+02   0.000000e+00   0.000000e+00
 4.374500e+02   0.000000e+00   0.000000e+00
 4.387500e+02   0.000000e+00   0.000000e+00
 4.400500e+02   0.000000e+00   0.000000e+00
 4.413500e+02   0.000000e+00   0.000000e+00
 4.426500e+02   0.000000e+00   0.000000e+00
 4.439500e+02   0.000000e+00   0.000000e+00
 4.452500e+02   0.000000e+00   0.000000e+00
 4.465500e+02   0.000000e+00   0.000000e+00
 4.478500e+02   0.000000e+00   0.000000e+00
 4.491500e+02   0.000000e+00   0.000000e+00
 4.504500e+02   0.000000e+00   0.000000e+00
 4.517500e+02   0.000000e+00   0.000000e+00
 4.530500e+02   0.000000e+00   0.000000e+00
 4.543500e+02   0.000000e+00   0.000000e+00
 4.556500e+02   0.000000e+00   0.000000e+00
 4.569500e+02   0.000000e+00   0.000000e+00
 4.582500e+02   0.000000e+00   0.000000e+00
 4.595500e+02   0.000000e+00   0.000000e+00
 4.608500e+02   0.000000e+00   0.000000e+00
 4.621500e+02   0.000000e+00   0.000000e+00
 4.634500e+02   0.000000e+00   0.000000e+00
 4.647500e+02   0.000000e+00   0.000000e+00
 4.660500e+02   0.000000e+00   0.000000e+00
 4.673500e+02   0.000000e+00   0.000000e+00
 4.686500e+02   0.000000e+00   0.000000e+00
 4.699500e+02   0.000000e+00   0.000000e+00
 4.712500e+02   0.000000e+00   0.000000e+00
 4.725500e+02   0.000000e+00   0.000000e+00
 4.738500e+02   0.000000e+00   0.000000e+00
 4.751500e+02   0.000000e+00   0.000000e+00
 4.764500e+02   0.000000e+00   0.000000e+00
 4.777500e+02   0.000000e+00   0.000000e+00
 4.790500e+02   0.000000e+00   0.000000e+00
 4.803500e+02   0.000000e+00   0.000000e+00
 4.816500e+02   0.000000e+00   0.000000e+00
 4.829500e+02   0.000000e+00   0.000000e+00
 4.842500e+02   0.000000e+00   0.000000e+00
 4.855500e+02   0.000000e+00   0.000000e+00
 4.868500e+02   0.000000e+00   0.000000e+00
 4.881500e+02   0.000000e+00   0.000000e+00
 4.894500e+02   0.000000e+00   0.000000e+00
 4.907500e+02   0.000000e+00   0.000000e+00
 4.920500e+02   0.000000e+00   0.000000e+00
 4.933500e+02   0.000000e+00   0.000000e+00
 4.946500e+02   0.000000e+00   0.000000e+00
 4.959500e+02   0.000000e+00   0.000000e+00
 4.972500e+02   0.000000e+00   0.000000e+00
 4.985500e+02   0.000000e+00   0.000000e+00
 4.998500e+02   0.000000e+00   0.000000e+00
 5.011500e+02   0.000000e+00   0.000000e+00
 5.024500e+02   0.000000e+00   0.000000e+00
 5.037500e+02   0.000000e+00   0.000000e+00
 5.050500e+02   0.000000e+00   0.000000e+00
 5.063500e+02   0.000000e+00   0.000000e+00
 5.076500e+02   0.000000e+00   0.000000e+00
 5.089500e+02   0.000000e+00   0.000000e+00
 5.102500e+02   0.000000e+00   0.000000e+00
 5.115500e+02   0.000000e+00   0.000000e+00
 5.128500e+02   0.000000e+00   0.000000e+00
 5.141500e+02   0.000000e+00   0.000000e+00
 5.154500e+02   0.000000e+00   0.000000e+00
 5.167500e+02   0.000000e+00   0.000000e+00
 5.180500e+02   0.000000e+00   0.000000e+00
 5.193500e+02   0.000000e+00   0.000000e+00
 5.206500e+02   0.000000e+00   0.000000e+00
 5.219500e+02   0.000000e+00   0.000000e+00
 5.232500e+02   0.000000e+00   0.000000e+00
 5.245500e+02   0.000000e+00   0.000000e+00
 5.258500e+02   0.000000e+00   0.000000e+00
 5.271500e+02   0.000000e+00   0.000000e+00
 5.284500e+02   0.000000e+00   0.000000e+00
 5.297500e+02   0.000000e+00   0.000000e+00
 5.310500e+02   0.000000e+00   0.000000e+00
 5.323500e+02   0.000000e+00   0.000000e+00
 5.336500e+02   0.000000e+00   0.000000e+00
 5.349500e+02   0.000000e+00   0.000000e+00
 5.362500e+02   0.000000e+00   0.000000e+00
 5.375500e+02   0.000000e+00   0.000000e+00
 5.388500e+02   0.000000e+00   0.000000e+00
 5.401500e+02   0.000000e+00   0.000000e+00
 5.414500e+02   0.000000e+00   0.000000e+00
 5.427500e+02   0.000000e+00   0.000000e+00
 5.440500e+02   0.000000e+00   0.000000e+00
 5.453500e+02   0.000000e+00   0.000000e+00
 5.466500e+02   0.000000e+00   0.000000e+00
 5.479500e+02   0.000000e+00   0.000000e+00
 5.492500e+02   0.000000e+00   0.000000e+00
 5.505500e+02   0.000000e+00   0.000000e+00
 5.518500e+02   0.000000e+00   0.000000e+00
 5.531500e+02   0.000000e+00   0.000000e+00
 5.544500e+02   0.000000e+00   0.000000e+00
 5.557500e+02   0.000000e+00   0.000000e+00
 5.570500e+02   0.000000e+00   0.000000e+00
 5.583500e+02   0.000000e+00   0.000000e+00
 5.596500e+02   0.000000e+00   0.000000e+00
 5.609500e+02   0.000000e+00   0.000000e+00
 5.622500e+02   0.000000e+00   0.000000e+00
 5.635500e+02   0.000000e+00   0.000000e+00
 5.648500e+02   0.000000e+00   0.000000e+00
 5.661500e+02   0.000000e+00   0.000000e+00
 5.674500e+02   0.000000e+00   0.000000e+00
 5.687500e+02   0.000000e+00   0.000000e+00
 5.700500e+02   0.000000e+00   0.000000e+00
 5.713500e+02   0.000000e+00   0.000000e+00
 5.726500e+02   0.000000e+00   0.000000e+00
 5.739500e+02   0.000000e+00   0.000000e+00
 5.752500e+02   0.000000e+00   0.000000e+00
 5.765500e+02   0.000000e+00   0.000000e+00
 5.778500e+02   0.000000e+00   0.000000e+00
 5.791500e+02   0.000000e+00   0.000000e+00
 5.804500e+02   0.000000e+00   0.000000e+00
 5.817500e+02   0.000000e+00   0.000000e+00
 5.830500e+02   0.000000e+00   0.000000e+00
 5.843500e+02   0.000000e+00   0.000000e+00
 5.856500e+02   0.000000e+00   0.000000e+00
 5.869500e+02   0.000000e+00   0.000000e+00
 5.882500e+02   0.000000e+00   0.000000e+00
 5.895500e+02   0.000000e+00   0.000000e+00
 5.908500e+02   0.000000e+00   0.000000e+00
 5.921500e+02   0.000000e+00   0.000000e+00
 5.934500e+02   0.000000e+00   0.000000e+00
 5.947500e+02   0.000000e+00   0.000000e+00
 5.960500e+02   0.000000e+00   0.000000e+00
 5.973500e+02   0.000000e+00   0.000000e+00
 5.986500e+02   0.000000e+00   0.000000e+00
 5.999500e+02   0.000000e+00   0.000000e+00
 6.012500e+02   0.000000e+00   0.000000e+00
 6.025500e+02   0.000000e+00   0.000000e+00
 6.038500e+02   0.000000e+00   0.000000e+00
 6.051500e+02   0.000000e+00   0.000000e+00
 6.064500e+02   0.000000e+00   0.000000e+00
 6.077500e+02   0.000000e+00   0.000000e+00
 6.090500e+02   0.000000e+00   0.000000e+00
 6.103500e+02   0.000000e+00   0.000000e+00
 6.116500e+02   0.000000e+00   0.000000e+00
 6.129500e+02   0.000000e+00   0.000000e+00
 6.142500e+02   0.000000e+00   0.000000e+00
 6.155500e+02   0.000000e+00   0.000000e+00
 6.168500e+02   0.000000e+00   0.000000e+00
 6.181500e+02   0.000000e+00   0.000000e+00
 6.194500e+02   0.000000e+00   0.000000e+00
 6.207500e+02   0.000000e+00   0.000000e+00
 6.220500e+02   0.000000e+00   0.000000e+00
 6.233500e+02   0.000000e+00   0.000000e+00
 6.246500e+02   0.000000e+00   0.000000e+00
 6.259500e+02   0.000000e+00   0.000000e+00
 6.272500e+02   0.000000e+00   0.000000e+00
 6.285500e+02   0.000000e+00   0.000000e+00
 6.298500e+02   0.000000e+00   0.000000e+00
 6.311500e+02   0.000000e+00   0.000000e+00
 6.324500e+02   0.000000e+00   0.000000e+00
 6.337500e+02   0.000000e+00   0.000000e+00
 6.350500e+02   0.000000e+00   0.000000e+00
 6.363500e+02   0.000000e+00   0.000000e+00
 6.376500e+02   0.000000e+00   0.000000e+00
 6.389500e+02   0.000000e+00   0.000000e+00
 6.402500e+02   0.000000e+00   0.000000e+00
 6.415500e+02   0.000000e+00   0.000000e+00
 6.428500e+02   0.000000e+00   0.000000e+00
 6.441500e+02   0.000000e+00   0.000000e+00
 6.454500e+02   0.000000e+00   0.000000e+00
 6.467500e+02   0.000000e+00   0.000000e+00
 6.480500e+02   0.000000e+00   0.000000e+00
 6.493500e+02   0.000000e+00   0.000000e+00
 inf   0.000000e+00   0.000000e+00
