Q2_lab bin centers    value    Error 
-inf   0.000000e+00   0.000000e+00
 5.000000e+01   0.000000e+00   0.000000e+00
 1.500000e+02   0.000000e+00   0.000000e+00
 2.500000e+02   0.000000e+00   0.000000e+00
 3.500000e+02   0.000000e+00   0.000000e+00
 4.500000e+02   0.000000e+00   0.000000e+00
 5.500000e+02   0.000000e+00   0.000000e+00
 6.500000e+02   0.000000e+00   0.000000e+00
 7.500000e+02   0.000000e+00   0.000000e+00
 8.500000e+02   1.615106e-05   1.187297e-07
 9.500000e+02   2.903986e-03   4.250176e-07
 1.050000e+03   2.438850e-03   3.271541e-07
 1.150000e+03   2.076128e-03   4.208686e-07
 1.250000e+03   1.789212e-03   4.063754e-07
 1.350000e+03   1.560300e-03   3.322700e-07
 1.450000e+03   1.372315e-03   3.102165e-07
 1.550000e+03   1.218251e-03   3.935358e-07
 1.650000e+03   1.088985e-03   3.225488e-07
 1.750000e+03   9.800140e-04   4.331540e-07
 1.850000e+03   8.873645e-04   4.075007e-07
 1.950000e+03   8.074195e-04   4.360219e-07
 2.050000e+03   7.383165e-04   3.676788e-07
 2.150000e+03   6.754728e-04   3.424087e-07
 2.250000e+03   6.197378e-04   3.132739e-07
 2.350000e+03   5.712827e-04   3.177901e-07
 2.450000e+03   5.286218e-04   4.421940e-07
 2.550000e+03   4.902082e-04   2.813217e-07
 2.650000e+03   4.557060e-04   2.902566e-07
 2.750000e+03   4.246794e-04   2.978435e-07
 2.850000e+03   3.969459e-04   2.102014e-07
 2.950000e+03   3.723102e-04   1.886190e-07
 3.050000e+03   3.494698e-04   2.189912e-07
 3.150000e+03   3.288603e-04   2.176936e-07
 3.250000e+03   3.098329e-04   2.453172e-07
 3.350000e+03   2.925705e-04   2.337018e-07
 3.450000e+03   2.767322e-04   2.697091e-07
 3.550000e+03   2.625387e-04   3.448807e-07
 3.650000e+03   2.484280e-04   2.710093e-07
 3.750000e+03   2.362495e-04   2.351083e-07
 3.850000e+03   2.248064e-04   1.798111e-07
 3.950000e+03   2.139293e-04   2.155586e-07
 4.050000e+03   2.040425e-04   2.580227e-07
 4.150000e+03   1.946907e-04   1.890541e-07
 4.250000e+03   1.861045e-04   2.530438e-07
 4.350000e+03   1.780128e-04   1.951982e-07
 4.450000e+03   1.705339e-04   1.574755e-07
 4.550000e+03   1.637373e-04   2.149720e-07
 4.650000e+03   1.563417e-04   2.281208e-07
 4.750000e+03   1.506875e-04   1.782498e-07
 4.850000e+03   1.449447e-04   2.131096e-07
 4.950000e+03   1.392376e-04   2.586342e-07
 5.050000e+03   1.340130e-04   1.492819e-07
 5.150000e+03   1.289913e-04   2.265752e-07
 5.250000e+03   1.246414e-04   2.264178e-07
 5.350000e+03   1.196650e-04   2.235566e-07
 5.450000e+03   1.157605e-04   1.773501e-07
 5.550000e+03   1.119983e-04   2.078079e-07
 5.650000e+03   1.082645e-04   1.714526e-07
 5.750000e+03   1.044371e-04   2.488519e-07
 5.850000e+03   1.011242e-04   1.811588e-07
 5.950000e+03   9.734414e-05   1.761436e-07
 6.050000e+03   9.437852e-05   1.884389e-07
 6.150000e+03   9.193737e-05   2.227766e-07
 6.250000e+03   8.895972e-05   2.000659e-07
 6.350000e+03   8.619874e-05   1.570416e-07
 6.450000e+03   8.413596e-05   2.185729e-07
 6.550000e+03   8.109660e-05   2.476106e-07
 6.650000e+03   7.902343e-05   2.422840e-07
 6.750000e+03   7.680933e-05   3.081159e-07
 6.850000e+03   7.432738e-05   3.605696e-07
 6.950000e+03   7.282101e-05   1.521730e-07
 7.050000e+03   7.063366e-05   2.287295e-07
 7.150000e+03   6.864725e-05   2.118821e-07
 7.250000e+03   6.690927e-05   1.463626e-07
 7.350000e+03   6.477971e-05   1.816072e-07
 7.450000e+03   6.367723e-05   2.463965e-07
 7.550000e+03   6.204557e-05   2.511318e-07
 7.650000e+03   6.009751e-05   2.394906e-07
 7.750000e+03   5.867289e-05   1.735841e-07
 7.850000e+03   5.751506e-05   2.612345e-07
 7.950000e+03   5.605314e-05   2.233976e-07
 8.050000e+03   5.461460e-05   1.439803e-07
 8.150000e+03   5.329025e-05   1.917372e-07
 8.250000e+03   5.195547e-05   2.099615e-07
 8.350000e+03   5.117116e-05   1.961084e-07
 8.450000e+03   4.990835e-05   1.631807e-07
 8.550000e+03   4.840209e-05   1.921642e-07
 8.650000e+03   4.746077e-05   1.708477e-07
 8.750000e+03   4.640272e-05   2.201196e-07
 8.850000e+03   4.518497e-05   2.648243e-07
 8.950000e+03   4.433755e-05   2.392038e-07
 9.050000e+03   4.316358e-05   2.000847e-07
 9.150000e+03   4.258081e-05   2.222102e-07
 9.250000e+03   4.138641e-05   1.996506e-07
 9.350000e+03   4.112986e-05   2.941989e-07
 9.450000e+03   4.059334e-05   3.602207e-07
 9.550000e+03   3.919334e-05   2.060988e-07
 9.650000e+03   3.882103e-05   2.134480e-07
 9.750000e+03   3.727007e-05   2.799633e-07
 9.850000e+03   3.678903e-05   1.715043e-07
 9.950000e+03   3.683413e-05   2.869007e-07
 1.005000e+04   3.530495e-05   2.841133e-07
 1.015000e+04   3.467792e-05   5.078809e-07
 1.025000e+04   3.392906e-05   3.889653e-07
 1.035000e+04   3.317747e-05   2.141696e-07
 1.045000e+04   3.252904e-05   2.000113e-07
 1.055000e+04   3.260934e-05   2.640012e-07
 1.065000e+04   3.183888e-05   2.115663e-07
 1.075000e+04   3.114628e-05   1.655837e-07
 1.085000e+04   3.027534e-05   2.652386e-07
 1.095000e+04   2.946815e-05   2.071738e-07
 1.105000e+04   2.960625e-05   1.617858e-07
 1.115000e+04   2.904806e-05   1.446150e-07
 1.125000e+04   2.890630e-05   2.979728e-07
 1.135000e+04   2.761737e-05   3.602914e-07
 1.145000e+04   2.777654e-05   1.961802e-07
 1.155000e+04   2.723581e-05   2.438599e-07
 1.165000e+04   2.618215e-05   1.839513e-07
 1.175000e+04   2.593916e-05   2.833510e-07
 1.185000e+04   2.575166e-05   2.375815e-07
 1.195000e+04   2.566198e-05   1.937628e-07
 1.205000e+04   2.464737e-05   2.007149e-07
 1.215000e+04   2.485455e-05   1.723268e-07
 1.225000e+04   2.359688e-05   1.673315e-07
 1.235000e+04   2.398960e-05   1.541302e-07
 1.245000e+04   2.321943e-05   2.197482e-07
 1.255000e+04   2.308763e-05   2.618603e-07
 1.265000e+04   2.284917e-05   1.526581e-07
 1.275000e+04   2.225833e-05   1.802199e-07
 1.285000e+04   2.149146e-05   1.968234e-07
 1.295000e+04   2.192779e-05   2.373956e-07
 1.305000e+04   2.096597e-05   2.050964e-07
 1.315000e+04   2.107345e-05   2.841476e-07
 1.325000e+04   2.020226e-05   2.849438e-07
 1.335000e+04   2.076654e-05   2.596886e-07
 1.345000e+04   1.967217e-05   2.212902e-07
 1.355000e+04   1.963629e-05   2.528517e-07
 1.365000e+04   1.933297e-05   2.195575e-07
 1.375000e+04   1.906190e-05   1.912141e-07
 1.385000e+04   1.894861e-05   1.355392e-07
 1.395000e+04   1.891558e-05   2.999937e-07
 1.405000e+04   1.851516e-05   2.684232e-07
 1.415000e+04   1.788826e-05   2.633073e-07
 1.425000e+04   1.764335e-05   1.872813e-07
 1.435000e+04   1.736530e-05   1.860253e-07
 1.445000e+04   1.793569e-05   2.366563e-07
 1.455000e+04   1.666348e-05   2.147479e-07
 1.465000e+04   1.706902e-05   2.014322e-07
 1.475000e+04   1.674397e-05   2.726279e-07
 1.485000e+04   1.637609e-05   1.733658e-07
 1.495000e+04   1.634031e-05   2.808737e-07
 1.505000e+04   1.621177e-05   2.437586e-07
 1.515000e+04   1.566590e-05   3.057993e-07
 1.525000e+04   1.563597e-05   1.625885e-07
 1.535000e+04   1.571723e-05   1.985911e-07
 1.545000e+04   1.509100e-05   1.973142e-07
 1.555000e+04   1.507379e-05   2.276153e-07
 1.565000e+04   1.434602e-05   2.054407e-07
 1.575000e+04   1.493624e-05   2.012150e-07
 1.585000e+04   1.433147e-05   2.279522e-07
 1.595000e+04   1.443078e-05   1.865470e-07
 1.605000e+04   1.413293e-05   2.429146e-07
 1.615000e+04   1.384912e-05   1.559527e-07
 1.625000e+04   1.388120e-05   2.380099e-07
 1.635000e+04   1.372858e-05   2.040035e-07
 1.645000e+04   1.331204e-05   2.621280e-07
 1.655000e+04   1.327559e-05   1.649136e-07
 1.665000e+04   1.311337e-05   2.102144e-07
 1.675000e+04   1.277159e-05   1.626508e-07
 1.685000e+04   1.293213e-05   2.233546e-07
 1.695000e+04   1.254433e-05   1.415725e-07
 1.705000e+04   1.249520e-05   1.241516e-07
 1.715000e+04   1.216750e-05   1.587583e-07
 1.725000e+04   1.197844e-05   1.951051e-07
 1.735000e+04   1.217006e-05   1.600661e-07
 1.745000e+04   1.186417e-05   1.675819e-07
 1.755000e+04   1.193442e-05   2.324547e-07
 1.765000e+04   1.152457e-05   1.777765e-07
 1.775000e+04   1.147850e-05   2.851103e-07
 1.785000e+04   1.129559e-05   1.686146e-07
 1.795000e+04   1.137015e-05   2.231860e-07
 1.805000e+04   1.097747e-05   2.463909e-07
 1.815000e+04   1.112238e-05   1.738720e-07
 1.825000e+04   1.080753e-05   2.135730e-07
 1.835000e+04   1.061981e-05   1.863149e-07
 1.845000e+04   1.075175e-05   1.586281e-07
 1.855000e+04   1.032424e-05   1.744680e-07
 1.865000e+04   1.045908e-05   1.246712e-07
 1.875000e+04   1.020042e-05   1.613279e-07
 1.885000e+04   1.028790e-05   1.712400e-07
 1.895000e+04   9.751515e-06   2.541178e-07
 1.905000e+04   1.004008e-05   1.582130e-07
 1.915000e+04   9.964895e-06   2.540792e-07
 1.925000e+04   9.350723e-06   2.017700e-07
 1.935000e+04   9.901161e-06   1.584855e-07
 1.945000e+04   9.574782e-06   2.289026e-07
 1.955000e+04   9.283647e-06   2.981456e-07
 1.965000e+04   9.192911e-06   1.728809e-07
 1.975000e+04   9.311547e-06   1.382249e-07
 1.985000e+04   9.374683e-06   2.975340e-07
 1.995000e+04   9.153028e-06   2.320969e-07
 2.005000e+04   9.082111e-06   2.911215e-07
 2.015000e+04   8.996166e-06   2.217228e-07
 2.025000e+04   8.666165e-06   2.728466e-07
 2.035000e+04   8.617795e-06   2.098943e-07
 2.045000e+04   8.875155e-06   1.503353e-07
 2.055000e+04   8.616622e-06   9.992028e-08
 2.065000e+04   8.452102e-06   1.988756e-07
 2.075000e+04   8.279985e-06   2.388943e-07
 2.085000e+04   8.401829e-06   1.901324e-07
 2.095000e+04   8.145089e-06   1.457430e-07
 2.105000e+04   8.290522e-06   2.393468e-07
 2.115000e+04   8.103928e-06   1.443727e-07
 2.125000e+04   7.835552e-06   1.334498e-07
 2.135000e+04   7.915612e-06   2.202205e-07
 2.145000e+04   8.073247e-06   1.878060e-07
 2.155000e+04   7.894775e-06   1.835748e-07
 2.165000e+04   7.733578e-06   1.547538e-07
 2.175000e+04   7.338988e-06   1.485507e-07
 2.185000e+04   7.543525e-06   1.637040e-07
 2.195000e+04   7.568229e-06   2.140621e-07
 2.205000e+04   7.835564e-06   1.202656e-07
 2.215000e+04   6.960830e-06   1.504461e-07
 2.225000e+04   7.084260e-06   1.935006e-07
 2.235000e+04   7.371126e-06   2.359770e-07
 2.245000e+04   7.214341e-06   2.550459e-07
 2.255000e+04   7.068315e-06   2.130745e-07
 2.265000e+04   7.090744e-06   2.295038e-07
 2.275000e+04   7.044419e-06   1.719850e-07
 2.285000e+04   6.885648e-06   1.610154e-07
 2.295000e+04   6.993573e-06   1.679733e-07
 2.305000e+04   6.728929e-06   2.064420e-07
 2.315000e+04   7.003548e-06   1.455290e-07
 2.325000e+04   6.680773e-06   1.790277e-07
 2.335000e+04   6.552810e-06   1.722121e-07
 2.345000e+04   6.523081e-06   1.670346e-07
 2.355000e+04   6.561246e-06   1.752543e-07
 2.365000e+04   6.399332e-06   8.811080e-08
 2.375000e+04   6.233427e-06   1.715767e-07
 2.385000e+04   6.331477e-06   9.912456e-08
 2.395000e+04   6.285198e-06   1.772919e-07
 2.405000e+04   6.161390e-06   1.461806e-07
 2.415000e+04   6.178443e-06   1.386010e-07
 2.425000e+04   6.269840e-06   1.341500e-07
 2.435000e+04   6.157269e-06   1.894989e-07
 2.445000e+04   5.731039e-06   2.182466e-07
 2.455000e+04   6.050274e-06   2.469292e-07
 2.465000e+04   5.455649e-06   2.083551e-07
 2.475000e+04   6.097453e-06   1.627328e-07
 2.485000e+04   6.100076e-06   1.581791e-07
 2.495000e+04   5.236841e-06   3.531165e-07
 2.505000e+04   5.628848e-06   1.412128e-07
 2.515000e+04   5.789169e-06   1.192366e-07
 2.525000e+04   5.841675e-06   2.246967e-07
 2.535000e+04   5.667325e-06   1.601740e-07
 2.545000e+04   5.955771e-06   2.519574e-07
 2.555000e+04   5.075964e-06   1.031010e-07
 2.565000e+04   5.512488e-06   1.881538e-07
 2.575000e+04   5.291202e-06   1.657611e-07
 2.585000e+04   5.505129e-06   2.423167e-07
 2.595000e+04   5.173530e-06   1.509270e-07
 2.605000e+04   5.472871e-06   1.324388e-07
 2.615000e+04   5.460953e-06   2.141265e-07
 2.625000e+04   5.178996e-06   2.222265e-07
 2.635000e+04   4.474169e-06   2.417878e-07
 2.645000e+04   5.310944e-06   2.152392e-07
 2.655000e+04   5.100890e-06   1.763784e-07
 2.665000e+04   5.073765e-06   1.449258e-07
 2.675000e+04   5.088105e-06   1.742663e-07
 2.685000e+04   5.228980e-06   1.854770e-07
 2.695000e+04   5.270879e-06   2.653447e-07
 2.705000e+04   4.712265e-06   2.276810e-07
 2.715000e+04   4.739906e-06   2.315379e-07
 2.725000e+04   5.087012e-06   1.700452e-07
 2.735000e+04   4.927547e-06   1.831246e-07
 2.745000e+04   4.655477e-06   1.318688e-07
 2.755000e+04   5.091234e-06   1.722114e-07
 2.765000e+04   4.837140e-06   2.298426e-07
 2.775000e+04   4.341219e-06   2.303243e-07
 2.785000e+04   4.909566e-06   2.535449e-07
 2.795000e+04   4.110409e-06   2.173573e-07
 2.805000e+04   4.944160e-06   2.545528e-07
 2.815000e+04   4.197376e-06   3.370241e-07
 2.825000e+04   4.337177e-06   1.644625e-07
 2.835000e+04   4.430190e-06   2.497806e-07
 2.845000e+04   4.403299e-06   2.457340e-07
 2.855000e+04   4.181259e-06   1.929015e-07
 2.865000e+04   4.024300e-06   1.449477e-07
 2.875000e+04   4.508323e-06   1.911011e-07
 2.885000e+04   3.992376e-06   1.607938e-07
 2.895000e+04   4.664130e-06   1.552701e-07
 2.905000e+04   4.216559e-06   1.778691e-07
 2.915000e+04   4.446885e-06   2.559623e-07
 2.925000e+04   3.356224e-06   2.092632e-07
 2.935000e+04   4.432247e-06   2.244159e-07
 2.945000e+04   4.179858e-06   1.623987e-07
 2.955000e+04   4.377431e-06   1.648608e-07
 2.965000e+04   3.725679e-06   2.291376e-07
 2.975000e+04   4.462488e-06   1.879349e-07
 2.985000e+04   4.059909e-06   1.745324e-07
 2.995000e+04   3.894402e-06   2.194107e-07
 3.005000e+04   3.520714e-06   2.954603e-07
 3.015000e+04   4.265274e-06   1.936999e-07
 3.025000e+04   3.480456e-06   2.365699e-07
 3.035000e+04   3.493739e-06   3.129942e-07
 3.045000e+04   3.571580e-06   2.322762e-07
 3.055000e+04   3.757563e-06   2.371112e-07
 3.065000e+04   3.041427e-06   2.955533e-07
 3.075000e+04   3.619656e-06   2.610705e-07
 3.085000e+04   3.165760e-06   1.503702e-07
 3.095000e+04   3.758450e-06   2.052039e-07
 3.105000e+04   3.308005e-06   1.813380e-07
 3.115000e+04   3.250691e-06   1.203965e-07
 3.125000e+04   3.401101e-06   1.370905e-07
 3.135000e+04   3.640564e-06   2.164552e-07
 3.145000e+04   3.262741e-06   2.839167e-07
 3.155000e+04   3.253128e-06   2.174546e-07
 3.165000e+04   3.232495e-06   2.655067e-07
 3.175000e+04   3.304439e-06   3.309405e-07
 3.185000e+04   2.735653e-06   2.446011e-07
 3.195000e+04   2.959894e-06   1.791719e-07
 3.205000e+04   2.922311e-06   2.112392e-07
 3.215000e+04   3.569498e-06   2.058647e-07
 3.225000e+04   2.845869e-06   1.344104e-07
 3.235000e+04   2.980202e-06   2.545193e-07
 3.245000e+04   3.132635e-06   2.536995e-07
 3.255000e+04   2.552685e-06   1.807541e-07
 3.265000e+04   2.980997e-06   2.622276e-07
 3.275000e+04   3.181186e-06   3.334154e-07
 3.285000e+04   2.830130e-06   1.624429e-07
 3.295000e+04   3.084887e-06   3.036100e-07
 3.305000e+04   2.374935e-06   2.908484e-07
 3.315000e+04   2.745204e-06   1.554279e-07
 3.325000e+04   2.538913e-06   2.619161e-07
 3.335000e+04   2.718653e-06   2.781214e-07
 3.345000e+04   2.574434e-06   1.663745e-07
 3.355000e+04   2.519260e-06   2.452517e-07
 3.365000e+04   2.916311e-06   2.536364e-07
 3.375000e+04   2.378663e-06   2.377117e-07
 3.385000e+04   2.216287e-06   2.234143e-07
 3.395000e+04   2.778254e-06   1.328653e-07
 3.405000e+04   2.622557e-06   2.495986e-07
 3.415000e+04   2.325361e-06   2.113863e-07
 3.425000e+04   2.670799e-06   1.772366e-07
 3.435000e+04   2.170009e-06   2.824530e-07
 3.445000e+04   2.245982e-06   1.676532e-07
 3.455000e+04   2.175970e-06   1.984341e-07
 3.465000e+04   1.981061e-06   2.030162e-07
 3.475000e+04   2.410470e-06   2.047425e-07
 3.485000e+04   2.039650e-06   2.697532e-07
 3.495000e+04   2.469858e-06   3.013522e-07
 3.505000e+04   2.109882e-06   2.818212e-07
 3.515000e+04   2.278485e-06   1.165394e-07
 3.525000e+04   2.186047e-06   2.258237e-07
 3.535000e+04   2.053692e-06   2.690556e-07
 3.545000e+04   1.227533e-06   3.577244e-07
 3.555000e+04   2.135954e-06   1.748740e-07
 3.565000e+04   2.083198e-06   1.211901e-07
 3.575000e+04   2.502314e-06   3.480329e-07
 3.585000e+04   1.800088e-06   1.625262e-07
 3.595000e+04   2.027814e-06   2.318682e-07
 3.605000e+04   1.733106e-06   1.236792e-07
 3.615000e+04   1.935319e-06   1.686072e-07
 3.625000e+04   2.084303e-06   2.263964e-07
 3.635000e+04   1.828691e-06   2.206546e-07
 3.645000e+04   1.861661e-06   2.085839e-07
 3.655000e+04   1.707160e-06   1.767559e-07
 3.665000e+04   1.803758e-06   1.659908e-07
 3.675000e+04   2.158860e-06   1.469563e-07
 3.685000e+04   1.871308e-06   2.158954e-07
 3.695000e+04   2.037145e-06   7.696927e-08
 3.705000e+04   1.362384e-06   1.524539e-07
 3.715000e+04   1.819540e-06   2.692287e-07
 3.725000e+04   1.486657e-06   1.870202e-07
 3.735000e+04   1.666868e-06   2.842689e-07
 3.745000e+04   2.122382e-06   3.233351e-07
 3.755000e+04   1.843614e-06   2.525672e-07
 3.765000e+04   1.193071e-06   2.423867e-07
 3.775000e+04   1.251572e-06   2.193643e-07
 3.785000e+04   1.437735e-06   1.929513e-07
 3.795000e+04   1.498671e-06   1.357662e-07
 3.805000e+04   1.844401e-06   4.071227e-07
 3.815000e+04   1.544329e-06   1.501635e-07
 3.825000e+04   1.238286e-06   1.930857e-07
 3.835000e+04   1.087437e-06   2.425832e-07
 3.845000e+04   1.535006e-06   2.147115e-07
 3.855000e+04   1.233005e-06   2.376820e-07
 3.865000e+04   1.220629e-06   2.326184e-07
 3.875000e+04   8.588391e-07   1.713723e-07
 3.885000e+04   1.113765e-06   1.678480e-07
 3.895000e+04   9.422237e-07   1.571574e-07
 3.905000e+04   1.339166e-06   1.892503e-07
 3.915000e+04   7.876299e-07   1.883860e-07
 3.925000e+04   9.448855e-07   2.072811e-07
 3.935000e+04   4.855835e-07   2.326997e-07
 3.945000e+04   1.059343e-07   3.061823e-07
 3.955000e+04   8.451702e-07   2.114249e-07
 3.965000e+04   6.969378e-07   2.331635e-07
 3.975000e+04   1.024594e-07   4.217888e-07
 3.985000e+04  -1.933403e-07   3.026946e-07
 3.995000e+04  -8.932086e-07   4.019297e-07
 4.005000e+04   0.000000e+00   0.000000e+00
 4.015000e+04   0.000000e+00   0.000000e+00
 4.025000e+04   0.000000e+00   0.000000e+00
 4.035000e+04   0.000000e+00   0.000000e+00
 4.045000e+04   0.000000e+00   0.000000e+00
 4.055000e+04   0.000000e+00   0.000000e+00
 4.065000e+04   0.000000e+00   0.000000e+00
 4.075000e+04   0.000000e+00   0.000000e+00
 4.085000e+04   0.000000e+00   0.000000e+00
 4.095000e+04   0.000000e+00   0.000000e+00
 4.105000e+04   0.000000e+00   0.000000e+00
 4.115000e+04   0.000000e+00   0.000000e+00
 4.125000e+04   0.000000e+00   0.000000e+00
 4.135000e+04   0.000000e+00   0.000000e+00
 4.145000e+04   0.000000e+00   0.000000e+00
 4.155000e+04   0.000000e+00   0.000000e+00
 4.165000e+04   0.000000e+00   0.000000e+00
 4.175000e+04   0.000000e+00   0.000000e+00
 4.185000e+04   0.000000e+00   0.000000e+00
 4.195000e+04   0.000000e+00   0.000000e+00
 4.205000e+04   0.000000e+00   0.000000e+00
 4.215000e+04   0.000000e+00   0.000000e+00
 4.225000e+04   0.000000e+00   0.000000e+00
 4.235000e+04   0.000000e+00   0.000000e+00
 4.245000e+04   0.000000e+00   0.000000e+00
 4.255000e+04   0.000000e+00   0.000000e+00
 4.265000e+04   0.000000e+00   0.000000e+00
 4.275000e+04   0.000000e+00   0.000000e+00
 4.285000e+04   0.000000e+00   0.000000e+00
 4.295000e+04   0.000000e+00   0.000000e+00
 4.305000e+04   0.000000e+00   0.000000e+00
 4.315000e+04   0.000000e+00   0.000000e+00
 4.325000e+04   0.000000e+00   0.000000e+00
 4.335000e+04   0.000000e+00   0.000000e+00
 4.345000e+04   0.000000e+00   0.000000e+00
 4.355000e+04   0.000000e+00   0.000000e+00
 4.365000e+04   0.000000e+00   0.000000e+00
 4.375000e+04   0.000000e+00   0.000000e+00
 4.385000e+04   0.000000e+00   0.000000e+00
 4.395000e+04   0.000000e+00   0.000000e+00
 4.405000e+04   0.000000e+00   0.000000e+00
 4.415000e+04   0.000000e+00   0.000000e+00
 4.425000e+04   0.000000e+00   0.000000e+00
 4.435000e+04   0.000000e+00   0.000000e+00
 4.445000e+04   0.000000e+00   0.000000e+00
 4.455000e+04   0.000000e+00   0.000000e+00
 4.465000e+04   0.000000e+00   0.000000e+00
 4.475000e+04   0.000000e+00   0.000000e+00
 4.485000e+04   0.000000e+00   0.000000e+00
 4.495000e+04   0.000000e+00   0.000000e+00
 4.505000e+04   0.000000e+00   0.000000e+00
 4.515000e+04   0.000000e+00   0.000000e+00
 4.525000e+04   0.000000e+00   0.000000e+00
 4.535000e+04   0.000000e+00   0.000000e+00
 4.545000e+04   0.000000e+00   0.000000e+00
 4.555000e+04   0.000000e+00   0.000000e+00
 4.565000e+04   0.000000e+00   0.000000e+00
 4.575000e+04   0.000000e+00   0.000000e+00
 4.585000e+04   0.000000e+00   0.000000e+00
 4.595000e+04   0.000000e+00   0.000000e+00
 4.605000e+04   0.000000e+00   0.000000e+00
 4.615000e+04   0.000000e+00   0.000000e+00
 4.625000e+04   0.000000e+00   0.000000e+00
 4.635000e+04   0.000000e+00   0.000000e+00
 4.645000e+04   0.000000e+00   0.000000e+00
 4.655000e+04   0.000000e+00   0.000000e+00
 4.665000e+04   0.000000e+00   0.000000e+00
 4.675000e+04   0.000000e+00   0.000000e+00
 4.685000e+04   0.000000e+00   0.000000e+00
 4.695000e+04   0.000000e+00   0.000000e+00
 4.705000e+04   0.000000e+00   0.000000e+00
 4.715000e+04   0.000000e+00   0.000000e+00
 4.725000e+04   0.000000e+00   0.000000e+00
 4.735000e+04   0.000000e+00   0.000000e+00
 4.745000e+04   0.000000e+00   0.000000e+00
 4.755000e+04   0.000000e+00   0.000000e+00
 4.765000e+04   0.000000e+00   0.000000e+00
 4.775000e+04   0.000000e+00   0.000000e+00
 4.785000e+04   0.000000e+00   0.000000e+00
 4.795000e+04   0.000000e+00   0.000000e+00
 4.805000e+04   0.000000e+00   0.000000e+00
 4.815000e+04   0.000000e+00   0.000000e+00
 4.825000e+04   0.000000e+00   0.000000e+00
 4.835000e+04   0.000000e+00   0.000000e+00
 4.845000e+04   0.000000e+00   0.000000e+00
 4.855000e+04   0.000000e+00   0.000000e+00
 4.865000e+04   0.000000e+00   0.000000e+00
 4.875000e+04   0.000000e+00   0.000000e+00
 4.885000e+04   0.000000e+00   0.000000e+00
 4.895000e+04   0.000000e+00   0.000000e+00
 4.905000e+04   0.000000e+00   0.000000e+00
 4.915000e+04   0.000000e+00   0.000000e+00
 4.925000e+04   0.000000e+00   0.000000e+00
 4.935000e+04   0.000000e+00   0.000000e+00
 4.945000e+04   0.000000e+00   0.000000e+00
 4.955000e+04   0.000000e+00   0.000000e+00
 4.965000e+04   0.000000e+00   0.000000e+00
 4.975000e+04   0.000000e+00   0.000000e+00
 4.985000e+04   0.000000e+00   0.000000e+00
 4.995000e+04   0.000000e+00   0.000000e+00
 inf   0.000000e+00   0.000000e+00
