Q2_lab bin centers    value    Error 
-inf   0.000000e+00   0.000000e+00
 5.000000e+01   0.000000e+00   0.000000e+00
 1.500000e+02   0.000000e+00   0.000000e+00
 2.500000e+02   0.000000e+00   0.000000e+00
 3.500000e+02   0.000000e+00   0.000000e+00
 4.500000e+02   0.000000e+00   0.000000e+00
 5.500000e+02   0.000000e+00   0.000000e+00
 6.500000e+02   0.000000e+00   0.000000e+00
 7.500000e+02   0.000000e+00   0.000000e+00
 8.500000e+02   1.454358e-05   2.279643e-07
 9.500000e+02   2.617768e-03   4.488582e-05
 1.050000e+03   0.000000e+00   0.000000e+00
 1.150000e+03   0.000000e+00   0.000000e+00
 1.250000e+03   0.000000e+00   0.000000e+00
 1.350000e+03   0.000000e+00   0.000000e+00
 1.450000e+03   0.000000e+00   0.000000e+00
 1.550000e+03   0.000000e+00   0.000000e+00
 1.650000e+03   0.000000e+00   0.000000e+00
 1.750000e+03   0.000000e+00   0.000000e+00
 1.850000e+03   0.000000e+00   0.000000e+00
 1.950000e+03   0.000000e+00   0.000000e+00
 2.050000e+03   0.000000e+00   0.000000e+00
 2.150000e+03   0.000000e+00   0.000000e+00
 2.250000e+03   0.000000e+00   0.000000e+00
 2.350000e+03   0.000000e+00   0.000000e+00
 2.450000e+03   0.000000e+00   0.000000e+00
 2.550000e+03   0.000000e+00   0.000000e+00
 2.650000e+03   0.000000e+00   0.000000e+00
 2.750000e+03   0.000000e+00   0.000000e+00
 2.850000e+03   0.000000e+00   0.000000e+00
 2.950000e+03   0.000000e+00   0.000000e+00
 3.050000e+03   0.000000e+00   0.000000e+00
 3.150000e+03   0.000000e+00   0.000000e+00
 3.250000e+03   0.000000e+00   0.000000e+00
 3.350000e+03   0.000000e+00   0.000000e+00
 3.450000e+03   0.000000e+00   0.000000e+00
 3.550000e+03   0.000000e+00   0.000000e+00
 3.650000e+03   0.000000e+00   0.000000e+00
 3.750000e+03   0.000000e+00   0.000000e+00
 3.850000e+03   0.000000e+00   0.000000e+00
 3.950000e+03   0.000000e+00   0.000000e+00
 4.050000e+03   0.000000e+00   0.000000e+00
 4.150000e+03   0.000000e+00   0.000000e+00
 4.250000e+03   0.000000e+00   0.000000e+00
 4.350000e+03   0.000000e+00   0.000000e+00
 4.450000e+03   0.000000e+00   0.000000e+00
 4.550000e+03   0.000000e+00   0.000000e+00
 4.650000e+03   0.000000e+00   0.000000e+00
 4.750000e+03   0.000000e+00   0.000000e+00
 4.850000e+03   0.000000e+00   0.000000e+00
 4.950000e+03   0.000000e+00   0.000000e+00
 5.050000e+03   0.000000e+00   0.000000e+00
 5.150000e+03   0.000000e+00   0.000000e+00
 5.250000e+03   0.000000e+00   0.000000e+00
 5.350000e+03   0.000000e+00   0.000000e+00
 5.450000e+03   0.000000e+00   0.000000e+00
 5.550000e+03   0.000000e+00   0.000000e+00
 5.650000e+03   0.000000e+00   0.000000e+00
 5.750000e+03   0.000000e+00   0.000000e+00
 5.850000e+03   0.000000e+00   0.000000e+00
 5.950000e+03   0.000000e+00   0.000000e+00
 6.050000e+03   0.000000e+00   0.000000e+00
 6.150000e+03   0.000000e+00   0.000000e+00
 6.250000e+03   0.000000e+00   0.000000e+00
 6.350000e+03   0.000000e+00   0.000000e+00
 6.450000e+03   0.000000e+00   0.000000e+00
 6.550000e+03   0.000000e+00   0.000000e+00
 6.650000e+03   0.000000e+00   0.000000e+00
 6.750000e+03   0.000000e+00   0.000000e+00
 6.850000e+03   0.000000e+00   0.000000e+00
 6.950000e+03   0.000000e+00   0.000000e+00
 7.050000e+03   0.000000e+00   0.000000e+00
 7.150000e+03   0.000000e+00   0.000000e+00
 7.250000e+03   0.000000e+00   0.000000e+00
 7.350000e+03   0.000000e+00   0.000000e+00
 7.450000e+03   0.000000e+00   0.000000e+00
 7.550000e+03   0.000000e+00   0.000000e+00
 7.650000e+03   0.000000e+00   0.000000e+00
 7.750000e+03   0.000000e+00   0.000000e+00
 7.850000e+03   0.000000e+00   0.000000e+00
 7.950000e+03   0.000000e+00   0.000000e+00
 8.050000e+03   0.000000e+00   0.000000e+00
 8.150000e+03   0.000000e+00   0.000000e+00
 8.250000e+03   0.000000e+00   0.000000e+00
 8.350000e+03   0.000000e+00   0.000000e+00
 8.450000e+03   0.000000e+00   0.000000e+00
 8.550000e+03   0.000000e+00   0.000000e+00
 8.650000e+03   0.000000e+00   0.000000e+00
 8.750000e+03   0.000000e+00   0.000000e+00
 8.850000e+03   0.000000e+00   0.000000e+00
 8.950000e+03   0.000000e+00   0.000000e+00
 9.050000e+03   0.000000e+00   0.000000e+00
 9.150000e+03   0.000000e+00   0.000000e+00
 9.250000e+03   0.000000e+00   0.000000e+00
 9.350000e+03   0.000000e+00   0.000000e+00
 9.450000e+03   0.000000e+00   0.000000e+00
 9.550000e+03   0.000000e+00   0.000000e+00
 9.650000e+03   0.000000e+00   0.000000e+00
 9.750000e+03   0.000000e+00   0.000000e+00
 9.850000e+03   0.000000e+00   0.000000e+00
 9.950000e+03   0.000000e+00   0.000000e+00
 1.005000e+04   0.000000e+00   0.000000e+00
 1.015000e+04   0.000000e+00   0.000000e+00
 1.025000e+04   0.000000e+00   0.000000e+00
 1.035000e+04   0.000000e+00   0.000000e+00
 1.045000e+04   0.000000e+00   0.000000e+00
 1.055000e+04   0.000000e+00   0.000000e+00
 1.065000e+04   0.000000e+00   0.000000e+00
 1.075000e+04   0.000000e+00   0.000000e+00
 1.085000e+04   0.000000e+00   0.000000e+00
 1.095000e+04   0.000000e+00   0.000000e+00
 1.105000e+04   0.000000e+00   0.000000e+00
 1.115000e+04   0.000000e+00   0.000000e+00
 1.125000e+04   0.000000e+00   0.000000e+00
 1.135000e+04   0.000000e+00   0.000000e+00
 1.145000e+04   0.000000e+00   0.000000e+00
 1.155000e+04   0.000000e+00   0.000000e+00
 1.165000e+04   0.000000e+00   0.000000e+00
 1.175000e+04   0.000000e+00   0.000000e+00
 1.185000e+04   0.000000e+00   0.000000e+00
 1.195000e+04   0.000000e+00   0.000000e+00
 1.205000e+04   0.000000e+00   0.000000e+00
 1.215000e+04   0.000000e+00   0.000000e+00
 1.225000e+04   0.000000e+00   0.000000e+00
 1.235000e+04   0.000000e+00   0.000000e+00
 1.245000e+04   0.000000e+00   0.000000e+00
 1.255000e+04   0.000000e+00   0.000000e+00
 1.265000e+04   0.000000e+00   0.000000e+00
 1.275000e+04   0.000000e+00   0.000000e+00
 1.285000e+04   0.000000e+00   0.000000e+00
 1.295000e+04   0.000000e+00   0.000000e+00
 1.305000e+04   0.000000e+00   0.000000e+00
 1.315000e+04   0.000000e+00   0.000000e+00
 1.325000e+04   0.000000e+00   0.000000e+00
 1.335000e+04   0.000000e+00   0.000000e+00
 1.345000e+04   0.000000e+00   0.000000e+00
 1.355000e+04   0.000000e+00   0.000000e+00
 1.365000e+04   0.000000e+00   0.000000e+00
 1.375000e+04   0.000000e+00   0.000000e+00
 1.385000e+04   0.000000e+00   0.000000e+00
 1.395000e+04   0.000000e+00   0.000000e+00
 1.405000e+04   0.000000e+00   0.000000e+00
 1.415000e+04   0.000000e+00   0.000000e+00
 1.425000e+04   0.000000e+00   0.000000e+00
 1.435000e+04   0.000000e+00   0.000000e+00
 1.445000e+04   0.000000e+00   0.000000e+00
 1.455000e+04   0.000000e+00   0.000000e+00
 1.465000e+04   0.000000e+00   0.000000e+00
 1.475000e+04   0.000000e+00   0.000000e+00
 1.485000e+04   0.000000e+00   0.000000e+00
 1.495000e+04   0.000000e+00   0.000000e+00
 1.505000e+04   0.000000e+00   0.000000e+00
 1.515000e+04   0.000000e+00   0.000000e+00
 1.525000e+04   0.000000e+00   0.000000e+00
 1.535000e+04   0.000000e+00   0.000000e+00
 1.545000e+04   0.000000e+00   0.000000e+00
 1.555000e+04   0.000000e+00   0.000000e+00
 1.565000e+04   0.000000e+00   0.000000e+00
 1.575000e+04   0.000000e+00   0.000000e+00
 1.585000e+04   0.000000e+00   0.000000e+00
 1.595000e+04   0.000000e+00   0.000000e+00
 1.605000e+04   0.000000e+00   0.000000e+00
 1.615000e+04   0.000000e+00   0.000000e+00
 1.625000e+04   0.000000e+00   0.000000e+00
 1.635000e+04   0.000000e+00   0.000000e+00
 1.645000e+04   0.000000e+00   0.000000e+00
 1.655000e+04   0.000000e+00   0.000000e+00
 1.665000e+04   0.000000e+00   0.000000e+00
 1.675000e+04   0.000000e+00   0.000000e+00
 1.685000e+04   0.000000e+00   0.000000e+00
 1.695000e+04   0.000000e+00   0.000000e+00
 1.705000e+04   0.000000e+00   0.000000e+00
 1.715000e+04   0.000000e+00   0.000000e+00
 1.725000e+04   0.000000e+00   0.000000e+00
 1.735000e+04   0.000000e+00   0.000000e+00
 1.745000e+04   0.000000e+00   0.000000e+00
 1.755000e+04   0.000000e+00   0.000000e+00
 1.765000e+04   0.000000e+00   0.000000e+00
 1.775000e+04   0.000000e+00   0.000000e+00
 1.785000e+04   0.000000e+00   0.000000e+00
 1.795000e+04   0.000000e+00   0.000000e+00
 1.805000e+04   0.000000e+00   0.000000e+00
 1.815000e+04   0.000000e+00   0.000000e+00
 1.825000e+04   0.000000e+00   0.000000e+00
 1.835000e+04   0.000000e+00   0.000000e+00
 1.845000e+04   0.000000e+00   0.000000e+00
 1.855000e+04   0.000000e+00   0.000000e+00
 1.865000e+04   0.000000e+00   0.000000e+00
 1.875000e+04   0.000000e+00   0.000000e+00
 1.885000e+04   0.000000e+00   0.000000e+00
 1.895000e+04   0.000000e+00   0.000000e+00
 1.905000e+04   0.000000e+00   0.000000e+00
 1.915000e+04   0.000000e+00   0.000000e+00
 1.925000e+04   0.000000e+00   0.000000e+00
 1.935000e+04   0.000000e+00   0.000000e+00
 1.945000e+04   0.000000e+00   0.000000e+00
 1.955000e+04   0.000000e+00   0.000000e+00
 1.965000e+04   0.000000e+00   0.000000e+00
 1.975000e+04   0.000000e+00   0.000000e+00
 1.985000e+04   0.000000e+00   0.000000e+00
 1.995000e+04   0.000000e+00   0.000000e+00
 2.005000e+04   0.000000e+00   0.000000e+00
 2.015000e+04   0.000000e+00   0.000000e+00
 2.025000e+04   0.000000e+00   0.000000e+00
 2.035000e+04   0.000000e+00   0.000000e+00
 2.045000e+04   0.000000e+00   0.000000e+00
 2.055000e+04   0.000000e+00   0.000000e+00
 2.065000e+04   0.000000e+00   0.000000e+00
 2.075000e+04   0.000000e+00   0.000000e+00
 2.085000e+04   0.000000e+00   0.000000e+00
 2.095000e+04   0.000000e+00   0.000000e+00
 2.105000e+04   0.000000e+00   0.000000e+00
 2.115000e+04   0.000000e+00   0.000000e+00
 2.125000e+04   0.000000e+00   0.000000e+00
 2.135000e+04   0.000000e+00   0.000000e+00
 2.145000e+04   0.000000e+00   0.000000e+00
 2.155000e+04   0.000000e+00   0.000000e+00
 2.165000e+04   0.000000e+00   0.000000e+00
 2.175000e+04   0.000000e+00   0.000000e+00
 2.185000e+04   0.000000e+00   0.000000e+00
 2.195000e+04   0.000000e+00   0.000000e+00
 2.205000e+04   0.000000e+00   0.000000e+00
 2.215000e+04   0.000000e+00   0.000000e+00
 2.225000e+04   0.000000e+00   0.000000e+00
 2.235000e+04   0.000000e+00   0.000000e+00
 2.245000e+04   0.000000e+00   0.000000e+00
 2.255000e+04   0.000000e+00   0.000000e+00
 2.265000e+04   0.000000e+00   0.000000e+00
 2.275000e+04   0.000000e+00   0.000000e+00
 2.285000e+04   0.000000e+00   0.000000e+00
 2.295000e+04   0.000000e+00   0.000000e+00
 2.305000e+04   0.000000e+00   0.000000e+00
 2.315000e+04   0.000000e+00   0.000000e+00
 2.325000e+04   0.000000e+00   0.000000e+00
 2.335000e+04   0.000000e+00   0.000000e+00
 2.345000e+04   0.000000e+00   0.000000e+00
 2.355000e+04   0.000000e+00   0.000000e+00
 2.365000e+04   0.000000e+00   0.000000e+00
 2.375000e+04   0.000000e+00   0.000000e+00
 2.385000e+04   0.000000e+00   0.000000e+00
 2.395000e+04   0.000000e+00   0.000000e+00
 2.405000e+04   0.000000e+00   0.000000e+00
 2.415000e+04   0.000000e+00   0.000000e+00
 2.425000e+04   0.000000e+00   0.000000e+00
 2.435000e+04   0.000000e+00   0.000000e+00
 2.445000e+04   0.000000e+00   0.000000e+00
 2.455000e+04   0.000000e+00   0.000000e+00
 2.465000e+04   0.000000e+00   0.000000e+00
 2.475000e+04   0.000000e+00   0.000000e+00
 2.485000e+04   0.000000e+00   0.000000e+00
 2.495000e+04   0.000000e+00   0.000000e+00
 2.505000e+04   0.000000e+00   0.000000e+00
 2.515000e+04   0.000000e+00   0.000000e+00
 2.525000e+04   0.000000e+00   0.000000e+00
 2.535000e+04   0.000000e+00   0.000000e+00
 2.545000e+04   0.000000e+00   0.000000e+00
 2.555000e+04   0.000000e+00   0.000000e+00
 2.565000e+04   0.000000e+00   0.000000e+00
 2.575000e+04   0.000000e+00   0.000000e+00
 2.585000e+04   0.000000e+00   0.000000e+00
 2.595000e+04   0.000000e+00   0.000000e+00
 2.605000e+04   0.000000e+00   0.000000e+00
 2.615000e+04   0.000000e+00   0.000000e+00
 2.625000e+04   0.000000e+00   0.000000e+00
 2.635000e+04   0.000000e+00   0.000000e+00
 2.645000e+04   0.000000e+00   0.000000e+00
 2.655000e+04   0.000000e+00   0.000000e+00
 2.665000e+04   0.000000e+00   0.000000e+00
 2.675000e+04   0.000000e+00   0.000000e+00
 2.685000e+04   0.000000e+00   0.000000e+00
 2.695000e+04   0.000000e+00   0.000000e+00
 2.705000e+04   0.000000e+00   0.000000e+00
 2.715000e+04   0.000000e+00   0.000000e+00
 2.725000e+04   0.000000e+00   0.000000e+00
 2.735000e+04   0.000000e+00   0.000000e+00
 2.745000e+04   0.000000e+00   0.000000e+00
 2.755000e+04   0.000000e+00   0.000000e+00
 2.765000e+04   0.000000e+00   0.000000e+00
 2.775000e+04   0.000000e+00   0.000000e+00
 2.785000e+04   0.000000e+00   0.000000e+00
 2.795000e+04   0.000000e+00   0.000000e+00
 2.805000e+04   0.000000e+00   0.000000e+00
 2.815000e+04   0.000000e+00   0.000000e+00
 2.825000e+04   0.000000e+00   0.000000e+00
 2.835000e+04   0.000000e+00   0.000000e+00
 2.845000e+04   0.000000e+00   0.000000e+00
 2.855000e+04   0.000000e+00   0.000000e+00
 2.865000e+04   0.000000e+00   0.000000e+00
 2.875000e+04   0.000000e+00   0.000000e+00
 2.885000e+04   0.000000e+00   0.000000e+00
 2.895000e+04   0.000000e+00   0.000000e+00
 2.905000e+04   0.000000e+00   0.000000e+00
 2.915000e+04   0.000000e+00   0.000000e+00
 2.925000e+04   0.000000e+00   0.000000e+00
 2.935000e+04   0.000000e+00   0.000000e+00
 2.945000e+04   0.000000e+00   0.000000e+00
 2.955000e+04   0.000000e+00   0.000000e+00
 2.965000e+04   0.000000e+00   0.000000e+00
 2.975000e+04   0.000000e+00   0.000000e+00
 2.985000e+04   0.000000e+00   0.000000e+00
 2.995000e+04   0.000000e+00   0.000000e+00
 3.005000e+04   0.000000e+00   0.000000e+00
 3.015000e+04   0.000000e+00   0.000000e+00
 3.025000e+04   0.000000e+00   0.000000e+00
 3.035000e+04   0.000000e+00   0.000000e+00
 3.045000e+04   0.000000e+00   0.000000e+00
 3.055000e+04   0.000000e+00   0.000000e+00
 3.065000e+04   0.000000e+00   0.000000e+00
 3.075000e+04   0.000000e+00   0.000000e+00
 3.085000e+04   0.000000e+00   0.000000e+00
 3.095000e+04   0.000000e+00   0.000000e+00
 3.105000e+04   0.000000e+00   0.000000e+00
 3.115000e+04   0.000000e+00   0.000000e+00
 3.125000e+04   0.000000e+00   0.000000e+00
 3.135000e+04   0.000000e+00   0.000000e+00
 3.145000e+04   0.000000e+00   0.000000e+00
 3.155000e+04   0.000000e+00   0.000000e+00
 3.165000e+04   0.000000e+00   0.000000e+00
 3.175000e+04   0.000000e+00   0.000000e+00
 3.185000e+04   0.000000e+00   0.000000e+00
 3.195000e+04   0.000000e+00   0.000000e+00
 3.205000e+04   0.000000e+00   0.000000e+00
 3.215000e+04   0.000000e+00   0.000000e+00
 3.225000e+04   0.000000e+00   0.000000e+00
 3.235000e+04   0.000000e+00   0.000000e+00
 3.245000e+04   0.000000e+00   0.000000e+00
 3.255000e+04   0.000000e+00   0.000000e+00
 3.265000e+04   0.000000e+00   0.000000e+00
 3.275000e+04   0.000000e+00   0.000000e+00
 3.285000e+04   0.000000e+00   0.000000e+00
 3.295000e+04   0.000000e+00   0.000000e+00
 3.305000e+04   0.000000e+00   0.000000e+00
 3.315000e+04   0.000000e+00   0.000000e+00
 3.325000e+04   0.000000e+00   0.000000e+00
 3.335000e+04   0.000000e+00   0.000000e+00
 3.345000e+04   0.000000e+00   0.000000e+00
 3.355000e+04   0.000000e+00   0.000000e+00
 3.365000e+04   0.000000e+00   0.000000e+00
 3.375000e+04   0.000000e+00   0.000000e+00
 3.385000e+04   0.000000e+00   0.000000e+00
 3.395000e+04   0.000000e+00   0.000000e+00
 3.405000e+04   0.000000e+00   0.000000e+00
 3.415000e+04   0.000000e+00   0.000000e+00
 3.425000e+04   0.000000e+00   0.000000e+00
 3.435000e+04   0.000000e+00   0.000000e+00
 3.445000e+04   0.000000e+00   0.000000e+00
 3.455000e+04   0.000000e+00   0.000000e+00
 3.465000e+04   0.000000e+00   0.000000e+00
 3.475000e+04   0.000000e+00   0.000000e+00
 3.485000e+04   0.000000e+00   0.000000e+00
 3.495000e+04   0.000000e+00   0.000000e+00
 3.505000e+04   0.000000e+00   0.000000e+00
 3.515000e+04   0.000000e+00   0.000000e+00
 3.525000e+04   0.000000e+00   0.000000e+00
 3.535000e+04   0.000000e+00   0.000000e+00
 3.545000e+04   0.000000e+00   0.000000e+00
 3.555000e+04   0.000000e+00   0.000000e+00
 3.565000e+04   0.000000e+00   0.000000e+00
 3.575000e+04   0.000000e+00   0.000000e+00
 3.585000e+04   0.000000e+00   0.000000e+00
 3.595000e+04   0.000000e+00   0.000000e+00
 3.605000e+04   0.000000e+00   0.000000e+00
 3.615000e+04   0.000000e+00   0.000000e+00
 3.625000e+04   0.000000e+00   0.000000e+00
 3.635000e+04   0.000000e+00   0.000000e+00
 3.645000e+04   0.000000e+00   0.000000e+00
 3.655000e+04   0.000000e+00   0.000000e+00
 3.665000e+04   0.000000e+00   0.000000e+00
 3.675000e+04   0.000000e+00   0.000000e+00
 3.685000e+04   0.000000e+00   0.000000e+00
 3.695000e+04   0.000000e+00   0.000000e+00
 3.705000e+04   0.000000e+00   0.000000e+00
 3.715000e+04   0.000000e+00   0.000000e+00
 3.725000e+04   0.000000e+00   0.000000e+00
 3.735000e+04   0.000000e+00   0.000000e+00
 3.745000e+04   0.000000e+00   0.000000e+00
 3.755000e+04   0.000000e+00   0.000000e+00
 3.765000e+04   0.000000e+00   0.000000e+00
 3.775000e+04   0.000000e+00   0.000000e+00
 3.785000e+04   0.000000e+00   0.000000e+00
 3.795000e+04   0.000000e+00   0.000000e+00
 3.805000e+04   0.000000e+00   0.000000e+00
 3.815000e+04   0.000000e+00   0.000000e+00
 3.825000e+04   0.000000e+00   0.000000e+00
 3.835000e+04   0.000000e+00   0.000000e+00
 3.845000e+04   0.000000e+00   0.000000e+00
 3.855000e+04   0.000000e+00   0.000000e+00
 3.865000e+04   0.000000e+00   0.000000e+00
 3.875000e+04   0.000000e+00   0.000000e+00
 3.885000e+04   0.000000e+00   0.000000e+00
 3.895000e+04   0.000000e+00   0.000000e+00
 3.905000e+04   0.000000e+00   0.000000e+00
 3.915000e+04   0.000000e+00   0.000000e+00
 3.925000e+04   0.000000e+00   0.000000e+00
 3.935000e+04   0.000000e+00   0.000000e+00
 3.945000e+04   0.000000e+00   0.000000e+00
 3.955000e+04   0.000000e+00   0.000000e+00
 3.965000e+04   0.000000e+00   0.000000e+00
 3.975000e+04   0.000000e+00   0.000000e+00
 3.985000e+04   0.000000e+00   0.000000e+00
 3.995000e+04   0.000000e+00   0.000000e+00
 4.005000e+04   0.000000e+00   0.000000e+00
 4.015000e+04   0.000000e+00   0.000000e+00
 4.025000e+04   0.000000e+00   0.000000e+00
 4.035000e+04   0.000000e+00   0.000000e+00
 4.045000e+04   0.000000e+00   0.000000e+00
 4.055000e+04   0.000000e+00   0.000000e+00
 4.065000e+04   0.000000e+00   0.000000e+00
 4.075000e+04   0.000000e+00   0.000000e+00
 4.085000e+04   0.000000e+00   0.000000e+00
 4.095000e+04   0.000000e+00   0.000000e+00
 4.105000e+04   0.000000e+00   0.000000e+00
 4.115000e+04   0.000000e+00   0.000000e+00
 4.125000e+04   0.000000e+00   0.000000e+00
 4.135000e+04   0.000000e+00   0.000000e+00
 4.145000e+04   0.000000e+00   0.000000e+00
 4.155000e+04   0.000000e+00   0.000000e+00
 4.165000e+04   0.000000e+00   0.000000e+00
 4.175000e+04   0.000000e+00   0.000000e+00
 4.185000e+04   0.000000e+00   0.000000e+00
 4.195000e+04   0.000000e+00   0.000000e+00
 4.205000e+04   0.000000e+00   0.000000e+00
 4.215000e+04   0.000000e+00   0.000000e+00
 4.225000e+04   0.000000e+00   0.000000e+00
 4.235000e+04   0.000000e+00   0.000000e+00
 4.245000e+04   0.000000e+00   0.000000e+00
 4.255000e+04   0.000000e+00   0.000000e+00
 4.265000e+04   0.000000e+00   0.000000e+00
 4.275000e+04   0.000000e+00   0.000000e+00
 4.285000e+04   0.000000e+00   0.000000e+00
 4.295000e+04   0.000000e+00   0.000000e+00
 4.305000e+04   0.000000e+00   0.000000e+00
 4.315000e+04   0.000000e+00   0.000000e+00
 4.325000e+04   0.000000e+00   0.000000e+00
 4.335000e+04   0.000000e+00   0.000000e+00
 4.345000e+04   0.000000e+00   0.000000e+00
 4.355000e+04   0.000000e+00   0.000000e+00
 4.365000e+04   0.000000e+00   0.000000e+00
 4.375000e+04   0.000000e+00   0.000000e+00
 4.385000e+04   0.000000e+00   0.000000e+00
 4.395000e+04   0.000000e+00   0.000000e+00
 4.405000e+04   0.000000e+00   0.000000e+00
 4.415000e+04   0.000000e+00   0.000000e+00
 4.425000e+04   0.000000e+00   0.000000e+00
 4.435000e+04   0.000000e+00   0.000000e+00
 4.445000e+04   0.000000e+00   0.000000e+00
 4.455000e+04   0.000000e+00   0.000000e+00
 4.465000e+04   0.000000e+00   0.000000e+00
 4.475000e+04   0.000000e+00   0.000000e+00
 4.485000e+04   0.000000e+00   0.000000e+00
 4.495000e+04   0.000000e+00   0.000000e+00
 4.505000e+04   0.000000e+00   0.000000e+00
 4.515000e+04   0.000000e+00   0.000000e+00
 4.525000e+04   0.000000e+00   0.000000e+00
 4.535000e+04   0.000000e+00   0.000000e+00
 4.545000e+04   0.000000e+00   0.000000e+00
 4.555000e+04   0.000000e+00   0.000000e+00
 4.565000e+04   0.000000e+00   0.000000e+00
 4.575000e+04   0.000000e+00   0.000000e+00
 4.585000e+04   0.000000e+00   0.000000e+00
 4.595000e+04   0.000000e+00   0.000000e+00
 4.605000e+04   0.000000e+00   0.000000e+00
 4.615000e+04   0.000000e+00   0.000000e+00
 4.625000e+04   0.000000e+00   0.000000e+00
 4.635000e+04   0.000000e+00   0.000000e+00
 4.645000e+04   0.000000e+00   0.000000e+00
 4.655000e+04   0.000000e+00   0.000000e+00
 4.665000e+04   0.000000e+00   0.000000e+00
 4.675000e+04   0.000000e+00   0.000000e+00
 4.685000e+04   0.000000e+00   0.000000e+00
 4.695000e+04   0.000000e+00   0.000000e+00
 4.705000e+04   0.000000e+00   0.000000e+00
 4.715000e+04   0.000000e+00   0.000000e+00
 4.725000e+04   0.000000e+00   0.000000e+00
 4.735000e+04   0.000000e+00   0.000000e+00
 4.745000e+04   0.000000e+00   0.000000e+00
 4.755000e+04   0.000000e+00   0.000000e+00
 4.765000e+04   0.000000e+00   0.000000e+00
 4.775000e+04   0.000000e+00   0.000000e+00
 4.785000e+04   0.000000e+00   0.000000e+00
 4.795000e+04   0.000000e+00   0.000000e+00
 4.805000e+04   0.000000e+00   0.000000e+00
 4.815000e+04   0.000000e+00   0.000000e+00
 4.825000e+04   0.000000e+00   0.000000e+00
 4.835000e+04   0.000000e+00   0.000000e+00
 4.845000e+04   0.000000e+00   0.000000e+00
 4.855000e+04   0.000000e+00   0.000000e+00
 4.865000e+04   0.000000e+00   0.000000e+00
 4.875000e+04   0.000000e+00   0.000000e+00
 4.885000e+04   0.000000e+00   0.000000e+00
 4.895000e+04   0.000000e+00   0.000000e+00
 4.905000e+04   0.000000e+00   0.000000e+00
 4.915000e+04   0.000000e+00   0.000000e+00
 4.925000e+04   0.000000e+00   0.000000e+00
 4.935000e+04   0.000000e+00   0.000000e+00
 4.945000e+04   0.000000e+00   0.000000e+00
 4.955000e+04   0.000000e+00   0.000000e+00
 4.965000e+04   0.000000e+00   0.000000e+00
 4.975000e+04   0.000000e+00   0.000000e+00
 4.985000e+04   0.000000e+00   0.000000e+00
 4.995000e+04   0.000000e+00   0.000000e+00
 inf   0.000000e+00   0.000000e+00
