y5_lab bin centers    value    Error 
-inf   1.522454e-03   1.041841e-04
-1.996000e-01   4.626558e-03   1.277715e-03
-1.988000e-01   5.105862e-03   1.627889e-03
-1.980000e-01   4.843294e-03   1.321614e-03
-1.972000e-01   7.761482e-03   2.038416e-03
-1.964000e-01   2.023017e-03   6.824963e-04
-1.956000e-01   1.319286e-03   4.342249e-04
-1.948000e-01   9.616711e-03   4.007912e-03
-1.940000e-01   8.573820e-03   2.337926e-03
-1.932000e-01   5.043008e-03   2.077878e-03
-1.924000e-01   1.503076e-03   7.073124e-04
-1.916000e-01   7.962395e-03   1.863775e-03
-1.908000e-01   1.509295e-02   2.210459e-03
-1.900000e-01   2.582745e-02   2.387791e-03
-1.892000e-01   3.745297e-02   6.117336e-03
-1.884000e-01   2.535671e-02   3.005312e-03
-1.876000e-01   1.978010e-02   1.786266e-03
-1.868000e-01   3.466697e-02   5.981148e-03
-1.860000e-01   2.770101e-02   2.503483e-03
-1.852000e-01   3.472105e-02   4.442366e-03
-1.844000e-01   3.157692e-02   3.863368e-03
-1.836000e-01   2.685463e-02   2.518218e-03
-1.828000e-01   3.025606e-02   3.464167e-03
-1.820000e-01   3.191437e-02   4.021945e-03
-1.812000e-01   2.926743e-02   3.373518e-03
-1.804000e-01   2.169961e-02   2.171430e-03
-1.796000e-01   3.056227e-02   3.371211e-03
-1.788000e-01   3.047363e-02   2.447461e-03
-1.780000e-01   3.088238e-02   3.245610e-03
-1.772000e-01   2.775950e-02   2.523161e-03
-1.764000e-01   3.645930e-02   3.450824e-03
-1.756000e-01   3.511779e-02   4.851184e-03
-1.748000e-01   3.637064e-02   3.802750e-03
-1.740000e-01   2.953117e-02   2.452275e-03
-1.732000e-01   4.253961e-02   4.518588e-03
-1.724000e-01   3.846664e-02   3.637365e-03
-1.716000e-01   4.251753e-02   6.956871e-03
-1.708000e-01   3.243710e-02   5.396443e-03
-1.700000e-01   3.727546e-02   3.881285e-03
-1.692000e-01   4.383941e-02   4.478501e-03
-1.684000e-01   5.843900e-02   1.135849e-02
-1.676000e-01   3.818086e-02   3.658819e-03
-1.668000e-01   4.151963e-02   4.795553e-03
-1.660000e-01   4.070473e-02   3.640277e-03
-1.652000e-01   5.324454e-02   6.459819e-03
-1.644000e-01   5.640162e-02   9.313224e-03
-1.636000e-01   7.005478e-02   1.758293e-02
-1.628000e-01   5.030544e-02   7.514279e-03
-1.620000e-01   3.771931e-02   3.785311e-03
-1.612000e-01   5.366827e-02   5.268163e-03
-1.604000e-01   5.072127e-02   4.269821e-03
-1.596000e-01   4.306504e-02   5.244008e-03
-1.588000e-01   4.520451e-02   5.287219e-03
-1.580000e-01   5.042747e-02   6.616685e-03
-1.572000e-01   5.071270e-02   3.437852e-03
-1.564000e-01   4.970760e-02   4.919036e-03
-1.556000e-01   6.454555e-02   9.447894e-03
-1.548000e-01   6.191306e-02   1.158534e-02
-1.540000e-01   4.614299e-02   4.142048e-03
-1.532000e-01   4.655748e-02   5.126873e-03
-1.524000e-01   7.050198e-02   9.697531e-03
-1.516000e-01   6.588099e-02   1.070177e-02
-1.508000e-01   7.631276e-02   8.319798e-03
-1.500000e-01   6.143896e-02   4.913847e-03
-1.492000e-01   5.961836e-02   6.214067e-03
-1.484000e-01   6.963242e-02   6.235800e-03
-1.476000e-01   6.607877e-02   7.616912e-03
-1.468000e-01   5.488488e-02   5.161870e-03
-1.460000e-01   6.340376e-02   5.770461e-03
-1.452000e-01   5.916555e-02   5.789106e-03
-1.444000e-01   6.332742e-02   4.756975e-03
-1.436000e-01   7.315514e-02   6.956795e-03
-1.428000e-01   5.913313e-02   3.665136e-03
-1.420000e-01   8.278630e-02   9.515000e-03
-1.412000e-01   6.777766e-02   6.800593e-03
-1.404000e-01   7.812440e-02   6.632693e-03
-1.396000e-01   8.026343e-02   9.792150e-03
-1.388000e-01   7.657025e-02   7.825500e-03
-1.380000e-01   7.454698e-02   6.565776e-03
-1.372000e-01   9.180915e-02   8.800474e-03
-1.364000e-01   1.013370e-01   1.188582e-02
-1.356000e-01   8.774339e-02   8.729244e-03
-1.348000e-01   1.070049e-01   1.568431e-02
-1.340000e-01   1.041714e-01   9.026777e-03
-1.332000e-01   1.021282e-01   1.337647e-02
-1.324000e-01   8.871992e-02   4.961081e-03
-1.316000e-01   8.689010e-02   5.491588e-03
-1.308000e-01   8.815894e-02   7.217201e-03
-1.300000e-01   9.439274e-02   6.364103e-03
-1.292000e-01   8.134609e-02   6.164650e-03
-1.284000e-01   1.230066e-01   1.815664e-02
-1.276000e-01   1.151090e-01   1.101901e-02
-1.268000e-01   1.109204e-01   1.093902e-02
-1.260000e-01   9.897367e-02   8.018499e-03
-1.252000e-01   1.009006e-01   9.521807e-03
-1.244000e-01   1.250090e-01   8.886784e-03
-1.236000e-01   1.269461e-01   1.097010e-02
-1.228000e-01   1.112612e-01   1.122582e-02
-1.220000e-01   9.914091e-02   5.583713e-03
-1.212000e-01   1.381082e-01   1.422048e-02
-1.204000e-01   1.263472e-01   1.132907e-02
-1.196000e-01   1.173312e-01   8.153907e-03
-1.188000e-01   1.309024e-01   9.937978e-03
-1.180000e-01   1.124426e-01   5.004728e-03
-1.172000e-01   1.195359e-01   6.808334e-03
-1.164000e-01   1.479312e-01   1.904986e-02
-1.156000e-01   1.336161e-01   7.517802e-03
-1.148000e-01   1.249838e-01   6.912590e-03
-1.140000e-01   1.290269e-01   6.073440e-03
-1.132000e-01   1.708121e-01   1.870498e-02
-1.124000e-01   1.661646e-01   1.340112e-02
-1.116000e-01   1.866596e-01   1.520172e-02
-1.108000e-01   1.578684e-01   9.866929e-03
-1.100000e-01   1.530204e-01   8.356838e-03
-1.092000e-01   1.723013e-01   1.298669e-02
-1.084000e-01   1.813825e-01   1.244560e-02
-1.076000e-01   2.185610e-01   2.563953e-02
-1.068000e-01   1.770554e-01   7.501255e-03
-1.060000e-01   1.890764e-01   1.443333e-02
-1.052000e-01   1.722675e-01   1.773385e-02
-1.044000e-01   1.936248e-01   1.279930e-02
-1.036000e-01   1.594207e-01   1.345907e-02
-1.028000e-01   1.988208e-01   1.543949e-02
-1.020000e-01   2.221052e-01   1.962076e-02
-1.012000e-01   2.943070e-01   4.443565e-02
-1.004000e-01   1.806526e-01   1.031093e-02
-9.960000e-02   2.022794e-01   1.120526e-02
-9.880000e-02   2.131282e-01   1.827324e-02
-9.800000e-02   2.422384e-01   2.573222e-02
-9.720000e-02   2.481510e-01   2.493513e-02
-9.640000e-02   2.380857e-01   1.360402e-02
-9.560000e-02   2.846162e-01   1.948972e-02
-9.480000e-02   3.210737e-01   3.530364e-02
-9.400000e-02   2.446693e-01   1.262732e-02
-9.320000e-02   2.589757e-01   2.048042e-02
-9.240000e-02   2.473717e-01   1.179066e-02
-9.160000e-02   4.124385e-01   5.777541e-02
-9.080000e-02   2.660798e-01   1.377610e-02
-9.000000e-02   2.670232e-01   1.257929e-02
-8.920000e-02   3.558901e-01   4.262521e-02
-8.840000e-02   3.395588e-01   2.270782e-02
-8.760000e-02   3.519363e-01   3.887580e-02
-8.680000e-02   2.964175e-01   2.531223e-02
-8.600000e-02   3.080922e-01   1.476761e-02
-8.520000e-02   3.102101e-01   1.216834e-02
-8.440000e-02   3.637061e-01   2.608268e-02
-8.360000e-02   4.402403e-01   3.817708e-02
-8.280000e-02   4.538191e-01   6.629764e-02
-8.200000e-02   3.655996e-01   2.542521e-02
-8.120000e-02   4.023066e-01   4.839268e-02
-8.040000e-02   3.616831e-01   2.110620e-02
-7.960000e-02   5.139793e-01   7.392548e-02
-7.880000e-02   5.601283e-01   1.041082e-01
-7.800000e-02   5.510772e-01   8.262993e-02
-7.720000e-02   3.931425e-01   1.837787e-02
-7.640000e-02   4.833648e-01   3.747590e-02
-7.560000e-02   5.550690e-01   4.980762e-02
-7.480000e-02   5.068615e-01   3.858809e-02
-7.400000e-02   5.854707e-01   5.238106e-02
-7.320000e-02   5.048629e-01   4.386997e-02
-7.240000e-02   5.022977e-01   2.651135e-02
-7.160000e-02   5.648442e-01   6.427522e-02
-7.080000e-02   5.157692e-01   1.851482e-02
-7.000000e-02   5.572894e-01   3.467575e-02
-6.920000e-02   6.528751e-01   7.900329e-02
-6.840000e-02   5.235744e-01   2.383255e-02
-6.760000e-02   6.100719e-01   3.117894e-02
-6.680000e-02   6.920768e-01   4.894118e-02
-6.600000e-02   6.275877e-01   3.881439e-02
-6.520000e-02   7.562122e-01   5.976934e-02
-6.440000e-02   7.983989e-01   6.479140e-02
-6.360000e-02   7.235244e-01   5.360275e-02
-6.280000e-02   1.109045e+00   1.834661e-01
-6.200000e-02   6.745310e-01   3.037050e-02
-6.120000e-02   9.620646e-01   8.861948e-02
-6.040000e-02   7.955636e-01   4.064188e-02
-5.960000e-02   7.344093e-01   3.384337e-02
-5.880000e-02   8.675777e-01   8.069708e-02
-5.800000e-02   8.562902e-01   5.956884e-02
-5.720000e-02   9.225061e-01   3.907754e-02
-5.640000e-02   9.470654e-01   6.543180e-02
-5.560000e-02   8.912856e-01   4.206755e-02
-5.480000e-02   8.591408e-01   4.803209e-02
-5.400000e-02   9.009134e-01   3.209950e-02
-5.320000e-02   1.059686e+00   6.308644e-02
-5.240000e-02   1.148286e+00   8.382654e-02
-5.160000e-02   1.124945e+00   6.188905e-02
-5.080000e-02   1.063253e+00   7.230702e-02
-5.000000e-02   1.001977e+00   3.696991e-02
-4.920000e-02   1.172580e+00   9.784314e-02
-4.840000e-02   1.104025e+00   5.493980e-02
-4.760000e-02   1.280478e+00   8.233995e-02
-4.680000e-02   1.361778e+00   1.402919e-01
-4.600000e-02   1.232062e+00   7.388341e-02
-4.520000e-02   1.376994e+00   9.468348e-02
-4.440000e-02   1.205596e+00   5.003500e-02
-4.360000e-02   1.379883e+00   6.955246e-02
-4.280000e-02   1.459736e+00   8.830656e-02
-4.200000e-02   1.362207e+00   5.365360e-02
-4.120000e-02   1.781688e+00   1.281918e-01
-4.040000e-02   1.650862e+00   1.358098e-01
-3.960000e-02   1.660794e+00   6.699579e-02
-3.880000e-02   2.173824e+00   1.901644e-01
-3.800000e-02   1.675658e+00   4.412461e-02
-3.720000e-02   2.112935e+00   2.026299e-01
-3.640000e-02   1.970598e+00   1.360981e-01
-3.560000e-02   2.131775e+00   1.227116e-01
-3.480000e-02   2.169204e+00   1.197635e-01
-3.400000e-02   1.994766e+00   7.816342e-02
-3.320000e-02   2.065059e+00   7.403993e-02
-3.240000e-02   2.234097e+00   9.026540e-02
-3.160000e-02   2.428953e+00   1.178630e-01
-3.080000e-02   2.831709e+00   2.091470e-01
-3.000000e-02   2.811586e+00   2.237494e-01
-2.920000e-02   2.833864e+00   1.568954e-01
-2.840000e-02   2.455350e+00   7.197749e-02
-2.760000e-02   2.817241e+00   1.336411e-01
-2.680000e-02   2.863014e+00   1.953833e-01
-2.600000e-02   3.108787e+00   1.394908e-01
-2.520000e-02   3.343530e+00   2.691929e-01
-2.440000e-02   3.129915e+00   1.091643e-01
-2.360000e-02   3.799528e+00   3.514132e-01
-2.280000e-02   3.495570e+00   1.355712e-01
-2.200000e-02   3.291420e+00   1.042560e-01
-2.120000e-02   3.955709e+00   2.355852e-01
-2.040000e-02   4.314958e+00   3.081676e-01
-1.960000e-02   4.788686e+00   4.005321e-01
-1.880000e-02   4.317933e+00   2.482542e-01
-1.800000e-02   4.106373e+00   1.530505e-01
-1.720000e-02   4.688415e+00   2.156732e-01
-1.640000e-02   5.198307e+00   2.721077e-01
-1.560000e-02   5.808110e+00   3.405133e-01
-1.480000e-02   5.455979e+00   4.880093e-01
-1.400000e-02   5.507997e+00   3.353661e-01
-1.320000e-02   6.212657e+00   4.960719e-01
-1.240000e-02   6.436869e+00   4.477826e-01
-1.160000e-02   6.099410e+00   3.309618e-01
-1.080000e-02   7.000686e+00   4.117879e-01
-1.000000e-02   6.595798e+00   3.423234e-01
-9.200000e-03   6.624823e+00   5.753507e-01
-8.400000e-03   6.227104e+00   1.947112e-01
-7.600000e-03   7.848117e+00   8.344821e-01
-6.800000e-03   6.961432e+00   4.409182e-01
-6.000000e-03   7.473606e+00   5.396098e-01
-5.200000e-03   7.370912e+00   3.352198e-01
-4.400000e-03   7.486724e+00   4.073345e-01
-3.600000e-03   8.256710e+00   8.610731e-01
-2.800000e-03   7.312140e+00   2.467265e-01
-2.000000e-03   7.969080e+00   4.907256e-01
-1.200000e-03   6.877131e+00   3.141972e-01
-4.000000e-04   1.331783e+03   8.603532e+01
 4.000000e-04   6.848154e+00   3.523706e-01
 1.200000e-03   8.665045e+00   9.114676e-01
 2.000000e-03   7.464253e+00   5.626695e-01
 2.800000e-03   7.584536e+00   4.785951e-01
 3.600000e-03   7.243189e+00   6.244240e-01
 4.400000e-03   7.111854e+00   3.891231e-01
 5.200000e-03   7.413456e+00   4.591546e-01
 6.000000e-03   7.297478e+00   4.012059e-01
 6.800000e-03   6.745156e+00   2.262710e-01
 7.600000e-03   7.175537e+00   3.996578e-01
 8.400000e-03   7.282555e+00   3.722406e-01
 9.200000e-03   6.638555e+00   2.727212e-01
 1.000000e-02   6.632745e+00   3.459564e-01
 1.080000e-02   5.717461e+00   1.929123e-01
 1.160000e-02   5.964175e+00   3.507684e-01
 1.240000e-02   7.112491e+00   1.069183e+00
 1.320000e-02   5.662141e+00   4.716279e-01
 1.400000e-02   5.682644e+00   3.979476e-01
 1.480000e-02   5.379451e+00   2.805016e-01
 1.560000e-02   5.409716e+00   2.891313e-01
 1.640000e-02   4.780011e+00   2.624941e-01
 1.720000e-02   5.456452e+00   3.360373e-01
 1.800000e-02   4.495786e+00   2.458323e-01
 1.880000e-02   5.419228e+00   6.232138e-01
 1.960000e-02   5.007603e+00   5.346471e-01
 2.040000e-02   3.825746e+00   1.707912e-01
 2.120000e-02   3.621577e+00   1.960738e-01
 2.200000e-02   3.938047e+00   2.260306e-01
 2.280000e-02   3.394759e+00   1.451035e-01
 2.360000e-02   3.344772e+00   1.715660e-01
 2.440000e-02   3.030120e+00   1.111238e-01
 2.520000e-02   2.958201e+00   1.248856e-01
 2.600000e-02   2.854289e+00   1.381698e-01
 2.680000e-02   3.043715e+00   3.427719e-01
 2.760000e-02   2.794899e+00   1.357380e-01
 2.840000e-02   2.699885e+00   1.468976e-01
 2.920000e-02   2.683079e+00   1.631649e-01
 3.000000e-02   2.650857e+00   1.271968e-01
 3.080000e-02   3.180614e+00   3.798278e-01
 3.160000e-02   2.251861e+00   1.331963e-01
 3.240000e-02   2.417147e+00   1.617047e-01
 3.320000e-02   2.356039e+00   1.333041e-01
 3.400000e-02   2.289571e+00   1.939493e-01
 3.480000e-02   2.067202e+00   1.088757e-01
 3.560000e-02   1.817645e+00   7.506976e-02
 3.640000e-02   2.001142e+00   1.005352e-01
 3.720000e-02   1.759796e+00   1.266403e-01
 3.800000e-02   1.845005e+00   1.649528e-01
 3.880000e-02   1.837923e+00   1.567836e-01
 3.960000e-02   1.693180e+00   9.441535e-02
 4.040000e-02   1.739919e+00   1.127462e-01
 4.120000e-02   1.733010e+00   8.067708e-02
 4.200000e-02   1.668681e+00   8.879904e-02
 4.280000e-02   1.331677e+00   5.823929e-02
 4.360000e-02   1.594942e+00   9.926920e-02
 4.440000e-02   1.375452e+00   5.398902e-02
 4.520000e-02   1.276731e+00   6.067310e-02
 4.600000e-02   1.248492e+00   5.914584e-02
 4.680000e-02   1.218658e+00   5.509022e-02
 4.760000e-02   1.208170e+00   4.850849e-02
 4.840000e-02   1.215666e+00   7.394247e-02
 4.920000e-02   1.015633e+00   3.523688e-02
 5.000000e-02   1.298224e+00   1.459013e-01
 5.080000e-02   1.187820e+00   9.339954e-02
 5.160000e-02   1.805560e+00   3.540441e-01
 5.240000e-02   9.687640e-01   5.188393e-02
 5.320000e-02   9.479782e-01   6.384264e-02
 5.400000e-02   1.108087e+00   7.574490e-02
 5.480000e-02   1.019463e+00   7.746553e-02
 5.560000e-02   8.346057e-01   5.473414e-02
 5.640000e-02   9.909967e-01   8.532424e-02
 5.720000e-02   9.070848e-01   9.473164e-02
 5.800000e-02   8.809568e-01   6.725261e-02
 5.880000e-02   7.686384e-01   5.680346e-02
 5.960000e-02   7.877807e-01   3.627053e-02
 6.040000e-02   8.381588e-01   7.626356e-02
 6.120000e-02   8.516678e-01   5.817462e-02
 6.200000e-02   6.672301e-01   3.445574e-02
 6.280000e-02   5.856811e-01   2.798084e-02
 6.360000e-02   6.242985e-01   2.427277e-02
 6.440000e-02   7.116771e-01   4.829310e-02
 6.520000e-02   7.480024e-01   6.095959e-02
 6.600000e-02   5.554239e-01   2.464874e-02
 6.680000e-02   6.050855e-01   3.581908e-02
 6.760000e-02   5.859665e-01   3.116195e-02
 6.840000e-02   4.913396e-01   2.196312e-02
 6.920000e-02   6.961370e-01   8.039960e-02
 7.000000e-02   5.311659e-01   3.362661e-02
 7.080000e-02   5.850213e-01   3.928033e-02
 7.160000e-02   4.968969e-01   2.971147e-02
 7.240000e-02   4.369390e-01   1.941607e-02
 7.320000e-02   5.216230e-01   4.073685e-02
 7.400000e-02   4.631013e-01   3.212870e-02
 7.480000e-02   5.129693e-01   3.554775e-02
 7.560000e-02   4.182349e-01   2.152318e-02
 7.640000e-02   4.468777e-01   3.183315e-02
 7.720000e-02   4.952519e-01   4.052148e-02
 7.800000e-02   4.135246e-01   2.874653e-02
 7.880000e-02   4.272394e-01   2.254763e-02
 7.960000e-02   4.214602e-01   3.162841e-02
 8.040000e-02   4.085143e-01   2.282899e-02
 8.120000e-02   3.480009e-01   1.780014e-02
 8.200000e-02   4.250946e-01   3.901967e-02
 8.280000e-02   3.813795e-01   2.429974e-02
 8.360000e-02   3.062731e-01   1.470959e-02
 8.440000e-02   3.495868e-01   3.016524e-02
 8.520000e-02   3.148339e-01   1.990300e-02
 8.600000e-02   3.521845e-01   3.471795e-02
 8.680000e-02   3.443397e-01   4.489485e-02
 8.760000e-02   3.081000e-01   1.996429e-02
 8.840000e-02   3.356653e-01   2.309196e-02
 8.920000e-02   2.562323e-01   1.793242e-02
 9.000000e-02   3.240285e-01   3.564689e-02
 9.080000e-02   2.632745e-01   1.123241e-02
 9.160000e-02   3.027461e-01   3.759738e-02
 9.240000e-02   2.747759e-01   1.758976e-02
 9.320000e-02   2.792769e-01   3.269260e-02
 9.400000e-02   2.823561e-01   2.541200e-02
 9.480000e-02   2.446885e-01   1.741282e-02
 9.560000e-02   2.205286e-01   1.326061e-02
 9.640000e-02   2.391594e-01   1.850610e-02
 9.720000e-02   2.527872e-01   1.897993e-02
 9.800000e-02   4.002536e-01   6.515809e-02
 9.880000e-02   2.133170e-01   1.076354e-02
 9.960000e-02   2.061791e-01   1.053414e-02
 1.004000e-01   1.846494e-01   1.038469e-02
 1.012000e-01   2.354419e-01   2.995132e-02
 1.020000e-01   2.023684e-01   1.364874e-02
 1.028000e-01   2.062075e-01   1.508004e-02
 1.036000e-01   1.966794e-01   1.396845e-02
 1.044000e-01   1.967062e-01   2.173972e-02
 1.052000e-01   2.395512e-01   3.071078e-02
 1.060000e-01   1.818333e-01   1.263869e-02
 1.068000e-01   2.105529e-01   2.185279e-02
 1.076000e-01   1.729605e-01   1.180176e-02
 1.084000e-01   2.119060e-01   2.427057e-02
 1.092000e-01   1.910453e-01   1.390296e-02
 1.100000e-01   1.705393e-01   1.365516e-02
 1.108000e-01   1.466682e-01   8.140187e-03
 1.116000e-01   1.712359e-01   1.043111e-02
 1.124000e-01   1.601217e-01   1.297223e-02
 1.132000e-01   1.529229e-01   1.469199e-02
 1.140000e-01   1.458199e-01   1.229433e-02
 1.148000e-01   1.638408e-01   1.627831e-02
 1.156000e-01   1.531558e-01   1.337351e-02
 1.164000e-01   1.327610e-01   9.514459e-03
 1.172000e-01   1.785151e-01   2.433178e-02
 1.180000e-01   1.283894e-01   1.049812e-02
 1.188000e-01   1.336592e-01   1.000212e-02
 1.196000e-01   1.109294e-01   9.327164e-03
 1.204000e-01   1.271483e-01   1.015427e-02
 1.212000e-01   1.095968e-01   7.027093e-03
 1.220000e-01   1.036690e-01   7.152703e-03
 1.228000e-01   1.292304e-01   1.431204e-02
 1.236000e-01   1.001821e-01   4.965239e-03
 1.244000e-01   8.611660e-02   7.362719e-03
 1.252000e-01   9.314604e-02   5.373911e-03
 1.260000e-01   1.013166e-01   6.792822e-03
 1.268000e-01   9.858592e-02   6.844039e-03
 1.276000e-01   9.859075e-02   7.459068e-03
 1.284000e-01   1.113167e-01   9.101415e-03
 1.292000e-01   9.276271e-02   6.058980e-03
 1.300000e-01   9.220597e-02   6.089693e-03
 1.308000e-01   1.043999e-01   1.120391e-02
 1.316000e-01   8.902602e-02   5.277607e-03
 1.324000e-01   9.749867e-02   5.772931e-03
 1.332000e-01   9.502965e-02   7.645040e-03
 1.340000e-01   8.482911e-02   7.734429e-03
 1.348000e-01   7.403421e-02   5.770482e-03
 1.356000e-01   7.364209e-02   6.052095e-03
 1.364000e-01   1.504863e-01   3.401873e-02
 1.372000e-01   7.977927e-02   5.296479e-03
 1.380000e-01   8.341981e-02   7.511316e-03
 1.388000e-01   8.084397e-02   8.643817e-03
 1.396000e-01   8.008074e-02   4.725436e-03
 1.404000e-01   6.150055e-02   4.440466e-03
 1.412000e-01   7.447291e-02   7.334106e-03
 1.420000e-01   9.312927e-02   1.379088e-02
 1.428000e-01   7.087545e-02   7.605021e-03
 1.436000e-01   8.440812e-02   8.049452e-03
 1.444000e-01   5.575638e-02   4.323168e-03
 1.452000e-01   7.028861e-02   6.800052e-03
 1.460000e-01   7.727786e-02   1.048732e-02
 1.468000e-01   6.895741e-02   7.026165e-03
 1.476000e-01   7.170895e-02   6.519266e-03
 1.484000e-01   6.600685e-02   7.038012e-03
 1.492000e-01   5.455013e-02   5.157494e-03
 1.500000e-01   6.937794e-02   1.149030e-02
 1.508000e-01   5.391036e-02   3.910199e-03
 1.516000e-01   6.145222e-02   5.466732e-03
 1.524000e-01   7.042559e-02   8.934194e-03
 1.532000e-01   6.700936e-02   6.724840e-03
 1.540000e-01   6.925748e-02   9.715665e-03
 1.548000e-01   5.148785e-02   3.972793e-03
 1.556000e-01   4.843862e-02   3.129484e-03
 1.564000e-01   4.408009e-02   4.399592e-03
 1.572000e-01   4.206318e-02   4.821630e-03
 1.580000e-01   5.209390e-02   5.370812e-03
 1.588000e-01   4.880527e-02   5.218815e-03
 1.596000e-01   5.526203e-02   6.574873e-03
 1.604000e-01   4.714467e-02   6.148842e-03
 1.612000e-01   4.655554e-02   4.082271e-03
 1.620000e-01   4.526203e-02   3.703144e-03
 1.628000e-01   5.554931e-02   8.664945e-03
 1.636000e-01   3.958883e-02   3.775331e-03
 1.644000e-01   3.916417e-02   3.865078e-03
 1.652000e-01   4.152061e-02   5.547494e-03
 1.660000e-01   4.225602e-02   3.786097e-03
 1.668000e-01   3.711764e-02   2.446304e-03
 1.676000e-01   3.447414e-02   3.210531e-03
 1.684000e-01   3.769856e-02   4.209886e-03
 1.692000e-01   3.817972e-02   4.637256e-03
 1.700000e-01   3.040934e-02   4.439810e-03
 1.708000e-01   4.972692e-02   5.718318e-03
 1.716000e-01   4.001648e-02   5.109041e-03
 1.724000e-01   3.273555e-02   2.863053e-03
 1.732000e-01   2.339477e-02   2.420172e-03
 1.740000e-01   3.554524e-02   3.735656e-03
 1.748000e-01   3.614501e-02   5.215732e-03
 1.756000e-01   3.929587e-02   6.067414e-03
 1.764000e-01   2.968589e-02   2.718236e-03
 1.772000e-01   3.676131e-02   4.828897e-03
 1.780000e-01   2.771887e-02   3.124023e-03
 1.788000e-01   2.725717e-02   2.519544e-03
 1.796000e-01   4.220192e-02   6.161639e-03
 1.804000e-01   2.991853e-02   3.776789e-03
 1.812000e-01   2.720925e-02   3.878847e-03
 1.820000e-01   2.560387e-02   2.785108e-03
 1.828000e-01   2.321042e-02   1.984356e-03
 1.836000e-01   2.129533e-02   2.840835e-03
 1.844000e-01   3.415996e-02   3.357739e-03
 1.852000e-01   3.871778e-02   5.500067e-03
 1.860000e-01   2.707880e-02   2.598472e-03
 1.868000e-01   2.280536e-02   1.927888e-03
 1.876000e-01   2.762435e-02   3.539175e-03
 1.884000e-01   3.771396e-02   6.857060e-03
 1.892000e-01   3.646047e-02   4.559669e-03
 1.900000e-01   3.035685e-02   6.214486e-03
 1.908000e-01   1.551265e-02   1.333862e-03
 1.916000e-01   5.436069e-03   1.224602e-03
 1.924000e-01   1.395573e-02   3.865883e-03
 1.932000e-01   3.197679e-03   9.687429e-04
 1.940000e-01   6.580929e-03   1.857959e-03
 1.948000e-01   4.708204e-03   9.780550e-04
 1.956000e-01   6.233765e-03   2.388905e-03
 1.964000e-01   1.456736e-03   6.472377e-04
 1.972000e-01   1.265967e-02   6.303391e-03
 1.980000e-01   8.777459e-03   2.470238e-03
 1.988000e-01   5.780342e-03   1.695610e-03
 1.996000e-01   2.749425e-03   1.156043e-03
 inf   1.765423e-03   1.675912e-04
