th5_x_cms bin centers    value    Error 
-inf   1.729522e-02   3.465654e-04
-1.197600e-02   3.581311e-03   1.489464e-03
-1.192800e-02   3.421858e-03   1.008796e-03
-1.188000e-02   1.193684e-03   3.283611e-04
-1.183200e-02   5.322080e-03   2.197399e-03
-1.178400e-02   3.301277e-03   1.285332e-03
-1.173600e-02   9.167534e-03   3.035024e-03
-1.168800e-02   3.314979e-03   9.406193e-04
-1.164000e-02   4.902315e-03   1.686865e-03
-1.159200e-02   3.751892e-03   1.225779e-03
-1.154400e-02   6.358858e-03   2.289871e-03
-1.149600e-02   3.462955e-03   1.733564e-03
-1.144800e-02   2.482303e-03   9.123486e-04
-1.140000e-02   6.306977e-03   1.534993e-03
-1.135200e-02   1.761699e-03   4.946450e-04
-1.130400e-02   3.474746e-03   1.036464e-03
-1.125600e-02   5.517191e-03   2.003574e-03
-1.120800e-02   1.517989e-03   4.433826e-04
-1.116000e-02   4.308656e-03   1.386108e-03
-1.111200e-02   2.466933e-03   7.146160e-04
-1.106400e-02   4.239062e-03   1.355785e-03
-1.101600e-02   4.385100e-03   1.839528e-03
-1.096800e-02   2.060137e-03   6.280396e-04
-1.092000e-02   6.343525e-03   2.762182e-03
-1.087200e-02   6.116768e-03   2.613979e-03
-1.082400e-02   2.828341e-03   8.811920e-04
-1.077600e-02   4.302787e-03   1.153851e-03
-1.072800e-02   1.959581e-03   5.434427e-04
-1.068000e-02   2.009361e-03   7.170035e-04
-1.063200e-02   5.272093e-03   1.671856e-03
-1.058400e-02   1.996427e-03   4.784039e-04
-1.053600e-02   3.788466e-03   1.180169e-03
-1.048800e-02   3.974850e-03   1.729649e-03
-1.044000e-02   1.974304e-03   8.798587e-04
-1.039200e-02   1.430012e-03   3.410123e-04
-1.034400e-02   2.273796e-03   8.548088e-04
-1.029600e-02   3.749454e-03   1.440986e-03
-1.024800e-02   1.279611e-03   4.302129e-04
-1.020000e-02   3.078463e-03   1.496294e-03
-1.015200e-02   2.187260e-03   6.193511e-04
-1.010400e-02   2.943782e-03   5.992905e-04
-1.005600e-02   1.760895e-03   7.230026e-04
-1.000800e-02   1.992225e-03   5.804789e-04
-9.960000e-03   1.724550e-03   6.212793e-04
-9.912000e-03   5.885012e-03   1.833530e-03
-9.864000e-03   2.932876e-03   5.600726e-04
-9.816000e-03   2.084189e-03   5.574796e-04
-9.768000e-03   2.292012e-03   5.671543e-04
-9.720000e-03   1.739502e-03   5.109196e-04
-9.672000e-03   1.097953e-03   4.489898e-04
-9.624000e-03   6.805540e-03   3.036838e-03
-9.576000e-03   3.159885e-03   1.164400e-03
-9.528000e-03   2.269711e-03   9.521545e-04
-9.480000e-03   2.164990e-03   1.183669e-03
-9.432000e-03   2.089705e-03   7.432942e-04
-9.384000e-03   1.696902e-03   5.582254e-04
-9.336000e-03   5.870407e-03   1.646101e-03
-9.288000e-03   3.253083e-03   1.201737e-03
-9.240000e-03   3.776154e-03   1.440938e-03
-9.192000e-03   2.107894e-03   8.762603e-04
-9.144000e-03   5.395882e-04   2.927998e-04
-9.096000e-03   2.026151e-03   8.146459e-04
-9.048000e-03   2.327297e-03   6.220021e-04
-9.000000e-03   3.529448e-03   1.433113e-03
-8.952000e-03   2.617914e-03   9.544993e-04
-8.904000e-03   3.027370e-03   7.469510e-04
-8.856000e-03   2.585558e-03   9.503706e-04
-8.808000e-03   3.285534e-03   1.197735e-03
-8.760000e-03   5.874110e-03   1.983611e-03
-8.712000e-03   3.109731e-03   7.659712e-04
-8.664000e-03   2.277738e-03   7.986433e-04
-8.616000e-03   3.514820e-03   2.102822e-03
-8.568000e-03   5.638178e-04   2.630502e-04
-8.520000e-03   6.457120e-03   5.272843e-03
-8.472000e-03   6.824427e-04   2.356939e-04
-8.424000e-03   1.726319e-03   7.078838e-04
-8.376000e-03   2.052095e-03   5.499026e-04
-8.328000e-03   3.528588e-03   1.240264e-03
-8.280000e-03   2.465522e-03   6.798418e-04
-8.232000e-03   1.151568e-02   3.612597e-03
-8.184000e-03   6.892600e-03   2.854499e-03
-8.136000e-03   5.623924e-03   1.911250e-03
-8.088000e-03   9.722672e-04   3.643589e-04
-8.040000e-03   2.273347e-03   1.271623e-03
-7.992000e-03   2.211015e-03   5.477818e-04
-7.944000e-03   3.599114e-03   1.288860e-03
-7.896000e-03   2.478547e-03   7.946983e-04
-7.848000e-03   3.156074e-03   1.268651e-03
-7.800000e-03   1.078682e-03   4.708577e-04
-7.752000e-03   2.537011e-03   8.544835e-04
-7.704000e-03   5.137640e-03   3.402856e-03
-7.656000e-03   3.213863e-03   5.705601e-04
-7.608000e-03   3.457170e-03   1.226576e-03
-7.560000e-03   4.009061e-03   8.959002e-04
-7.512000e-03   2.148574e-03   7.819554e-04
-7.464000e-03   3.535585e-03   8.864254e-04
-7.416000e-03   4.728204e-03   1.626647e-03
-7.368000e-03   3.759665e-03   1.340754e-03
-7.320000e-03   1.570573e-03   7.167939e-04
-7.272000e-03   9.103718e-03   3.508726e-03
-7.224000e-03   3.367164e-03   1.167975e-03
-7.176000e-03   9.348541e-04   1.887218e-04
-7.128000e-03   1.905138e-03   4.417156e-04
-7.080000e-03   2.088300e-03   6.216394e-04
-7.032000e-03   2.065716e-03   7.362838e-04
-6.984000e-03   3.175401e-03   1.380291e-03
-6.936000e-03   3.288614e-03   8.582055e-04
-6.888000e-03   2.461932e-03   1.093122e-03
-6.840000e-03   3.617819e-03   1.224425e-03
-6.792000e-03   4.006012e-03   1.942703e-03
-6.744000e-03   6.622583e-03   2.030404e-03
-6.696000e-03   1.789299e-03   4.881002e-04
-6.648000e-03   2.133494e-03   5.741528e-04
-6.600000e-03   7.442093e-03   3.119856e-03
-6.552000e-03   4.139632e-03   1.355308e-03
-6.504000e-03   3.104330e-03   7.686359e-04
-6.456000e-03   2.799025e-03   8.847404e-04
-6.408000e-03   3.012718e-03   8.359326e-04
-6.360000e-03   1.137466e-02   5.844202e-03
-6.312000e-03   2.519965e-03   7.776306e-04
-6.264000e-03   5.404536e-03   2.547825e-03
-6.216000e-03   2.940472e-03   9.795351e-04
-6.168000e-03   4.101475e-03   1.656492e-03
-6.120000e-03   6.145651e-04   1.483050e-04
-6.072000e-03   2.562673e-03   5.869374e-04
-6.024000e-03   4.611861e-03   2.014255e-03
-5.976000e-03   4.706475e-03   1.551438e-03
-5.928000e-03   4.511290e-03   1.767107e-03
-5.880000e-03   1.696926e-03   5.643843e-04
-5.832000e-03   9.245702e-03   3.254451e-03
-5.784000e-03   4.214699e-03   1.212175e-03
-5.736000e-03   1.965408e-03   7.964300e-04
-5.688000e-03   3.819318e-03   1.002953e-03
-5.640000e-03   3.718226e-03   1.279558e-03
-5.592000e-03   1.542935e-03   4.360923e-04
-5.544000e-03   4.635282e-03   2.285545e-03
-5.496000e-03   2.314336e-03   8.295418e-04
-5.448000e-03   4.271190e-03   1.274805e-03
-5.400000e-03   8.275568e-03   3.012266e-03
-5.352000e-03   2.953183e-03   1.200784e-03
-5.304000e-03   3.491001e-03   1.118171e-03
-5.256000e-03   4.016572e-03   1.598487e-03
-5.208000e-03   4.217915e-03   1.583049e-03
-5.160000e-03   4.950685e-04   1.646386e-04
-5.112000e-03   5.052004e-03   1.527336e-03
-5.064000e-03   2.309040e-03   7.740138e-04
-5.016000e-03   2.903229e-03   7.406214e-04
-4.968000e-03   4.110791e-03   1.307147e-03
-4.920000e-03   1.734735e-03   3.896154e-04
-4.872000e-03   1.923185e-02   1.021942e-02
-4.824000e-03   2.963899e-03   1.074516e-03
-4.776000e-03   5.072899e-03   1.719729e-03
-4.728000e-03   2.580322e-03   6.690122e-04
-4.680000e-03   7.567017e-03   3.229309e-03
-4.632000e-03   1.353425e-03   3.583981e-04
-4.584000e-03   2.063261e-03   6.643013e-04
-4.536000e-03   4.261635e-03   1.971321e-03
-4.488000e-03   2.371362e-03   7.100258e-04
-4.440000e-03   2.277979e-03   7.371743e-04
-4.392000e-03   5.294202e-03   1.719661e-03
-4.344000e-03   3.155323e-03   1.954701e-03
-4.296000e-03   4.857069e-03   2.174537e-03
-4.248000e-03   6.085234e-03   3.078269e-03
-4.200000e-03   1.168007e-03   2.791706e-04
-4.152000e-03   3.735607e-03   8.211361e-04
-4.104000e-03   7.297223e-04   3.773240e-04
-4.056000e-03   1.209764e-03   5.316544e-04
-4.008000e-03   3.135090e-03   8.007042e-04
-3.960000e-03   3.277058e-03   1.001860e-03
-3.912000e-03   8.416359e-04   3.407612e-04
-3.864000e-03   2.247867e-03   8.974082e-04
-3.816000e-03   1.772853e-03   6.181024e-04
-3.768000e-03   3.566887e-03   1.589851e-03
-3.720000e-03   4.732879e-03   1.339884e-03
-3.672000e-03   2.758706e-03   8.334912e-04
-3.624000e-03   1.362338e-03   3.809519e-04
-3.576000e-03   1.617718e-03   9.775772e-04
-3.528000e-03   4.447448e-03   1.420056e-03
-3.480000e-03   2.060318e-03   6.225130e-04
-3.432000e-03   1.045766e-03   5.312006e-04
-3.384000e-03   3.779123e-03   1.483605e-03
-3.336000e-03   1.098345e-03   4.210257e-04
-3.288000e-03   5.839602e-03   2.687362e-03
-3.240000e-03   2.485890e-03   6.615504e-04
-3.192000e-03   5.587752e-03   1.794936e-03
-3.144000e-03   4.713603e-03   1.557572e-03
-3.096000e-03   5.770519e-03   2.463613e-03
-3.048000e-03   2.672127e-03   1.573150e-03
-3.000000e-03   4.218696e-03   1.038108e-03
-2.952000e-03   7.921298e-04   2.831795e-04
-2.904000e-03   3.823933e-03   1.357666e-03
-2.856000e-03   1.921338e-03   4.847084e-04
-2.808000e-03   4.796868e-03   1.582709e-03
-2.760000e-03   5.310438e-03   2.552194e-03
-2.712000e-03   4.026549e-03   1.202329e-03
-2.664000e-03   4.063828e-03   1.022590e-03
-2.616000e-03   4.320006e-03   1.756052e-03
-2.568000e-03   4.313405e-03   1.340662e-03
-2.520000e-03   4.028044e-03   1.128451e-03
-2.472000e-03   3.478003e-03   8.598719e-04
-2.424000e-03   4.413062e-03   1.589702e-03
-2.376000e-03   2.298637e-03   8.409539e-04
-2.328000e-03   3.240567e-03   1.205606e-03
-2.280000e-03   3.675582e-03   1.119836e-03
-2.232000e-03   8.312677e-03   4.693137e-03
-2.184000e-03   3.772431e-03   1.992350e-03
-2.136000e-03   1.408963e-03   4.514760e-04
-2.088000e-03   2.179173e-03   7.099176e-04
-2.040000e-03   1.679254e-03   4.895219e-04
-1.992000e-03   5.982857e-03   2.375692e-03
-1.944000e-03   2.186018e-03   8.019238e-04
-1.896000e-03   1.458863e-03   7.825964e-04
-1.848000e-03   2.724531e-03   1.204878e-03
-1.800000e-03   4.598414e-04   2.089337e-04
-1.752000e-03   6.566194e-03   3.195875e-03
-1.704000e-03   3.446691e-03   1.237256e-03
-1.656000e-03   4.035078e-03   9.075276e-04
-1.608000e-03   1.990074e-03   6.702285e-04
-1.560000e-03   2.507894e-03   1.265364e-03
-1.512000e-03   6.543170e-03   2.077982e-03
-1.464000e-03   1.045516e-03   3.605055e-04
-1.416000e-03   2.998282e-03   8.935265e-04
-1.368000e-03   4.631423e-03   1.617080e-03
-1.320000e-03   2.399575e-03   7.111293e-04
-1.272000e-03   2.998970e-03   1.148934e-03
-1.224000e-03   2.209481e-03   9.222726e-04
-1.176000e-03   8.122015e-04   4.665751e-04
-1.128000e-03   2.817474e-03   9.702098e-04
-1.080000e-03   2.513755e-03   9.035073e-04
-1.032000e-03   1.448145e-03   4.904141e-04
-9.840000e-04   2.608040e-03   9.512439e-04
-9.360000e-04   1.057317e-03   4.989097e-04
-8.880000e-04   5.244926e-03   1.914030e-03
-8.400000e-04   6.283187e-03   1.628377e-03
-7.920000e-04   2.243076e-03   6.248587e-04
-7.440000e-04   2.850261e-03   9.565571e-04
-6.960000e-04   9.919786e-04   3.194713e-04
-6.480000e-04   3.974640e-03   1.284610e-03
-6.000000e-04   3.914762e-03   1.362620e-03
-5.520000e-04   9.019061e-04   2.949503e-04
-5.040000e-04   1.414819e-03   5.498378e-04
-4.560000e-04   2.203011e-03   6.609907e-04
-4.080000e-04   3.651006e-03   1.156115e-03
-3.600000e-04   3.108391e-03   8.302127e-04
-3.120000e-04   3.114919e-03   1.350390e-03
-2.640000e-04   2.371563e-03   5.009576e-04
-2.160000e-04   6.421869e-03   2.400613e-03
-1.680000e-04   6.727871e-03   2.278381e-03
-1.200000e-04   1.105129e-03   3.766197e-04
-7.200000e-05   1.734473e-02   1.039724e-02
-2.400000e-05  -9.575149e+03   6.412928e+02
 2.400000e-05   5.245423e-03   2.065513e-03
 7.200000e-05   1.270547e-03   4.154693e-04
 1.200000e-04   6.549769e-03   3.791718e-03
 1.680000e-04   1.459848e-03   4.536245e-04
 2.160000e-04   1.945878e-03   8.518386e-04
 2.640000e-04   7.509960e-04   3.936242e-04
 3.120000e-04   3.055658e-03   7.688788e-04
 3.600000e-04   1.774942e-03   8.289463e-04
 4.080000e-04   7.024388e-03   3.463975e-03
 4.560000e-04   1.593935e-03   5.260924e-04
 5.040000e-04   4.206183e-03   1.357730e-03
 5.520000e-04   1.416009e-03   4.132101e-04
 6.000000e-04   4.320113e-03   1.026981e-03
 6.480000e-04   1.934882e-03   4.122092e-04
 6.960000e-04   2.941046e-03   1.009376e-03
 7.440000e-04   2.612282e-03   6.826710e-04
 7.920000e-04   6.687876e-04   2.302860e-04
 8.400000e-04   1.982006e-03   5.737013e-04
 8.880000e-04   2.213766e-03   8.778830e-04
 9.360000e-04   1.490286e-03   3.950666e-04
 9.840000e-04   3.712171e-03   1.110773e-03
 1.032000e-03   7.481079e-03   4.977049e-03
 1.080000e-03   8.220834e-03   2.595959e-03
 1.128000e-03   2.833072e-03   6.848133e-04
 1.176000e-03   9.994336e-03   7.402135e-03
 1.224000e-03   4.057395e-03   1.037509e-03
 1.272000e-03   3.452784e-03   1.644171e-03
 1.320000e-03   3.356537e-03   1.236261e-03
 1.368000e-03   1.910915e-03   6.605102e-04
 1.416000e-03   1.009041e-03   2.369417e-04
 1.464000e-03   2.971545e-03   7.768477e-04
 1.512000e-03   2.335561e-03   7.504039e-04
 1.560000e-03   4.085611e-03   1.320601e-03
 1.608000e-03   1.904436e-03   5.915002e-04
 1.656000e-03   3.742614e-03   1.055778e-03
 1.704000e-03   5.729544e-03   2.007584e-03
 1.752000e-03   2.036406e-03   9.701826e-04
 1.800000e-03   5.481375e-03   2.494913e-03
 1.848000e-03   2.173361e-03   7.921535e-04
 1.896000e-03   2.516032e-03   7.458552e-04
 1.944000e-03   7.087316e-03   3.467113e-03
 1.992000e-03   1.191391e-03   4.634216e-04
 2.040000e-03   4.056110e-03   1.279397e-03
 2.088000e-03   3.201788e-03   8.453677e-04
 2.136000e-03   3.661897e-03   9.124154e-04
 2.184000e-03   2.422269e-03   8.700616e-04
 2.232000e-03   7.458109e-04   2.306359e-04
 2.280000e-03   2.500886e-03   7.375504e-04
 2.328000e-03   5.982922e-03   2.216781e-03
 2.376000e-03   2.252950e-03   6.475984e-04
 2.424000e-03   4.616833e-03   1.739747e-03
 2.472000e-03   3.012657e-03   1.089138e-03
 2.520000e-03   3.866754e-03   1.086410e-03
 2.568000e-03   1.518499e-03   6.329328e-04
 2.616000e-03   1.745333e-03   4.374602e-04
 2.664000e-03   2.198201e-03   7.423162e-04
 2.712000e-03   3.696635e-03   1.269080e-03
 2.760000e-03   3.292516e-03   1.171235e-03
 2.808000e-03   3.281631e-03   9.477453e-04
 2.856000e-03   2.439741e-03   7.529892e-04
 2.904000e-03   3.431510e-03   1.876730e-03
 2.952000e-03   3.010977e-03   1.229014e-03
 3.000000e-03   4.510222e-03   1.840967e-03
 3.048000e-03   4.957722e-03   1.514292e-03
 3.096000e-03   3.069818e-03   1.066199e-03
 3.144000e-03   1.093840e-03   4.690370e-04
 3.192000e-03   2.403045e-03   9.824521e-04
 3.240000e-03   2.214683e-03   9.791572e-04
 3.288000e-03   4.810232e-03   1.672210e-03
 3.336000e-03   2.458376e-03   1.475730e-03
 3.384000e-03   2.701531e-03   7.574218e-04
 3.432000e-03   1.346190e-03   4.390526e-04
 3.480000e-03   4.144821e-03   1.028176e-03
 3.528000e-03   5.285850e-03   1.718164e-03
 3.576000e-03   6.359038e-04   3.144074e-04
 3.624000e-03   3.387170e-03   1.552969e-03
 3.672000e-03   3.056192e-03   9.605060e-04
 3.720000e-03   2.713285e-03   6.211101e-04
 3.768000e-03   5.637713e-03   1.547672e-03
 3.816000e-03   1.241683e-03   4.278364e-04
 3.864000e-03   1.678720e-03   6.072038e-04
 3.912000e-03   7.124367e-04   3.346392e-04
 3.960000e-03   5.303536e-03   2.755280e-03
 4.008000e-03   1.947402e-03   9.309375e-04
 4.056000e-03   1.248735e-03   2.399941e-04
 4.104000e-03   7.586148e-04   3.172210e-04
 4.152000e-03   3.434497e-03   1.352483e-03
 4.200000e-03   2.396089e-03   9.933157e-04
 4.248000e-03   6.961794e-04   3.461886e-04
 4.296000e-03   3.234002e-03   1.050422e-03
 4.344000e-03   7.272820e-03   2.688631e-03
 4.392000e-03   7.954509e-03   3.058498e-03
 4.440000e-03   2.642175e-03   7.519138e-04
 4.488000e-03   1.633015e-03   7.507464e-04
 4.536000e-03   1.561441e-03   6.362220e-04
 4.584000e-03   6.889816e-03   2.093845e-03
 4.632000e-03   5.899886e-03   2.284429e-03
 4.680000e-03   5.992982e-03   2.510668e-03
 4.728000e-03   9.148942e-04   4.193759e-04
 4.776000e-03   9.826960e-03   3.065078e-03
 4.824000e-03   3.820324e-03   1.002053e-03
 4.872000e-03   2.913088e-03   1.182314e-03
 4.920000e-03   5.527048e-04   1.375427e-04
 4.968000e-03   7.478479e-03   2.383608e-03
 5.016000e-03   4.281322e-03   1.670693e-03
 5.064000e-03   4.564283e-03   1.907282e-03
 5.112000e-03   6.057731e-03   2.021235e-03
 5.160000e-03   2.427675e-03   7.487829e-04
 5.208000e-03   4.937767e-03   1.516199e-03
 5.256000e-03   1.014047e-03   3.004171e-04
 5.304000e-03   5.539816e-03   2.532505e-03
 5.352000e-03   1.705877e-03   5.309995e-04
 5.400000e-03   2.575521e-03   4.890352e-04
 5.448000e-03   1.152896e-03   2.836320e-04
 5.496000e-03   1.417823e-03   4.677145e-04
 5.544000e-03   2.885661e-03   8.047039e-04
 5.592000e-03   4.827360e-03   2.107930e-03
 5.640000e-03   5.169052e-03   1.705766e-03
 5.688000e-03   4.832021e-03   1.502591e-03
 5.736000e-03   3.017569e-03   1.082951e-03
 5.784000e-03   2.439393e-03   6.180460e-04
 5.832000e-03   4.072597e-03   1.767215e-03
 5.880000e-03   8.778316e-04   3.797266e-04
 5.928000e-03   2.905128e-03   1.563616e-03
 5.976000e-03   3.607505e-03   1.119531e-03
 6.024000e-03   1.898011e-03   7.100136e-04
 6.072000e-03   3.034982e-03   1.046542e-03
 6.120000e-03   5.237391e-03   1.529784e-03
 6.168000e-03   2.344873e-03   6.552631e-04
 6.216000e-03   9.548610e-03   5.671866e-03
 6.264000e-03   1.611713e-03   6.131928e-04
 6.312000e-03   2.947304e-03   1.060837e-03
 6.360000e-03   1.682314e-03   4.805317e-04
 6.408000e-03   1.299423e-03   3.489619e-04
 6.456000e-03   3.247747e-03   1.144645e-03
 6.504000e-03   3.912036e-04   1.537539e-04
 6.552000e-03   6.532403e-03   1.635053e-03
 6.600000e-03   5.632185e-03   2.730268e-03
 6.648000e-03   1.757239e-03   7.167116e-04
 6.696000e-03   9.426561e-04   2.603584e-04
 6.744000e-03   3.045043e-03   8.756966e-04
 6.792000e-03   2.969308e-03   1.046673e-03
 6.840000e-03   2.071306e-03   5.954246e-04
 6.888000e-03   5.470061e-03   1.217794e-03
 6.936000e-03   2.097184e-03   6.679234e-04
 6.984000e-03   4.064235e-03   1.012200e-03
 7.032000e-03   2.400033e-03   1.097727e-03
 7.080000e-03   3.041228e-03   8.010216e-04
 7.128000e-03   7.000959e-04   5.013467e-04
 7.176000e-03   2.744455e-03   1.324133e-03
 7.224000e-03   2.190560e-03   6.225277e-04
 7.272000e-03   4.396905e-03   1.530802e-03
 7.320000e-03   2.543459e-03   6.892404e-04
 7.368000e-03   3.527251e-03   1.351231e-03
 7.416000e-03   2.371923e-03   1.038316e-03
 7.464000e-03   6.630182e-03   2.739601e-03
 7.512000e-03   1.648250e-03   3.909399e-04
 7.560000e-03   1.919273e-03   7.017769e-04
 7.608000e-03   1.388691e-03   5.966548e-04
 7.656000e-03   2.078991e-03   4.937159e-04
 7.704000e-03   1.481409e-03   5.928247e-04
 7.752000e-03   4.319597e-03   1.409391e-03
 7.800000e-03   8.396872e-03   2.563690e-03
 7.848000e-03   5.941373e-03   2.268917e-03
 7.896000e-03   1.719508e-03   4.117289e-04
 7.944000e-03   2.097961e-03   1.220667e-03
 7.992000e-03   2.668291e-03   9.661093e-04
 8.040000e-03   9.874636e-04   4.395551e-04
 8.088000e-03   5.581359e-03   1.746381e-03
 8.136000e-03   2.650570e-03   8.277653e-04
 8.184000e-03   3.814951e-03   1.285792e-03
 8.232000e-03   3.270937e-03   1.590341e-03
 8.280000e-03   1.718609e-03   6.195793e-04
 8.328000e-03   2.530762e-03   7.142955e-04
 8.376000e-03   4.999877e-03   1.999565e-03
 8.424000e-03   2.056944e-03   6.056258e-04
 8.472000e-03   4.369098e-03   1.956982e-03
 8.520000e-03   3.457531e-04   1.373909e-04
 8.568000e-03   6.440690e-03   1.921973e-03
 8.616000e-03   2.483492e-03   9.008343e-04
 8.664000e-03   5.239361e-03   2.607939e-03
 8.712000e-03   3.348312e-03   1.041720e-03
 8.760000e-03   2.268739e-03   9.264679e-04
 8.808000e-03   5.139619e-03   1.795436e-03
 8.856000e-03   7.947276e-03   4.158620e-03
 8.904000e-03   2.412334e-03   9.544057e-04
 8.952000e-03   2.740978e-03   6.548583e-04
 9.000000e-03   2.562246e-03   7.833491e-04
 9.048000e-03   1.119574e-03   5.354702e-04
 9.096000e-03   5.293945e-04   1.902272e-04
 9.144000e-03   1.549812e-03   7.885764e-04
 9.192000e-03   7.902071e-04   3.242600e-04
 9.240000e-03   1.716041e-03   4.680146e-04
 9.288000e-03   5.647445e-03   1.385507e-03
 9.336000e-03   1.095861e-02   4.250344e-03
 9.384000e-03   2.181792e-03   5.184925e-04
 9.432000e-03   4.281912e-03   1.518599e-03
 9.480000e-03   1.068329e-03   4.259164e-04
 9.528000e-03   2.598423e-03   7.175550e-04
 9.576000e-03   4.016441e-03   1.330875e-03
 9.624000e-03   2.123087e-03   8.951688e-04
 9.672000e-03   1.140870e-03   4.281546e-04
 9.720000e-03   2.918141e-03   9.883144e-04
 9.768000e-03   1.406989e-03   6.752468e-04
 9.816000e-03   2.690213e-03   1.075382e-03
 9.864000e-03   2.935607e-03   9.270317e-04
 9.912000e-03   1.771390e-03   5.692375e-04
 9.960000e-03   1.835325e-03   1.081364e-03
 1.000800e-02   2.797900e-03   6.464785e-04
 1.005600e-02   3.146036e-03   8.582265e-04
 1.010400e-02   8.586878e-03   3.720967e-03
 1.015200e-02   1.028966e-03   4.529864e-04
 1.020000e-02   3.016225e-03   8.738338e-04
 1.024800e-02   1.239596e-03   4.458121e-04
 1.029600e-02   1.879344e-03   8.614765e-04
 1.034400e-02   1.804114e-03   5.807887e-04
 1.039200e-02   6.250604e-03   3.106482e-03
 1.044000e-02   2.561298e-03   1.197088e-03
 1.048800e-02   1.834582e-03   6.758244e-04
 1.053600e-02   5.953167e-03   1.591073e-03
 1.058400e-02   1.978846e-03   6.018900e-04
 1.063200e-02   4.768452e-03   2.367136e-03
 1.068000e-02   2.303375e-03   6.490978e-04
 1.072800e-02   8.443043e-03   3.468828e-03
 1.077600e-02   3.828817e-03   1.840806e-03
 1.082400e-02   2.726425e-03   1.121046e-03
 1.087200e-02   1.622872e-03   5.031336e-04
 1.092000e-02   1.783629e-03   7.557229e-04
 1.096800e-02   4.865007e-04   2.259872e-04
 1.101600e-02   5.803987e-03   2.732121e-03
 1.106400e-02   1.893812e-03   6.689636e-04
 1.111200e-02   3.146755e-03   9.583020e-04
 1.116000e-02   8.187536e-04   3.935399e-04
 1.120800e-02   5.211086e-03   2.167331e-03
 1.125600e-02   5.878166e-03   1.555201e-03
 1.130400e-02   1.388722e-03   4.929418e-04
 1.135200e-02   2.220015e-03   1.137280e-03
 1.140000e-02   3.297096e-03   1.327108e-03
 1.144800e-02   2.450578e-03   7.284621e-04
 1.149600e-02   2.313172e-03   6.762416e-04
 1.154400e-02   4.228108e-03   1.492218e-03
 1.159200e-02   4.010472e-03   1.214551e-03
 1.164000e-02   2.228767e-03   1.033402e-03
 1.168800e-02   1.885213e-03   8.313231e-04
 1.173600e-02   3.224192e-03   9.546723e-04
 1.178400e-02   2.398325e-03   6.266500e-04
 1.183200e-02   3.370639e-03   1.576529e-03
 1.188000e-02   2.111309e-03   8.827960e-04
 1.192800e-02   1.917701e-03   1.067828e-03
 1.197600e-02   4.416620e-03   1.555417e-03
 inf   1.857569e-02   6.991126e-04
