th3_lab bin centers    value    Error 
-inf   0.000000e+00   0.000000e+00
 1.345310e-03   0.000000e+00   0.000000e+00
 1.345930e-03   0.000000e+00   0.000000e+00
 1.346550e-03   0.000000e+00   0.000000e+00
 1.347170e-03   0.000000e+00   0.000000e+00
 1.347790e-03   0.000000e+00   0.000000e+00
 1.348410e-03   0.000000e+00   0.000000e+00
 1.349030e-03   0.000000e+00   0.000000e+00
 1.349650e-03   0.000000e+00   0.000000e+00
 1.350270e-03   3.177129e+02   8.513117e+01
 1.350890e-03   2.392587e+02   1.385383e+01
 1.351510e-03   2.424420e+02   6.844044e+00
 1.352130e-03   2.429727e+02   1.141956e+01
 1.352750e-03   2.288200e+02   9.346903e+00
 1.353370e-03   2.579795e+02   2.711540e+01
 1.353990e-03   2.114799e+02   2.102821e+01
 1.354610e-03   2.388869e+02   2.204376e+01
 1.355230e-03   2.475750e+02   7.931131e+00
 1.355850e-03   2.399885e+02   9.101302e+00
 1.356470e-03   2.142802e+02   1.173013e+01
 1.357090e-03   2.253937e+02   2.268903e+01
 1.357710e-03  -1.212658e+02   3.693079e+02
 1.358330e-03   5.993561e+02   3.649127e+02
 1.358950e-03   2.295962e+02   1.452655e+01
 1.359570e-03   2.397307e+02   6.108782e+00
 1.360190e-03   2.370745e+02   4.459059e+00
 1.360810e-03   2.240418e+02   7.513156e+00
 1.361430e-03   2.427202e+02   1.656436e+01
 1.362050e-03   2.169927e+02   2.146296e+01
 1.362670e-03   2.355400e+02   1.445831e+01
 1.363290e-03   2.417914e+02   6.827069e+00
 1.363910e-03   1.902655e+02   4.278304e+01
 1.364530e-03  -1.395661e+03   1.617280e+03
 1.365150e-03   2.220129e+02   4.971049e+00
 1.365770e-03  -1.061580e+03   1.281238e+03
 1.366390e-03   2.719821e+02   1.878948e+03
 1.367010e-03  -4.573042e+02   6.255252e+02
 1.367630e-03   2.087594e+03   1.328802e+03
 1.368250e-03   2.395382e+02   8.937255e+00
 1.368870e-03   2.281642e+02   8.316554e+00
 1.369490e-03   3.337299e+02   8.238054e+01
 1.370110e-03   2.363913e+02   7.544356e+00
 1.370730e-03   2.078036e+02   2.321299e+01
 1.371350e-03   2.057114e+02   1.442671e+01
 1.371970e-03   2.194601e+02   1.265601e+01
 1.372590e-03   2.198696e+02   9.745962e+00
 1.373210e-03   1.864014e+02   4.370280e+01
 1.373830e-03   7.020576e+01   1.692462e+02
 1.374450e-03   2.651843e+02   3.363432e+01
 1.375070e-03   1.533849e+02   5.334123e+01
 1.375690e-03   2.241376e+02   7.428475e+00
 1.376310e-03   2.243840e+02   1.055390e+01
 1.376930e-03   2.256468e+02   6.901153e+00
 1.377550e-03   2.397742e+02   1.504902e+01
 1.378170e-03   2.358054e+02   1.083822e+01
 1.378790e-03   2.174917e+02   1.365660e+01
 1.379410e-03   3.850899e+02   1.670688e+02
 1.380030e-03   2.176649e+02   1.247816e+01
 1.380650e-03   2.179697e+02   8.441455e+00
 1.381270e-03   2.118729e+02   1.612431e+01
 1.381890e-03   2.239133e+02   8.385965e+00
 1.382510e-03   2.269397e+02   1.066682e+01
 1.383130e-03   2.203649e+02   6.201502e+00
 1.383750e-03   2.376042e+02   1.211466e+01
 1.384370e-03   2.157926e+02   1.061103e+01
 1.384990e-03   2.009984e+02   1.116695e+01
 1.385610e-03   1.828502e+03   1.643769e+03
 1.386230e-03   2.125471e+02   8.626702e+00
 1.386850e-03   2.103791e+02   1.103427e+01
 1.387470e-03   2.334844e+02   2.342168e+01
 1.388090e-03   2.060769e+02   1.580705e+01
 1.388710e-03   2.638514e+02   4.163263e+01
 1.389330e-03   2.062262e+02   8.002008e+00
 1.389950e-03   2.208877e+02   1.979882e+01
 1.390570e-03   2.440528e+02   1.371944e+01
 1.391190e-03   2.078924e+02   6.270451e+00
 1.391810e-03   2.096734e+02   7.293408e+01
 1.392430e-03   2.024250e+02   1.175220e+01
 1.393050e-03   2.180596e+02   7.299365e+00
 1.393670e-03   2.283139e+02   2.204818e+01
 1.394290e-03   2.118135e+02   1.144942e+01
 1.394910e-03   2.155528e+02   1.623443e+01
 1.395530e-03   2.027339e+02   8.747658e+00
 1.396150e-03   2.043315e+02   1.195722e+01
 1.396770e-03  -2.566560e+02   4.904132e+02
 1.397390e-03   7.302503e+02   4.889267e+02
 1.398010e-03   4.845662e+02   2.833105e+02
 1.398630e-03   1.860269e+02   1.144762e+01
 1.399250e-03   2.244279e+02   9.251334e+00
 1.399870e-03   1.988040e+02   1.150474e+01
 1.400490e-03   6.110975e+02   4.131325e+02
 1.401110e-03   1.930138e+02   1.398200e+01
 1.401730e-03   2.175598e+02   1.286197e+01
 1.402350e-03   2.295881e+02   2.272992e+01
 1.402970e-03   2.240314e+02   2.614921e+01
 1.403590e-03   2.143954e+02   9.271191e+00
 1.404210e-03  -2.598129e+02   4.687436e+02
 1.404830e-03   2.219697e+02   1.313460e+01
 1.405450e-03   2.028832e+02   1.345014e+01
 1.406070e-03   9.302514e+01   1.357641e+02
 1.406690e-03   3.246180e+02   1.356736e+02
 1.407310e-03   1.886204e+02   1.769067e+01
 1.407930e-03   2.836688e+01   1.782662e+02
 1.408550e-03   2.310697e+01   1.736336e+02
 1.409170e-03   3.705686e+02   1.736329e+02
 1.409790e-03   8.666908e+01   1.262780e+02
 1.410410e-03   6.761111e+01   3.451851e+02
 1.411030e-03   2.249553e+02   2.800006e+01
 1.411650e-03   2.249417e+02   1.648672e+01
 1.412270e-03   3.647131e+02   1.783823e+02
 1.412890e-03   2.101059e+02   1.799716e+01
 1.413510e-03   2.155691e+02   1.731331e+01
 1.414130e-03   2.103960e+02   5.946805e+00
 1.414750e-03   2.108483e+02   1.112945e+01
 1.415370e-03   2.087618e+02   1.099394e+01
 1.415990e-03  -8.936488e+02   1.086106e+03
 1.416610e-03   9.732219e+01   1.097523e+02
 1.417230e-03   1.401745e+03   1.078987e+03
 1.417850e-03   1.982600e+02   9.693934e+00
 1.418470e-03   2.399895e+02   4.117180e+01
 1.419090e-03   2.021831e+02   1.396536e+01
 1.419710e-03   1.440421e+02   5.228517e+01
 1.420330e-03   1.946943e+02   1.693101e+01
 1.420950e-03   1.786774e+02   1.731382e+01
 1.421570e-03   2.233945e+02   1.682657e+01
 1.422190e-03   1.903516e+02   2.485246e+01
 1.422810e-03   1.868294e+02   1.067855e+01
 1.423430e-03   2.204007e+02   1.754248e+01
 1.424050e-03   1.897454e+02   1.443312e+01
 1.424670e-03   1.989730e+02   6.720033e+00
 1.425290e-03   2.058687e+02   9.693676e+00
 1.425910e-03   1.946942e+02   2.090471e+01
 1.426530e-03   1.925854e+02   5.484414e+00
 1.427150e-03   1.954861e+02   1.332807e+01
 1.427770e-03   1.584281e+02   2.721269e+01
 1.428390e-03   2.006851e+02   1.970478e+01
 1.429010e-03   1.443079e+02   6.419503e+01
 1.429630e-03   1.888332e+02   1.298055e+01
 1.430250e-03   1.994555e+02   8.563774e+00
 1.430870e-03   1.491377e+02   4.878402e+01
 1.431490e-03  -7.955163e+03   8.190805e+03
 1.432110e-03   8.393307e+03   8.183852e+03
 1.432730e-03   2.290839e+02   5.008944e+01
 1.433350e-03   1.647131e+02   1.523064e+01
 1.433970e-03   1.803318e+02   1.659091e+01
 1.434590e-03   2.256458e+02   2.406265e+01
 1.435210e-03  -1.199891e+03   1.407513e+03
 1.435830e-03   1.777846e+02   1.783080e+01
 1.436450e-03   1.982063e+02   1.188863e+01
 1.437070e-03   1.759473e+02   2.449609e+01
 1.437690e-03   1.416745e+02   1.283320e+02
 1.438310e-03  -1.432305e+02   3.491738e+02
 1.438930e-03   2.109389e+02   2.476568e+01
 1.439550e-03   1.985130e+02   1.218845e+01
 1.440170e-03   1.840463e+02   1.424295e+01
 1.440790e-03   1.590152e+02   4.132106e+01
 1.441410e-03   1.686764e+03   1.484578e+03
 1.442030e-03   1.618620e+02   1.190419e+01
 1.442650e-03   1.615617e+02   1.398651e+01
 1.443270e-03  -1.767195e+03   1.970542e+03
 1.443890e-03   2.169664e+02   2.454662e+01
 1.444510e-03   1.724818e+02   2.432749e+01
 1.445130e-03   1.974199e+02   1.422855e+01
 1.445750e-03   1.936371e+02   1.881167e+01
 1.446370e-03   1.725438e+02   1.173706e+01
 1.446990e-03   1.904897e+02   7.843939e+00
 1.447610e-03   1.905915e+02   9.904409e+00
 1.448230e-03   2.137330e+03   1.956792e+03
 1.448850e-03   2.545667e+02   2.916408e+01
 1.449470e-03   1.659888e+02   2.476780e+01
 1.450090e-03   2.066761e+02   1.261403e+01
 1.450710e-03  -4.132741e+03   4.320677e+03
 1.451330e-03   4.850260e+03   4.294262e+03
 1.451950e-03   1.890468e+02   1.810731e+01
 1.452570e-03   2.118598e+02   1.782322e+01
 1.453190e-03   1.800267e+02   2.017659e+01
 1.453810e-03   1.890795e+02   1.180586e+01
 1.454430e-03   1.791130e+02   7.380236e+00
 1.455050e-03   2.029971e+02   1.240618e+01
 1.455670e-03  -1.379556e+02   2.988277e+02
 1.456290e-03   2.992338e+02   1.071577e+02
 1.456910e-03   1.750942e+02   1.447332e+01
 1.457530e-03   4.173377e+02   3.090685e+02
 1.458150e-03   1.523616e+02   4.504682e+01
 1.458770e-03   1.743497e+02   9.646787e+00
 1.459390e-03   1.896139e+02   1.386886e+01
 1.460010e-03   1.892639e+02   1.496125e+01
 1.460630e-03   1.964727e+02   1.335860e+01
 1.461250e-03   1.696574e+02   1.822064e+01
 1.461870e-03   1.947095e+02   8.107603e+00
 1.462490e-03   1.801455e+02   1.355888e+01
 1.463110e-03   1.600084e+02   2.712298e+01
 1.463730e-03   1.809182e+02   2.832998e+01
 1.464350e-03  -1.680451e+02   3.501297e+02
 1.464970e-03  -3.869713e+02   5.644159e+02
 1.465590e-03   8.261823e+02   6.034830e+02
 1.466210e-03   1.617187e+02   1.531528e+01
 1.466830e-03   1.682368e+02   2.441998e+01
 1.467450e-03   2.500493e+02   4.229288e+01
 1.468070e-03   2.075756e+03   1.890693e+03
 1.468690e-03   1.316963e+02   4.217608e+01
 1.469310e-03  -1.031142e+03   1.200908e+03
 1.469930e-03   5.124451e+02   3.521149e+02
 1.470550e-03   1.836862e+02   1.779080e+01
 1.471170e-03   1.411309e+03   1.202688e+03
 1.471790e-03   1.977031e+02   1.587156e+01
 1.472410e-03   1.450625e+02   2.524639e+01
 1.473030e-03   1.806220e+02   2.374083e+01
 1.473650e-03   1.872785e+02   1.170450e+01
 1.474270e-03   1.678707e+02   2.236258e+01
 1.474890e-03   1.831604e+02   1.794054e+01
 1.475510e-03   1.704251e+02   1.614953e+01
 1.476130e-03   2.047926e+02   2.045019e+01
 1.476750e-03   1.750435e+02   6.396937e+00
 1.477370e-03   1.850525e+02   1.980383e+01
 1.477990e-03   1.322862e+02   3.592287e+01
 1.478610e-03   1.764168e+02   1.249348e+01
 1.479230e-03   1.896169e+02   5.889865e+01
 1.479850e-03   9.513125e+01   7.279525e+01
 1.480470e-03   2.496421e+02   7.117947e+01
 1.481090e-03   1.814337e+02   1.251727e+01
 1.481710e-03   5.056127e+01   1.200644e+02
 1.482330e-03   2.008558e+02   1.212350e+01
 1.482950e-03   2.252300e+02   3.658477e+01
 1.483570e-03   1.892284e+02   1.282538e+01
 1.484190e-03   1.710556e+02   1.038161e+01
 1.484810e-03   1.240740e+02   9.887364e+01
 1.485430e-03   1.695551e+02   8.471218e+00
 1.486050e-03   1.813710e+02   6.822217e+00
 1.486670e-03  -1.317353e+04   1.333314e+04
 1.487290e-03   1.350650e+04   1.332718e+04
 1.487910e-03   1.745173e+02   1.899984e+01
 1.488530e-03   1.595634e+02   1.735827e+01
 1.489150e-03   1.904580e+02   1.438591e+01
 1.489770e-03   1.593998e+02   2.651642e+01
 1.490390e-03   1.745937e+02   2.659206e+01
 1.491010e-03   1.771407e+02   9.887247e+00
 1.491630e-03   1.765671e+02   7.411302e+00
 1.492250e-03   1.352680e+02   4.090145e+01
 1.492870e-03   2.734202e+02   1.163574e+02
 1.493490e-03   2.548005e+02   9.024550e+01
 1.494110e-03  -3.205023e+02   4.958950e+02
 1.494730e-03   6.739878e+02   4.955118e+02
 1.495350e-03   1.442995e+02   1.224072e+01
 1.495970e-03   1.587998e+02   1.719823e+01
 1.496590e-03   1.670848e+02   1.435669e+01
 1.497210e-03   1.575759e+02   1.500043e+01
 1.497830e-03   2.627425e+02   6.139211e+01
 1.498450e-03   1.648866e+02   1.524857e+01
 1.499070e-03   1.643558e+02   1.159478e+01
 1.499690e-03   1.937781e+02   9.900017e+00
 1.500310e-03   1.963497e+02   1.002800e+01
 1.500930e-03  -6.309785e+02   6.662915e+02
 1.501550e-03   8.024969e+01   8.272618e+01
 1.502170e-03   1.373323e+02   1.780370e+01
 1.502790e-03   2.817101e+02   9.309522e+01
 1.503410e-03   1.519505e+02   9.219853e+00
 1.504030e-03   2.722117e+02   8.297797e+01
 1.504650e-03   1.556527e+02   6.854783e+00
 1.505270e-03   1.584657e+02   1.071936e+01
 1.505890e-03   1.527438e+02   1.364826e+01
 1.506510e-03   1.687024e+02   8.697778e+00
 1.507130e-03   7.931586e+01   6.108888e+01
 1.507750e-03   1.676674e+02   2.768049e+01
 1.508370e-03   1.147331e+02   4.579442e+01
 1.508990e-03   1.726856e+02   1.930099e+01
 1.509610e-03   1.801411e+02   1.750444e+01
 1.510230e-03   2.094341e+02   2.725787e+01
 1.510850e-03   1.631844e+02   1.276279e+01
 1.511470e-03  -3.519902e+02   5.238261e+02
 1.512090e-03   1.687073e+02   2.412826e+01
 1.512710e-03   6.749696e+02   5.271586e+02
 1.513330e-03   1.524360e+02   1.119431e+01
 1.513950e-03   6.214579e+01   7.511446e+01
 1.514570e-03   1.909030e+02   2.556220e+01
 1.515190e-03   1.542495e+02   7.629855e+00
 1.515810e-03   1.298986e+02   3.048618e+01
 1.516430e-03   5.271273e+02   6.695766e+02
 1.517050e-03   2.445942e+02   5.643271e+01
 1.517670e-03   1.527291e+02   1.026399e+01
 1.518290e-03   1.087196e+02   5.652461e+01
 1.518910e-03   1.537191e+02   7.635951e+00
 1.519530e-03   1.490324e+02   1.304929e+01
 1.520150e-03   1.727367e+02   6.916694e+00
 1.520770e-03   1.896474e+02   2.539406e+01
 1.521390e-03   1.758851e+02   2.191635e+01
 1.522010e-03   1.612455e+02   2.565636e+01
 1.522630e-03   1.684386e+02   8.801875e+00
 1.523250e-03   1.065570e+02   5.043628e+01
 1.523870e-03   1.944886e+02   2.897082e+01
 1.524490e-03   1.474995e+02   9.179287e+00
 1.525110e-03   1.464279e+02   9.525661e+00
 1.525730e-03   1.726074e+02   2.672081e+01
 1.526350e-03   1.525085e+02   7.058470e+00
 1.526970e-03   1.882321e+02   2.300052e+01
 1.527590e-03   1.524436e+02   1.717707e+01
 1.528210e-03   2.060164e+02   2.965125e+01
 1.528830e-03   1.594248e+02   1.030244e+01
 1.529450e-03   6.755030e+01   1.113195e+02
 1.530070e-03   3.497351e+02   2.162804e+02
 1.530690e-03  -6.362436e+01   2.170083e+02
 1.531310e-03   1.374375e+02   3.402498e+01
 1.531930e-03   1.429730e+02   1.086832e+01
 1.532550e-03   1.826207e+02   1.677383e+01
 1.533170e-03   4.532629e+02   2.963982e+02
 1.533790e-03   1.446364e+02   1.177241e+01
 1.534410e-03   1.634182e+02   1.352381e+01
 1.535030e-03   1.422368e+02   1.025482e+01
 1.535650e-03   1.367938e+02   3.759555e+01
 1.536270e-03  -6.315402e+01   1.806328e+02
 1.536890e-03   1.967395e+02   3.926710e+01
 1.537510e-03   2.012259e+02   6.263583e+01
 1.538130e-03   1.555005e+02   1.119478e+01
 1.538750e-03   2.794875e+02   1.093079e+02
 1.539370e-03   1.631847e+02   6.827876e+00
 1.539990e-03   1.667477e+02   7.245233e+00
 1.540610e-03   1.272802e+02   2.080268e+01
 1.541230e-03   1.490706e+02   1.292609e+01
 1.541850e-03   1.564886e+02   1.112746e+01
 1.542470e-03   1.434993e+02   1.347738e+01
 1.543090e-03   1.600139e+02   1.217914e+01
 1.543710e-03   1.505109e+02   7.938183e+00
 1.544330e-03   1.397219e+02   1.115025e+01
 1.544950e-03   1.333443e+02   1.154369e+01
 1.545570e-03   3.256334e+02   1.820493e+02
 1.546190e-03   1.611198e+02   1.207530e+01
 1.546810e-03   1.466712e+02   1.121734e+01
 1.547430e-03   9.669738e+01   7.188229e+01
 1.548050e-03   1.843862e+02   4.145792e+01
 1.548670e-03   1.503955e+02   4.089462e+00
 1.549290e-03   2.104751e+02   8.074686e+01
 1.549910e-03   1.396013e+02   1.117993e+01
 1.550530e-03   8.617043e+01   7.754926e+01
 1.551150e-03   1.903785e+02   3.001761e+01
 1.551770e-03   1.456769e+02   1.065516e+01
 1.552390e-03   1.280497e+02   1.629243e+01
 1.553010e-03  -2.632189e+02   4.313834e+02
 1.553630e-03   1.978812e+02   5.810067e+01
 1.554250e-03   1.155115e+02   8.218264e+01
 1.554870e-03   1.735821e+03   1.607410e+03
 1.555490e-03   5.239248e+01   8.675415e+01
 1.556110e-03   1.279675e+02   1.477301e+01
 1.556730e-03   1.561963e+02   1.836634e+01
 1.557350e-03   1.642339e+02   1.138061e+01
 1.557970e-03   1.462562e+02   1.428952e+01
 1.558590e-03   1.082255e+02   3.090388e+01
 1.559210e-03   2.395463e+02   8.662187e+01
 1.559830e-03  -3.367998e+02   3.962805e+02
 1.560450e-03   6.538132e+02   4.088158e+02
 1.561070e-03   1.730260e+02   3.007751e+01
 1.561690e-03   3.274133e+02   1.305997e+02
 1.562310e-03   1.606388e+02   8.063129e+00
 1.562930e-03   1.636705e+02   1.289167e+01
 1.563550e-03   1.442597e+02   1.886832e+01
 1.564170e-03   1.685601e+02   1.128398e+01
 1.564790e-03   1.659023e+02   1.415796e+01
 1.565410e-03   1.534317e+02   8.084035e+00
 1.566030e-03   1.577834e+02   7.957663e+00
 1.566650e-03   1.342217e+02   2.558641e+01
 1.567270e-03   1.570379e+02   8.811614e+00
 1.567890e-03   9.107912e+01   6.889534e+01
 1.568510e-03   1.668941e+02   9.715953e+00
 1.569130e-03   1.592203e+02   1.029502e+01
 1.569750e-03  -1.558116e+03   1.691073e+03
 1.570370e-03   1.780535e+02   1.900522e+01
 1.570990e-03   5.272269e+02   3.666853e+02
 1.571610e-03   1.660246e+02   9.292457e+00
 1.572230e-03   1.838275e+02   2.251640e+01
 1.572850e-03   1.435759e+02   2.671491e+01
 1.573470e-03  -1.931626e+03   2.095382e+03
 1.574090e-03   2.139578e+03   2.105498e+03
 1.574710e-03   3.297135e+02   1.079440e+02
 1.575330e-03   1.677075e+02   9.175361e+00
 1.575950e-03  -6.583762e+02   8.282766e+02
 1.576570e-03   1.596287e+02   1.127967e+01
 1.577190e-03   1.733628e+02   8.500752e+00
 1.577810e-03   1.849606e+02   1.702266e+01
 1.578430e-03   1.521745e+02   5.003039e+01
 1.579050e-03   6.481780e+01   4.866684e+01
 1.579670e-03   1.083064e+02   3.270783e+01
 1.580290e-03  -5.263869e+02   6.253873e+02
 1.580910e-03   2.070516e+02   6.253951e+01
 1.581530e-03   1.123261e+02   3.129476e+01
 1.582150e-03   1.351291e+02   3.106390e+01
 1.582770e-03   6.079223e+01   5.026315e+01
 1.583390e-03   1.487394e+02   5.201440e+01
 1.584010e-03  -9.896844e+01   2.629180e+02
 1.584630e-03   1.258329e+02   2.757168e+01
 1.585250e-03   1.050748e+02   2.942093e+01
 1.585870e-03   1.263701e+02   2.701492e+01
 1.586490e-03   1.465403e+02   3.482587e+01
 1.587110e-03   1.311514e+02   2.854415e+01
 1.587730e-03   1.181803e+02   3.278876e+01
 1.588350e-03   1.205112e+02   2.703644e+01
 1.588970e-03   1.666723e+02   7.248742e+01
 1.589590e-03   1.210799e+02   2.713271e+01
 1.590210e-03  -7.040117e+02   8.571806e+02
 1.590830e-03   9.667545e+02   8.608134e+02
 1.591450e-03   9.118361e+01   4.096850e+01
 1.592070e-03   1.631555e+02   4.122186e+01
 1.592690e-03   9.553543e+01   3.630967e+01
 1.593310e-03   1.653098e+02   3.761557e+01
 1.593930e-03   1.195149e+02   2.645226e+01
 1.594550e-03   5.605911e+01   7.444967e+01
 1.595170e-03   1.494507e+02   3.283916e+01
 1.595790e-03   1.191075e+02   3.134693e+01
 1.596410e-03   1.077330e+02   3.027653e+01
 1.597030e-03   1.271907e+02   2.830198e+01
 1.597650e-03   8.217285e+01   3.922547e+01
 1.598270e-03   1.441193e+02   3.324898e+01
 1.598890e-03   6.737998e+02   5.668001e+02
 1.599510e-03   8.155269e+03   8.026870e+03
 1.600130e-03   4.769469e+01   1.418871e+01
 1.600750e-03   0.000000e+00   0.000000e+00
 1.601370e-03   0.000000e+00   0.000000e+00
 1.601990e-03   0.000000e+00   0.000000e+00
 1.602610e-03   0.000000e+00   0.000000e+00
 1.603230e-03   0.000000e+00   0.000000e+00
 1.603850e-03   0.000000e+00   0.000000e+00
 1.604470e-03   0.000000e+00   0.000000e+00
 1.605090e-03   0.000000e+00   0.000000e+00
 1.605710e-03   0.000000e+00   0.000000e+00
 1.606330e-03   0.000000e+00   0.000000e+00
 1.606950e-03   0.000000e+00   0.000000e+00
 1.607570e-03   0.000000e+00   0.000000e+00
 1.608190e-03   0.000000e+00   0.000000e+00
 1.608810e-03   0.000000e+00   0.000000e+00
 1.609430e-03   0.000000e+00   0.000000e+00
 1.610050e-03   0.000000e+00   0.000000e+00
 1.610670e-03   0.000000e+00   0.000000e+00
 1.611290e-03   0.000000e+00   0.000000e+00
 1.611910e-03   0.000000e+00   0.000000e+00
 1.612530e-03   0.000000e+00   0.000000e+00
 1.613150e-03   0.000000e+00   0.000000e+00
 1.613770e-03   0.000000e+00   0.000000e+00
 1.614390e-03   0.000000e+00   0.000000e+00
 1.615010e-03   0.000000e+00   0.000000e+00
 1.615630e-03   0.000000e+00   0.000000e+00
 1.616250e-03   0.000000e+00   0.000000e+00
 1.616870e-03   0.000000e+00   0.000000e+00
 1.617490e-03   0.000000e+00   0.000000e+00
 1.618110e-03   0.000000e+00   0.000000e+00
 1.618730e-03   0.000000e+00   0.000000e+00
 1.619350e-03   0.000000e+00   0.000000e+00
 1.619970e-03   0.000000e+00   0.000000e+00
 1.620590e-03   0.000000e+00   0.000000e+00
 1.621210e-03   0.000000e+00   0.000000e+00
 1.621830e-03   0.000000e+00   0.000000e+00
 1.622450e-03   0.000000e+00   0.000000e+00
 1.623070e-03   0.000000e+00   0.000000e+00
 1.623690e-03   0.000000e+00   0.000000e+00
 1.624310e-03   0.000000e+00   0.000000e+00
 1.624930e-03   0.000000e+00   0.000000e+00
 1.625550e-03   0.000000e+00   0.000000e+00
 1.626170e-03   0.000000e+00   0.000000e+00
 1.626790e-03   0.000000e+00   0.000000e+00
 1.627410e-03   0.000000e+00   0.000000e+00
 1.628030e-03   0.000000e+00   0.000000e+00
 1.628650e-03   0.000000e+00   0.000000e+00
 1.629270e-03   0.000000e+00   0.000000e+00
 1.629890e-03   0.000000e+00   0.000000e+00
 1.630510e-03   0.000000e+00   0.000000e+00
 1.631130e-03   0.000000e+00   0.000000e+00
 1.631750e-03   0.000000e+00   0.000000e+00
 1.632370e-03   0.000000e+00   0.000000e+00
 1.632990e-03   0.000000e+00   0.000000e+00
 1.633610e-03   0.000000e+00   0.000000e+00
 1.634230e-03   0.000000e+00   0.000000e+00
 1.634850e-03   0.000000e+00   0.000000e+00
 1.635470e-03   0.000000e+00   0.000000e+00
 1.636090e-03   0.000000e+00   0.000000e+00
 1.636710e-03   0.000000e+00   0.000000e+00
 1.637330e-03   0.000000e+00   0.000000e+00
 1.637950e-03   0.000000e+00   0.000000e+00
 1.638570e-03   0.000000e+00   0.000000e+00
 1.639190e-03   0.000000e+00   0.000000e+00
 1.639810e-03   0.000000e+00   0.000000e+00
 1.640430e-03   0.000000e+00   0.000000e+00
 1.641050e-03   0.000000e+00   0.000000e+00
 1.641670e-03   0.000000e+00   0.000000e+00
 1.642290e-03   0.000000e+00   0.000000e+00
 1.642910e-03   0.000000e+00   0.000000e+00
 1.643530e-03   0.000000e+00   0.000000e+00
 1.644150e-03   0.000000e+00   0.000000e+00
 1.644770e-03   0.000000e+00   0.000000e+00
 1.645390e-03   0.000000e+00   0.000000e+00
 1.646010e-03   0.000000e+00   0.000000e+00
 1.646630e-03   0.000000e+00   0.000000e+00
 1.647250e-03   0.000000e+00   0.000000e+00
 1.647870e-03   0.000000e+00   0.000000e+00
 1.648490e-03   0.000000e+00   0.000000e+00
 1.649110e-03   0.000000e+00   0.000000e+00
 1.649730e-03   0.000000e+00   0.000000e+00
 1.650350e-03   0.000000e+00   0.000000e+00
 1.650970e-03   0.000000e+00   0.000000e+00
 1.651590e-03   0.000000e+00   0.000000e+00
 1.652210e-03   0.000000e+00   0.000000e+00
 1.652830e-03   0.000000e+00   0.000000e+00
 1.653450e-03   0.000000e+00   0.000000e+00
 1.654070e-03   0.000000e+00   0.000000e+00
 1.654690e-03   0.000000e+00   0.000000e+00
 inf   0.000000e+00   0.000000e+00
