ql52_lab bin centers    value    Error 
-inf   1.908810e+00   4.827214e-02
 6.500000e-01   5.727199e-01   4.230768e-02
 1.950000e+00   2.833735e-02   1.101596e-04
 3.250000e+00   1.634632e-02   7.570528e-05
 4.550000e+00   1.147019e-02   5.341018e-05
 5.850000e+00   8.755906e-03   5.014360e-05
 7.150000e+00   7.074970e-03   3.836762e-05
 8.450000e+00   6.081209e-03   4.700509e-05
 9.750000e+00   5.107315e-03   3.765946e-05
 1.105000e+01   4.575831e-03   6.268038e-05
 1.235000e+01   3.966869e-03   2.863278e-05
 1.365000e+01   3.775084e-03   6.295993e-05
 1.495000e+01   3.471094e-03   4.507946e-05
 1.625000e+01   3.212776e-03   4.843266e-05
 1.755000e+01   3.094762e-03   5.469386e-05
 1.885000e+01   2.889644e-03   4.510614e-05
 2.015000e+01   2.834337e-03   5.619163e-05
 2.145000e+01   2.682310e-03   4.383567e-05
 2.275000e+01   2.596747e-03   3.903073e-05
 2.405000e+01   2.560351e-03   4.197754e-05
 2.535000e+01   2.552390e-03   4.453345e-05
 2.665000e+01   2.381860e-03   4.282841e-05
 2.795000e+01   2.171415e-03   5.054374e-05
 2.925000e+01   2.212055e-03   4.658174e-05
 3.055000e+01   1.982202e-03   3.540465e-05
 3.185000e+01   1.808162e-03   3.542170e-05
 3.315000e+01   1.685013e-03   3.009794e-05
 3.445000e+01   1.549201e-03   2.770549e-05
 3.575000e+01   1.381698e-03   3.013082e-05
 3.705000e+01   1.219064e-03   3.315690e-05
 3.835000e+01   1.149447e-03   3.268240e-05
 3.965000e+01   1.138399e-03   3.952763e-05
 4.095000e+01   9.912181e-04   3.015446e-05
 4.225000e+01   9.136869e-04   2.237478e-05
 4.355000e+01   8.563611e-04   1.832980e-05
 4.485000e+01   8.033225e-04   2.497946e-05
 4.615000e+01   7.420615e-04   2.132817e-05
 4.745000e+01   6.842983e-04   1.449898e-05
 4.875000e+01   6.576841e-04   1.702446e-05
 5.005000e+01   5.821671e-04   1.365578e-05
 5.135000e+01   5.571761e-04   1.200312e-05
 5.265000e+01   5.179900e-04   1.391643e-05
 5.395000e+01   4.926331e-04   1.052809e-05
 5.525000e+01   4.368665e-04   1.404300e-05
 5.655000e+01   4.101119e-04   9.992148e-06
 5.785000e+01   4.079635e-04   1.842007e-05
 5.915000e+01   3.660343e-04   1.033802e-05
 6.045000e+01   3.285541e-04   6.545641e-06
 6.175000e+01   3.195181e-04   7.053574e-06
 6.305000e+01   2.887673e-04   6.152422e-06
 6.435000e+01   2.750368e-04   7.940108e-06
 6.565000e+01   2.604561e-04   7.490706e-06
 6.695000e+01   2.570355e-04   8.571805e-06
 6.825000e+01   2.308739e-04   3.741127e-06
 6.955000e+01   2.071350e-04   5.085097e-06
 7.085000e+01   1.998254e-04   5.311094e-06
 7.215000e+01   1.923201e-04   4.803795e-06
 7.345000e+01   1.799284e-04   5.392568e-06
 7.475000e+01   1.670642e-04   4.350101e-06
 7.605000e+01   1.630608e-04   5.329197e-06
 7.735000e+01   1.500345e-04   4.374361e-06
 7.865000e+01   1.374735e-04   4.721643e-06
 7.995000e+01   1.339051e-04   5.218108e-06
 8.125000e+01   1.285204e-04   5.063944e-06
 8.255000e+01   1.120252e-04   4.388742e-06
 8.385000e+01   1.086617e-04   4.649569e-06
 8.515000e+01   1.014038e-04   3.074404e-06
 8.645000e+01   9.690164e-05   3.492728e-06
 8.775000e+01   9.739694e-05   2.867786e-06
 8.905000e+01   8.052844e-05   2.395068e-06
 9.035000e+01   8.877083e-05   4.138461e-06
 9.165000e+01   7.722239e-05   2.603318e-06
 9.295000e+01   7.583643e-05   3.104994e-06
 9.425000e+01   7.148308e-05   2.886138e-06
 9.555000e+01   6.651555e-05   2.513212e-06
 9.685000e+01   6.608944e-05   2.748929e-06
 9.815000e+01   5.869189e-05   2.129800e-06
 9.945000e+01   4.882819e-05   1.471606e-06
 1.007500e+02   5.168767e-05   2.377359e-06
 1.020500e+02   4.601430e-05   2.329941e-06
 1.033500e+02   4.764612e-05   2.142224e-06
 1.046500e+02   4.166021e-05   3.048388e-06
 1.059500e+02   4.109512e-05   1.792605e-06
 1.072500e+02   3.816578e-05   1.771969e-06
 1.085500e+02   3.138523e-05   1.267744e-06
 1.098500e+02   3.234026e-05   1.843957e-06
 1.111500e+02   3.083615e-05   1.129794e-06
 1.124500e+02   2.943096e-05   1.762723e-06
 1.137500e+02   2.637508e-05   1.664100e-06
 1.150500e+02   2.491892e-05   1.121857e-06
 1.163500e+02   2.209180e-05   1.144348e-06
 1.176500e+02   2.472226e-05   1.587730e-06
 1.189500e+02   1.888449e-05   8.869698e-07
 1.202500e+02   1.795115e-05   9.598841e-07
 1.215500e+02   1.830750e-05   9.250152e-07
 1.228500e+02   1.687872e-05   1.037184e-06
 1.241500e+02   1.528913e-05   6.590283e-07
 1.254500e+02   1.357812e-05   7.832750e-07
 1.267500e+02   1.230794e-05   7.226623e-07
 1.280500e+02   1.216421e-05   6.809413e-07
 1.293500e+02   1.423729e-05   8.909388e-07
 1.306500e+02   9.909734e-06   5.004973e-07
 1.319500e+02   1.010998e-05   7.702727e-07
 1.332500e+02   8.971890e-06   6.643150e-07
 1.345500e+02   8.662918e-06   6.550981e-07
 1.358500e+02   7.070731e-06   3.449011e-07
 1.371500e+02   6.200141e-06   3.222597e-07
 1.384500e+02   6.015866e-06   3.978098e-07
 1.397500e+02   5.359019e-06   3.733361e-07
 1.410500e+02   4.532482e-06   3.030663e-07
 1.423500e+02   4.582531e-06   2.631757e-07
 1.436500e+02   3.735310e-06   2.302571e-07
 1.449500e+02   3.155414e-06   1.998141e-07
 1.462500e+02   3.493653e-06   2.355821e-07
 1.475500e+02   2.710420e-06   1.519084e-07
 1.488500e+02   2.047192e-06   6.855034e-08
 1.501500e+02   1.880174e-06   6.811387e-08
 1.514500e+02   1.602379e-06   6.376927e-08
 1.527500e+02   1.459424e-06   5.614775e-08
 1.540500e+02   1.287731e-06   4.162652e-08
 1.553500e+02   1.224291e-06   2.879306e-08
 1.566500e+02   1.025128e-06   2.582680e-08
 1.579500e+02   9.627974e-07   3.493237e-08
 1.592500e+02   8.520853e-07   3.918563e-08
 1.605500e+02   7.588662e-07   2.238842e-08
 1.618500e+02   7.155998e-07   2.418109e-08
 1.631500e+02   6.195409e-07   1.774695e-08
 1.644500e+02   5.727576e-07   2.062249e-08
 1.657500e+02   5.372102e-07   1.181534e-08
 1.670500e+02   4.486156e-07   1.104881e-08
 1.683500e+02   4.045892e-07   1.450248e-08
 1.696500e+02   3.745592e-07   1.288607e-08
 1.709500e+02   3.101054e-07   9.331680e-09
 1.722500e+02   2.951945e-07   8.710641e-09
 1.735500e+02   2.496653e-07   1.161445e-08
 1.748500e+02   2.240422e-07   5.509862e-09
 1.761500e+02   1.850140e-07   7.100717e-09
 1.774500e+02   1.748907e-07   8.857997e-09
 1.787500e+02   1.483971e-07   6.335110e-09
 1.800500e+02   1.170153e-07   6.100250e-09
 1.813500e+02   1.070565e-07   5.531189e-09
 1.826500e+02   7.723500e-08   5.631205e-09
 1.839500e+02   5.913712e-08   4.167256e-09
 1.852500e+02   5.132857e-08   4.204635e-09
 1.865500e+02   4.828122e-08   4.884166e-09
 1.878500e+02   2.051476e-08   2.111424e-09
 1.891500e+02   1.329054e-08   1.531390e-09
 1.904500e+02   1.150603e-09   3.019979e-10
 1.917500e+02   0.000000e+00   0.000000e+00
 1.930500e+02   0.000000e+00   0.000000e+00
 1.943500e+02   0.000000e+00   0.000000e+00
 1.956500e+02   0.000000e+00   0.000000e+00
 1.969500e+02   0.000000e+00   0.000000e+00
 1.982500e+02   0.000000e+00   0.000000e+00
 1.995500e+02   0.000000e+00   0.000000e+00
 2.008500e+02   0.000000e+00   0.000000e+00
 2.021500e+02   0.000000e+00   0.000000e+00
 2.034500e+02   0.000000e+00   0.000000e+00
 2.047500e+02   0.000000e+00   0.000000e+00
 2.060500e+02   0.000000e+00   0.000000e+00
 2.073500e+02   0.000000e+00   0.000000e+00
 2.086500e+02   0.000000e+00   0.000000e+00
 2.099500e+02   0.000000e+00   0.000000e+00
 2.112500e+02   0.000000e+00   0.000000e+00
 2.125500e+02   0.000000e+00   0.000000e+00
 2.138500e+02   0.000000e+00   0.000000e+00
 2.151500e+02   0.000000e+00   0.000000e+00
 2.164500e+02   0.000000e+00   0.000000e+00
 2.177500e+02   0.000000e+00   0.000000e+00
 2.190500e+02   0.000000e+00   0.000000e+00
 2.203500e+02   0.000000e+00   0.000000e+00
 2.216500e+02   0.000000e+00   0.000000e+00
 2.229500e+02   0.000000e+00   0.000000e+00
 2.242500e+02   0.000000e+00   0.000000e+00
 2.255500e+02   0.000000e+00   0.000000e+00
 2.268500e+02   0.000000e+00   0.000000e+00
 2.281500e+02   0.000000e+00   0.000000e+00
 2.294500e+02   0.000000e+00   0.000000e+00
 2.307500e+02   0.000000e+00   0.000000e+00
 2.320500e+02   0.000000e+00   0.000000e+00
 2.333500e+02   0.000000e+00   0.000000e+00
 2.346500e+02   0.000000e+00   0.000000e+00
 2.359500e+02   0.000000e+00   0.000000e+00
 2.372500e+02   0.000000e+00   0.000000e+00
 2.385500e+02   0.000000e+00   0.000000e+00
 2.398500e+02   0.000000e+00   0.000000e+00
 2.411500e+02   0.000000e+00   0.000000e+00
 2.424500e+02   0.000000e+00   0.000000e+00
 2.437500e+02   0.000000e+00   0.000000e+00
 2.450500e+02   0.000000e+00   0.000000e+00
 2.463500e+02   0.000000e+00   0.000000e+00
 2.476500e+02   0.000000e+00   0.000000e+00
 2.489500e+02   0.000000e+00   0.000000e+00
 2.502500e+02   0.000000e+00   0.000000e+00
 2.515500e+02   0.000000e+00   0.000000e+00
 2.528500e+02   0.000000e+00   0.000000e+00
 2.541500e+02   0.000000e+00   0.000000e+00
 2.554500e+02   0.000000e+00   0.000000e+00
 2.567500e+02   0.000000e+00   0.000000e+00
 2.580500e+02   0.000000e+00   0.000000e+00
 2.593500e+02   0.000000e+00   0.000000e+00
 2.606500e+02   0.000000e+00   0.000000e+00
 2.619500e+02   0.000000e+00   0.000000e+00
 2.632500e+02   0.000000e+00   0.000000e+00
 2.645500e+02   0.000000e+00   0.000000e+00
 2.658500e+02   0.000000e+00   0.000000e+00
 2.671500e+02   0.000000e+00   0.000000e+00
 2.684500e+02   0.000000e+00   0.000000e+00
 2.697500e+02   0.000000e+00   0.000000e+00
 2.710500e+02   0.000000e+00   0.000000e+00
 2.723500e+02   0.000000e+00   0.000000e+00
 2.736500e+02   0.000000e+00   0.000000e+00
 2.749500e+02   0.000000e+00   0.000000e+00
 2.762500e+02   0.000000e+00   0.000000e+00
 2.775500e+02   0.000000e+00   0.000000e+00
 2.788500e+02   0.000000e+00   0.000000e+00
 2.801500e+02   0.000000e+00   0.000000e+00
 2.814500e+02   0.000000e+00   0.000000e+00
 2.827500e+02   0.000000e+00   0.000000e+00
 2.840500e+02   0.000000e+00   0.000000e+00
 2.853500e+02   0.000000e+00   0.000000e+00
 2.866500e+02   0.000000e+00   0.000000e+00
 2.879500e+02   0.000000e+00   0.000000e+00
 2.892500e+02   0.000000e+00   0.000000e+00
 2.905500e+02   0.000000e+00   0.000000e+00
 2.918500e+02   0.000000e+00   0.000000e+00
 2.931500e+02   0.000000e+00   0.000000e+00
 2.944500e+02   0.000000e+00   0.000000e+00
 2.957500e+02   0.000000e+00   0.000000e+00
 2.970500e+02   0.000000e+00   0.000000e+00
 2.983500e+02   0.000000e+00   0.000000e+00
 2.996500e+02   0.000000e+00   0.000000e+00
 3.009500e+02   0.000000e+00   0.000000e+00
 3.022500e+02   0.000000e+00   0.000000e+00
 3.035500e+02   0.000000e+00   0.000000e+00
 3.048500e+02   0.000000e+00   0.000000e+00
 3.061500e+02   0.000000e+00   0.000000e+00
 3.074500e+02   0.000000e+00   0.000000e+00
 3.087500e+02   0.000000e+00   0.000000e+00
 3.100500e+02   0.000000e+00   0.000000e+00
 3.113500e+02   0.000000e+00   0.000000e+00
 3.126500e+02   0.000000e+00   0.000000e+00
 3.139500e+02   0.000000e+00   0.000000e+00
 3.152500e+02   0.000000e+00   0.000000e+00
 3.165500e+02   0.000000e+00   0.000000e+00
 3.178500e+02   0.000000e+00   0.000000e+00
 3.191500e+02   0.000000e+00   0.000000e+00
 3.204500e+02   0.000000e+00   0.000000e+00
 3.217500e+02   0.000000e+00   0.000000e+00
 3.230500e+02   0.000000e+00   0.000000e+00
 3.243500e+02   0.000000e+00   0.000000e+00
 3.256500e+02   0.000000e+00   0.000000e+00
 3.269500e+02   0.000000e+00   0.000000e+00
 3.282500e+02   0.000000e+00   0.000000e+00
 3.295500e+02   0.000000e+00   0.000000e+00
 3.308500e+02   0.000000e+00   0.000000e+00
 3.321500e+02   0.000000e+00   0.000000e+00
 3.334500e+02   0.000000e+00   0.000000e+00
 3.347500e+02   0.000000e+00   0.000000e+00
 3.360500e+02   0.000000e+00   0.000000e+00
 3.373500e+02   0.000000e+00   0.000000e+00
 3.386500e+02   0.000000e+00   0.000000e+00
 3.399500e+02   0.000000e+00   0.000000e+00
 3.412500e+02   0.000000e+00   0.000000e+00
 3.425500e+02   0.000000e+00   0.000000e+00
 3.438500e+02   0.000000e+00   0.000000e+00
 3.451500e+02   0.000000e+00   0.000000e+00
 3.464500e+02   0.000000e+00   0.000000e+00
 3.477500e+02   0.000000e+00   0.000000e+00
 3.490500e+02   0.000000e+00   0.000000e+00
 3.503500e+02   0.000000e+00   0.000000e+00
 3.516500e+02   0.000000e+00   0.000000e+00
 3.529500e+02   0.000000e+00   0.000000e+00
 3.542500e+02   0.000000e+00   0.000000e+00
 3.555500e+02   0.000000e+00   0.000000e+00
 3.568500e+02   0.000000e+00   0.000000e+00
 3.581500e+02   0.000000e+00   0.000000e+00
 3.594500e+02   0.000000e+00   0.000000e+00
 3.607500e+02   0.000000e+00   0.000000e+00
 3.620500e+02   0.000000e+00   0.000000e+00
 3.633500e+02   0.000000e+00   0.000000e+00
 3.646500e+02   0.000000e+00   0.000000e+00
 3.659500e+02   0.000000e+00   0.000000e+00
 3.672500e+02   0.000000e+00   0.000000e+00
 3.685500e+02   0.000000e+00   0.000000e+00
 3.698500e+02   0.000000e+00   0.000000e+00
 3.711500e+02   0.000000e+00   0.000000e+00
 3.724500e+02   0.000000e+00   0.000000e+00
 3.737500e+02   0.000000e+00   0.000000e+00
 3.750500e+02   0.000000e+00   0.000000e+00
 3.763500e+02   0.000000e+00   0.000000e+00
 3.776500e+02   0.000000e+00   0.000000e+00
 3.789500e+02   0.000000e+00   0.000000e+00
 3.802500e+02   0.000000e+00   0.000000e+00
 3.815500e+02   0.000000e+00   0.000000e+00
 3.828500e+02   0.000000e+00   0.000000e+00
 3.841500e+02   0.000000e+00   0.000000e+00
 3.854500e+02   0.000000e+00   0.000000e+00
 3.867500e+02   0.000000e+00   0.000000e+00
 3.880500e+02   0.000000e+00   0.000000e+00
 3.893500e+02   0.000000e+00   0.000000e+00
 3.906500e+02   0.000000e+00   0.000000e+00
 3.919500e+02   0.000000e+00   0.000000e+00
 3.932500e+02   0.000000e+00   0.000000e+00
 3.945500e+02   0.000000e+00   0.000000e+00
 3.958500e+02   0.000000e+00   0.000000e+00
 3.971500e+02   0.000000e+00   0.000000e+00
 3.984500e+02   0.000000e+00   0.000000e+00
 3.997500e+02   0.000000e+00   0.000000e+00
 4.010500e+02   0.000000e+00   0.000000e+00
 4.023500e+02   0.000000e+00   0.000000e+00
 4.036500e+02   0.000000e+00   0.000000e+00
 4.049500e+02   0.000000e+00   0.000000e+00
 4.062500e+02   0.000000e+00   0.000000e+00
 4.075500e+02   0.000000e+00   0.000000e+00
 4.088500e+02   0.000000e+00   0.000000e+00
 4.101500e+02   0.000000e+00   0.000000e+00
 4.114500e+02   0.000000e+00   0.000000e+00
 4.127500e+02   0.000000e+00   0.000000e+00
 4.140500e+02   0.000000e+00   0.000000e+00
 4.153500e+02   0.000000e+00   0.000000e+00
 4.166500e+02   0.000000e+00   0.000000e+00
 4.179500e+02   0.000000e+00   0.000000e+00
 4.192500e+02   0.000000e+00   0.000000e+00
 4.205500e+02   0.000000e+00   0.000000e+00
 4.218500e+02   0.000000e+00   0.000000e+00
 4.231500e+02   0.000000e+00   0.000000e+00
 4.244500e+02   0.000000e+00   0.000000e+00
 4.257500e+02   0.000000e+00   0.000000e+00
 4.270500e+02   0.000000e+00   0.000000e+00
 4.283500e+02   0.000000e+00   0.000000e+00
 4.296500e+02   0.000000e+00   0.000000e+00
 4.309500e+02   0.000000e+00   0.000000e+00
 4.322500e+02   0.000000e+00   0.000000e+00
 4.335500e+02   0.000000e+00   0.000000e+00
 4.348500e+02   0.000000e+00   0.000000e+00
 4.361500e+02   0.000000e+00   0.000000e+00
 4.374500e+02   0.000000e+00   0.000000e+00
 4.387500e+02   0.000000e+00   0.000000e+00
 4.400500e+02   0.000000e+00   0.000000e+00
 4.413500e+02   0.000000e+00   0.000000e+00
 4.426500e+02   0.000000e+00   0.000000e+00
 4.439500e+02   0.000000e+00   0.000000e+00
 4.452500e+02   0.000000e+00   0.000000e+00
 4.465500e+02   0.000000e+00   0.000000e+00
 4.478500e+02   0.000000e+00   0.000000e+00
 4.491500e+02   0.000000e+00   0.000000e+00
 4.504500e+02   0.000000e+00   0.000000e+00
 4.517500e+02   0.000000e+00   0.000000e+00
 4.530500e+02   0.000000e+00   0.000000e+00
 4.543500e+02   0.000000e+00   0.000000e+00
 4.556500e+02   0.000000e+00   0.000000e+00
 4.569500e+02   0.000000e+00   0.000000e+00
 4.582500e+02   0.000000e+00   0.000000e+00
 4.595500e+02   0.000000e+00   0.000000e+00
 4.608500e+02   0.000000e+00   0.000000e+00
 4.621500e+02   0.000000e+00   0.000000e+00
 4.634500e+02   0.000000e+00   0.000000e+00
 4.647500e+02   0.000000e+00   0.000000e+00
 4.660500e+02   0.000000e+00   0.000000e+00
 4.673500e+02   0.000000e+00   0.000000e+00
 4.686500e+02   0.000000e+00   0.000000e+00
 4.699500e+02   0.000000e+00   0.000000e+00
 4.712500e+02   0.000000e+00   0.000000e+00
 4.725500e+02   0.000000e+00   0.000000e+00
 4.738500e+02   0.000000e+00   0.000000e+00
 4.751500e+02   0.000000e+00   0.000000e+00
 4.764500e+02   0.000000e+00   0.000000e+00
 4.777500e+02   0.000000e+00   0.000000e+00
 4.790500e+02   0.000000e+00   0.000000e+00
 4.803500e+02   0.000000e+00   0.000000e+00
 4.816500e+02   0.000000e+00   0.000000e+00
 4.829500e+02   0.000000e+00   0.000000e+00
 4.842500e+02   0.000000e+00   0.000000e+00
 4.855500e+02   0.000000e+00   0.000000e+00
 4.868500e+02   0.000000e+00   0.000000e+00
 4.881500e+02   0.000000e+00   0.000000e+00
 4.894500e+02   0.000000e+00   0.000000e+00
 4.907500e+02   0.000000e+00   0.000000e+00
 4.920500e+02   0.000000e+00   0.000000e+00
 4.933500e+02   0.000000e+00   0.000000e+00
 4.946500e+02   0.000000e+00   0.000000e+00
 4.959500e+02   0.000000e+00   0.000000e+00
 4.972500e+02   0.000000e+00   0.000000e+00
 4.985500e+02   0.000000e+00   0.000000e+00
 4.998500e+02   0.000000e+00   0.000000e+00
 5.011500e+02   0.000000e+00   0.000000e+00
 5.024500e+02   0.000000e+00   0.000000e+00
 5.037500e+02   0.000000e+00   0.000000e+00
 5.050500e+02   0.000000e+00   0.000000e+00
 5.063500e+02   0.000000e+00   0.000000e+00
 5.076500e+02   0.000000e+00   0.000000e+00
 5.089500e+02   0.000000e+00   0.000000e+00
 5.102500e+02   0.000000e+00   0.000000e+00
 5.115500e+02   0.000000e+00   0.000000e+00
 5.128500e+02   0.000000e+00   0.000000e+00
 5.141500e+02   0.000000e+00   0.000000e+00
 5.154500e+02   0.000000e+00   0.000000e+00
 5.167500e+02   0.000000e+00   0.000000e+00
 5.180500e+02   0.000000e+00   0.000000e+00
 5.193500e+02   0.000000e+00   0.000000e+00
 5.206500e+02   0.000000e+00   0.000000e+00
 5.219500e+02   0.000000e+00   0.000000e+00
 5.232500e+02   0.000000e+00   0.000000e+00
 5.245500e+02   0.000000e+00   0.000000e+00
 5.258500e+02   0.000000e+00   0.000000e+00
 5.271500e+02   0.000000e+00   0.000000e+00
 5.284500e+02   0.000000e+00   0.000000e+00
 5.297500e+02   0.000000e+00   0.000000e+00
 5.310500e+02   0.000000e+00   0.000000e+00
 5.323500e+02   0.000000e+00   0.000000e+00
 5.336500e+02   0.000000e+00   0.000000e+00
 5.349500e+02   0.000000e+00   0.000000e+00
 5.362500e+02   0.000000e+00   0.000000e+00
 5.375500e+02   0.000000e+00   0.000000e+00
 5.388500e+02   0.000000e+00   0.000000e+00
 5.401500e+02   0.000000e+00   0.000000e+00
 5.414500e+02   0.000000e+00   0.000000e+00
 5.427500e+02   0.000000e+00   0.000000e+00
 5.440500e+02   0.000000e+00   0.000000e+00
 5.453500e+02   0.000000e+00   0.000000e+00
 5.466500e+02   0.000000e+00   0.000000e+00
 5.479500e+02   0.000000e+00   0.000000e+00
 5.492500e+02   0.000000e+00   0.000000e+00
 5.505500e+02   0.000000e+00   0.000000e+00
 5.518500e+02   0.000000e+00   0.000000e+00
 5.531500e+02   0.000000e+00   0.000000e+00
 5.544500e+02   0.000000e+00   0.000000e+00
 5.557500e+02   0.000000e+00   0.000000e+00
 5.570500e+02   0.000000e+00   0.000000e+00
 5.583500e+02   0.000000e+00   0.000000e+00
 5.596500e+02   0.000000e+00   0.000000e+00
 5.609500e+02   0.000000e+00   0.000000e+00
 5.622500e+02   0.000000e+00   0.000000e+00
 5.635500e+02   0.000000e+00   0.000000e+00
 5.648500e+02   0.000000e+00   0.000000e+00
 5.661500e+02   0.000000e+00   0.000000e+00
 5.674500e+02   0.000000e+00   0.000000e+00
 5.687500e+02   0.000000e+00   0.000000e+00
 5.700500e+02   0.000000e+00   0.000000e+00
 5.713500e+02   0.000000e+00   0.000000e+00
 5.726500e+02   0.000000e+00   0.000000e+00
 5.739500e+02   0.000000e+00   0.000000e+00
 5.752500e+02   0.000000e+00   0.000000e+00
 5.765500e+02   0.000000e+00   0.000000e+00
 5.778500e+02   0.000000e+00   0.000000e+00
 5.791500e+02   0.000000e+00   0.000000e+00
 5.804500e+02   0.000000e+00   0.000000e+00
 5.817500e+02   0.000000e+00   0.000000e+00
 5.830500e+02   0.000000e+00   0.000000e+00
 5.843500e+02   0.000000e+00   0.000000e+00
 5.856500e+02   0.000000e+00   0.000000e+00
 5.869500e+02   0.000000e+00   0.000000e+00
 5.882500e+02   0.000000e+00   0.000000e+00
 5.895500e+02   0.000000e+00   0.000000e+00
 5.908500e+02   0.000000e+00   0.000000e+00
 5.921500e+02   0.000000e+00   0.000000e+00
 5.934500e+02   0.000000e+00   0.000000e+00
 5.947500e+02   0.000000e+00   0.000000e+00
 5.960500e+02   0.000000e+00   0.000000e+00
 5.973500e+02   0.000000e+00   0.000000e+00
 5.986500e+02   0.000000e+00   0.000000e+00
 5.999500e+02   0.000000e+00   0.000000e+00
 6.012500e+02   0.000000e+00   0.000000e+00
 6.025500e+02   0.000000e+00   0.000000e+00
 6.038500e+02   0.000000e+00   0.000000e+00
 6.051500e+02   0.000000e+00   0.000000e+00
 6.064500e+02   0.000000e+00   0.000000e+00
 6.077500e+02   0.000000e+00   0.000000e+00
 6.090500e+02   0.000000e+00   0.000000e+00
 6.103500e+02   0.000000e+00   0.000000e+00
 6.116500e+02   0.000000e+00   0.000000e+00
 6.129500e+02   0.000000e+00   0.000000e+00
 6.142500e+02   0.000000e+00   0.000000e+00
 6.155500e+02   0.000000e+00   0.000000e+00
 6.168500e+02   0.000000e+00   0.000000e+00
 6.181500e+02   0.000000e+00   0.000000e+00
 6.194500e+02   0.000000e+00   0.000000e+00
 6.207500e+02   0.000000e+00   0.000000e+00
 6.220500e+02   0.000000e+00   0.000000e+00
 6.233500e+02   0.000000e+00   0.000000e+00
 6.246500e+02   0.000000e+00   0.000000e+00
 6.259500e+02   0.000000e+00   0.000000e+00
 6.272500e+02   0.000000e+00   0.000000e+00
 6.285500e+02   0.000000e+00   0.000000e+00
 6.298500e+02   0.000000e+00   0.000000e+00
 6.311500e+02   0.000000e+00   0.000000e+00
 6.324500e+02   0.000000e+00   0.000000e+00
 6.337500e+02   0.000000e+00   0.000000e+00
 6.350500e+02   0.000000e+00   0.000000e+00
 6.363500e+02   0.000000e+00   0.000000e+00
 6.376500e+02   0.000000e+00   0.000000e+00
 6.389500e+02   0.000000e+00   0.000000e+00
 6.402500e+02   0.000000e+00   0.000000e+00
 6.415500e+02   0.000000e+00   0.000000e+00
 6.428500e+02   0.000000e+00   0.000000e+00
 6.441500e+02   0.000000e+00   0.000000e+00
 6.454500e+02   0.000000e+00   0.000000e+00
 6.467500e+02   0.000000e+00   0.000000e+00
 6.480500e+02   0.000000e+00   0.000000e+00
 6.493500e+02   0.000000e+00   0.000000e+00
 inf   0.000000e+00   0.000000e+00
