Q2_lab bin centers    value    Error 
-inf   0.000000e+00   0.000000e+00
 1.009990e+02   0.000000e+00   0.000000e+00
 3.009970e+02   0.000000e+00   0.000000e+00
 5.009950e+02   0.000000e+00   0.000000e+00
 7.009930e+02   0.000000e+00   0.000000e+00
 9.009910e+02   1.302415e-05   3.586665e-08
 1.100989e+03   2.245127e-03   9.392268e-07
 1.300987e+03   1.667536e-03   1.318589e-06
 1.500985e+03   1.287952e-03   1.196322e-06
 1.700983e+03   1.028150e-03   1.096640e-06
 1.900981e+03   8.412055e-04   1.050876e-06
 2.100979e+03   7.027629e-04   1.164147e-06
 2.300977e+03   5.931326e-04   8.092351e-07
 2.500975e+03   5.045332e-04   8.390362e-07
 2.700973e+03   4.359730e-04   6.878609e-07
 2.900971e+03   3.805214e-04   5.791193e-07
 3.100969e+03   3.360069e-04   7.467247e-07
 3.300967e+03   2.977641e-04   6.950184e-07
 3.500965e+03   2.662377e-04   4.997464e-07
 3.700963e+03   2.394677e-04   5.285008e-07
 3.900961e+03   2.169278e-04   5.380451e-07
 4.100959e+03   1.964978e-04   6.082188e-07
 4.300957e+03   1.793436e-04   4.164499e-07
 4.500955e+03   1.648756e-04   5.157053e-07
 4.700953e+03   1.521305e-04   5.076405e-07
 4.900951e+03   1.390769e-04   2.426220e-07
 5.100949e+03   1.298917e-04   3.799616e-07
 5.300947e+03   1.200045e-04   2.473567e-07
 5.500945e+03   1.109353e-04   2.679615e-07
 5.700943e+03   1.050829e-04   3.890037e-07
 5.900941e+03   9.741907e-05   2.478846e-07
 6.100939e+03   9.145047e-05   3.620580e-07
 6.300937e+03   8.565593e-05   2.916890e-07
 6.500935e+03   8.087821e-05   2.424718e-07
 6.700933e+03   7.587374e-05   1.990846e-07
 6.900931e+03   7.209927e-05   2.314200e-07
 7.100929e+03   6.866434e-05   3.146936e-07
 7.300927e+03   6.407279e-05   1.873682e-07
 7.500925e+03   6.177991e-05   3.791996e-07
 7.700923e+03   5.794062e-05   1.903173e-07
 7.900921e+03   5.554292e-05   3.554756e-07
 8.100919e+03   5.248693e-05   2.947810e-07
 8.300917e+03   5.031024e-05   2.000575e-07
 8.500915e+03   4.777176e-05   1.796766e-07
 8.700913e+03   4.531905e-05   1.542091e-07
 8.900911e+03   4.382210e-05   2.313924e-07
 9.100909e+03   4.190315e-05   2.416943e-07
 9.300907e+03   4.063922e-05   2.641004e-07
 9.500905e+03   3.862079e-05   2.512260e-07
 9.700903e+03   3.680292e-05   1.528212e-07
 9.900901e+03   3.547047e-05   2.457305e-07
 1.010090e+04   3.411860e-05   1.540554e-07
 1.030090e+04   3.263149e-05   2.146897e-07
 1.050090e+04   3.145153e-05   1.182958e-07
 1.070089e+04   3.021886e-05   1.407504e-07
 1.090089e+04   2.911513e-05   1.215557e-07
 1.110089e+04   2.807186e-05   1.070483e-07
 1.130089e+04   2.709811e-05   1.391614e-07
 1.150089e+04   2.634850e-05   1.312652e-07
 1.170088e+04   2.539282e-05   1.273669e-07
 1.190088e+04   2.468450e-05   1.362108e-07
 1.210088e+04   2.369980e-05   1.208252e-07
 1.230088e+04   2.304672e-05   1.239697e-07
 1.250088e+04   2.228166e-05   1.384889e-07
 1.270087e+04   2.195507e-05   1.907203e-07
 1.290087e+04   2.086066e-05   9.665380e-08
 1.310087e+04   2.006331e-05   8.061506e-08
 1.330087e+04   1.993866e-05   1.213532e-07
 1.350086e+04   1.891190e-05   1.321688e-07
 1.370086e+04   1.844597e-05   1.175335e-07
 1.390086e+04   1.804075e-05   9.078593e-08
 1.410086e+04   1.794009e-05   2.303103e-07
 1.430086e+04   1.697468e-05   1.056243e-07
 1.450085e+04   1.653332e-05   9.416931e-08
 1.470085e+04   1.605233e-05   7.736476e-08
 1.490085e+04   1.567534e-05   1.168252e-07
 1.510085e+04   1.537045e-05   1.751093e-07
 1.530085e+04   1.477079e-05   1.076580e-07
 1.550084e+04   1.439247e-05   6.882308e-08
 1.570084e+04   1.409277e-05   8.234094e-08
 1.590084e+04   1.383608e-05   1.032750e-07
 1.610084e+04   1.323467e-05   9.499798e-08
 1.630084e+04   1.291057e-05   9.514740e-08
 1.650083e+04   1.268625e-05   6.621761e-08
 1.670083e+04   1.236005e-05   1.347592e-07
 1.690083e+04   1.214824e-05   7.336681e-08
 1.710083e+04   1.178473e-05   7.504435e-08
 1.730083e+04   1.156970e-05   6.979768e-08
 1.750083e+04   1.141638e-05   1.822819e-07
 1.770082e+04   1.130074e-05   1.613735e-07
 1.790082e+04   1.082210e-05   7.269586e-08
 1.810082e+04   1.038742e-05   1.464482e-07
 1.830082e+04   1.039676e-05   7.663147e-08
 1.850081e+04   1.032665e-05   1.414423e-07
 1.870081e+04   9.870603e-06   8.304109e-08
 1.890081e+04   9.566307e-06   8.102724e-08
 1.910081e+04   9.457390e-06   9.357004e-08
 1.930081e+04   9.258954e-06   8.296272e-08
 1.950081e+04   9.001853e-06   9.968313e-08
 1.970080e+04   8.815262e-06   9.035739e-08
 1.990080e+04   8.538624e-06   4.652670e-08
 2.010080e+04   8.494254e-06   7.791723e-08
 2.030080e+04   8.288902e-06   8.303601e-08
 2.050079e+04   8.068480e-06   5.581447e-08
 2.070079e+04   7.949379e-06   1.051286e-07
 2.090079e+04   7.890164e-06   6.382275e-08
 2.110079e+04   7.562839e-06   5.999499e-08
 2.130079e+04   7.460655e-06   5.816650e-08
 2.150078e+04   7.411414e-06   8.273481e-08
 2.170078e+04   7.248120e-06   6.437731e-08
 2.190078e+04   7.051376e-06   4.039121e-08
 2.210078e+04   6.975933e-06   7.463043e-08
 2.230078e+04   6.634680e-06   7.386483e-08
 2.250078e+04   6.585462e-06   5.627811e-08
 2.270077e+04   6.643238e-06   7.710240e-08
 2.290077e+04   6.348327e-06   6.451560e-08
 2.310077e+04   6.505429e-06   6.203651e-08
 2.330077e+04   6.073859e-06   8.050397e-08
 2.350076e+04   6.220957e-06   5.286654e-08
 2.370076e+04   6.052451e-06   5.751646e-08
 2.390076e+04   5.989491e-06   5.805856e-08
 2.410076e+04   5.742503e-06   4.364182e-08
 2.430076e+04   5.707750e-06   5.417750e-08
 2.450076e+04   5.691064e-06   5.029562e-08
 2.470075e+04   5.530761e-06   5.147095e-08
 2.490075e+04   5.698056e-06   7.570149e-08
 2.510075e+04   5.249376e-06   5.027326e-08
 2.530075e+04   5.206758e-06   6.019373e-08
 2.550074e+04   5.223133e-06   6.973684e-08
 2.570074e+04   5.240753e-06   6.719067e-08
 2.590074e+04   4.990829e-06   5.941084e-08
 2.610074e+04   5.016660e-06   7.701859e-08
 2.630074e+04   4.823914e-06   6.660115e-08
 2.650074e+04   4.760965e-06   8.207349e-08
 2.670073e+04   4.747772e-06   5.516108e-08
 2.690073e+04   4.582803e-06   6.970424e-08
 2.710073e+04   4.561694e-06   5.359915e-08
 2.730073e+04   4.499903e-06   5.952752e-08
 2.750072e+04   4.513442e-06   4.337781e-08
 2.770072e+04   4.331179e-06   4.752884e-08
 2.790072e+04   4.260214e-06   4.897020e-08
 2.810072e+04   4.104568e-06   5.278530e-08
 2.830072e+04   4.087663e-06   5.711223e-08
 2.850072e+04   4.056380e-06   6.825659e-08
 2.870071e+04   4.064515e-06   4.347870e-08
 2.890071e+04   4.076482e-06   5.842323e-08
 2.910071e+04   3.949041e-06   6.481518e-08
 2.930071e+04   3.772758e-06   6.985315e-08
 2.950071e+04   3.832794e-06   3.637034e-08
 2.970070e+04   3.627270e-06   4.818667e-08
 2.990070e+04   3.612230e-06   6.390035e-08
 3.010070e+04   3.611563e-06   5.769659e-08
 3.030070e+04   3.567323e-06   5.881503e-08
 3.050069e+04   3.381768e-06   6.868412e-08
 3.070069e+04   3.344573e-06   7.436451e-08
 3.090069e+04   3.279142e-06   5.573208e-08
 3.110069e+04   3.074420e-06   4.293188e-08
 3.130069e+04   3.217594e-06   3.502457e-08
 3.150069e+04   3.078866e-06   4.863926e-08
 3.170068e+04   3.007106e-06   4.027259e-08
 3.190068e+04   2.875622e-06   6.802415e-08
 3.210068e+04   2.867728e-06   3.753890e-08
 3.230068e+04   2.854156e-06   4.348849e-08
 3.250067e+04   2.726003e-06   7.459910e-08
 3.270067e+04   2.707749e-06   6.004256e-08
 3.290067e+04   2.675717e-06   3.577044e-08
 3.310067e+04   2.690950e-06   4.730110e-08
 3.330067e+04   2.490672e-06   7.909327e-08
 3.350067e+04   2.499432e-06   4.998035e-08
 3.370066e+04   2.365616e-06   3.916788e-08
 3.390066e+04   2.338064e-06   4.382036e-08
 3.410066e+04   2.415303e-06   3.641869e-08
 3.430066e+04   2.241722e-06   3.233072e-08
 3.450065e+04   2.343499e-06   5.872037e-08
 3.470065e+04   2.202851e-06   4.585187e-08
 3.490065e+04   2.124276e-06   5.862651e-08
 3.510065e+04   2.012082e-06   6.876981e-08
 3.530065e+04   2.122185e-06   4.952652e-08
 3.550064e+04   1.978191e-06   4.956175e-08
 3.570064e+04   1.938415e-06   3.979217e-08
 3.590064e+04   1.903516e-06   5.199795e-08
 3.610064e+04   1.760007e-06   5.558851e-08
 3.630064e+04   1.758183e-06   3.410951e-08
 3.650064e+04   1.744819e-06   2.911575e-08
 3.670063e+04   1.695245e-06   4.115992e-08
 3.690063e+04   1.727590e-06   4.533125e-08
 3.710063e+04   1.567052e-06   3.629451e-08
 3.730063e+04   1.379906e-06   6.808448e-08
 3.750062e+04   1.388199e-06   5.626878e-08
 3.770062e+04   1.372023e-06   3.578695e-08
 3.790062e+04   1.374178e-06   5.514208e-08
 3.810062e+04   1.164780e-06   5.718619e-08
 3.830062e+04   1.113148e-06   3.037836e-08
 3.850061e+04   1.149138e-06   4.390283e-08
 3.870061e+04   1.013663e-06   3.823238e-08
 3.890061e+04   9.094349e-07   3.296062e-08
 3.910061e+04   7.473618e-07   4.763945e-08
 3.930061e+04   5.899527e-07   3.554188e-08
 3.950061e+04   5.499580e-07   4.163012e-08
 3.970060e+04   6.724629e-08   5.095372e-08
 3.990060e+04  -4.629163e-07   6.736476e-08
 4.010060e+04   0.000000e+00   0.000000e+00
 4.030060e+04   0.000000e+00   0.000000e+00
 4.050060e+04   0.000000e+00   0.000000e+00
 4.070059e+04   0.000000e+00   0.000000e+00
 4.090059e+04   0.000000e+00   0.000000e+00
 4.110059e+04   0.000000e+00   0.000000e+00
 4.130059e+04   0.000000e+00   0.000000e+00
 4.150058e+04   0.000000e+00   0.000000e+00
 4.170058e+04   0.000000e+00   0.000000e+00
 4.190058e+04   0.000000e+00   0.000000e+00
 4.210058e+04   0.000000e+00   0.000000e+00
 4.230058e+04   0.000000e+00   0.000000e+00
 4.250057e+04   0.000000e+00   0.000000e+00
 4.270057e+04   0.000000e+00   0.000000e+00
 4.290057e+04   0.000000e+00   0.000000e+00
 4.310057e+04   0.000000e+00   0.000000e+00
 4.330057e+04   0.000000e+00   0.000000e+00
 4.350057e+04   0.000000e+00   0.000000e+00
 4.370056e+04   0.000000e+00   0.000000e+00
 4.390056e+04   0.000000e+00   0.000000e+00
 4.410056e+04   0.000000e+00   0.000000e+00
 4.430056e+04   0.000000e+00   0.000000e+00
 4.450056e+04   0.000000e+00   0.000000e+00
 4.470055e+04   0.000000e+00   0.000000e+00
 4.490055e+04   0.000000e+00   0.000000e+00
 4.510055e+04   0.000000e+00   0.000000e+00
 4.530055e+04   0.000000e+00   0.000000e+00
 4.550054e+04   0.000000e+00   0.000000e+00
 4.570054e+04   0.000000e+00   0.000000e+00
 4.590054e+04   0.000000e+00   0.000000e+00
 4.610054e+04   0.000000e+00   0.000000e+00
 4.630054e+04   0.000000e+00   0.000000e+00
 4.650054e+04   0.000000e+00   0.000000e+00
 4.670053e+04   0.000000e+00   0.000000e+00
 4.690053e+04   0.000000e+00   0.000000e+00
 4.710053e+04   0.000000e+00   0.000000e+00
 4.730053e+04   0.000000e+00   0.000000e+00
 4.750053e+04   0.000000e+00   0.000000e+00
 4.770052e+04   0.000000e+00   0.000000e+00
 4.790052e+04   0.000000e+00   0.000000e+00
 4.810052e+04   0.000000e+00   0.000000e+00
 4.830052e+04   0.000000e+00   0.000000e+00
 4.850051e+04   0.000000e+00   0.000000e+00
 4.870051e+04   0.000000e+00   0.000000e+00
 4.890051e+04   0.000000e+00   0.000000e+00
 4.910051e+04   0.000000e+00   0.000000e+00
 4.930051e+04   0.000000e+00   0.000000e+00
 4.950050e+04   0.000000e+00   0.000000e+00
 4.970050e+04   0.000000e+00   0.000000e+00
 4.990050e+04   0.000000e+00   0.000000e+00
 5.010050e+04   0.000000e+00   0.000000e+00
 5.030050e+04   0.000000e+00   0.000000e+00
 5.050050e+04   0.000000e+00   0.000000e+00
 5.070049e+04   0.000000e+00   0.000000e+00
 5.090049e+04   0.000000e+00   0.000000e+00
 5.110049e+04   0.000000e+00   0.000000e+00
 5.130049e+04   0.000000e+00   0.000000e+00
 5.150049e+04   0.000000e+00   0.000000e+00
 5.170048e+04   0.000000e+00   0.000000e+00
 5.190048e+04   0.000000e+00   0.000000e+00
 5.210048e+04   0.000000e+00   0.000000e+00
 5.230048e+04   0.000000e+00   0.000000e+00
 5.250047e+04   0.000000e+00   0.000000e+00
 5.270047e+04   0.000000e+00   0.000000e+00
 5.290047e+04   0.000000e+00   0.000000e+00
 5.310047e+04   0.000000e+00   0.000000e+00
 5.330047e+04   0.000000e+00   0.000000e+00
 5.350046e+04   0.000000e+00   0.000000e+00
 5.370046e+04   0.000000e+00   0.000000e+00
 5.390046e+04   0.000000e+00   0.000000e+00
 5.410046e+04   0.000000e+00   0.000000e+00
 5.430046e+04   0.000000e+00   0.000000e+00
 5.450046e+04   0.000000e+00   0.000000e+00
 5.470045e+04   0.000000e+00   0.000000e+00
 5.490045e+04   0.000000e+00   0.000000e+00
 5.510045e+04   0.000000e+00   0.000000e+00
 5.530045e+04   0.000000e+00   0.000000e+00
 5.550044e+04   0.000000e+00   0.000000e+00
 5.570044e+04   0.000000e+00   0.000000e+00
 5.590044e+04   0.000000e+00   0.000000e+00
 5.610044e+04   0.000000e+00   0.000000e+00
 5.630044e+04   0.000000e+00   0.000000e+00
 5.650043e+04   0.000000e+00   0.000000e+00
 5.670043e+04   0.000000e+00   0.000000e+00
 5.690043e+04   0.000000e+00   0.000000e+00
 5.710043e+04   0.000000e+00   0.000000e+00
 5.730043e+04   0.000000e+00   0.000000e+00
 5.750043e+04   0.000000e+00   0.000000e+00
 5.770042e+04   0.000000e+00   0.000000e+00
 5.790042e+04   0.000000e+00   0.000000e+00
 5.810042e+04   0.000000e+00   0.000000e+00
 5.830042e+04   0.000000e+00   0.000000e+00
 5.850042e+04   0.000000e+00   0.000000e+00
 5.870041e+04   0.000000e+00   0.000000e+00
 5.890041e+04   0.000000e+00   0.000000e+00
 5.910041e+04   0.000000e+00   0.000000e+00
 5.930041e+04   0.000000e+00   0.000000e+00
 5.950040e+04   0.000000e+00   0.000000e+00
 5.970040e+04   0.000000e+00   0.000000e+00
 5.990040e+04   0.000000e+00   0.000000e+00
 6.010040e+04   0.000000e+00   0.000000e+00
 6.030040e+04   0.000000e+00   0.000000e+00
 6.050039e+04   0.000000e+00   0.000000e+00
 6.070039e+04   0.000000e+00   0.000000e+00
 6.090039e+04   0.000000e+00   0.000000e+00
 6.110039e+04   0.000000e+00   0.000000e+00
 6.130039e+04   0.000000e+00   0.000000e+00
 6.150039e+04   0.000000e+00   0.000000e+00
 6.170038e+04   0.000000e+00   0.000000e+00
 6.190038e+04   0.000000e+00   0.000000e+00
 6.210038e+04   0.000000e+00   0.000000e+00
 6.230038e+04   0.000000e+00   0.000000e+00
 6.250038e+04   0.000000e+00   0.000000e+00
 6.270037e+04   0.000000e+00   0.000000e+00
 6.290037e+04   0.000000e+00   0.000000e+00
 6.310037e+04   0.000000e+00   0.000000e+00
 6.330037e+04   0.000000e+00   0.000000e+00
 6.350036e+04   0.000000e+00   0.000000e+00
 6.370036e+04   0.000000e+00   0.000000e+00
 6.390036e+04   0.000000e+00   0.000000e+00
 6.410036e+04   0.000000e+00   0.000000e+00
 6.430036e+04   0.000000e+00   0.000000e+00
 6.450036e+04   0.000000e+00   0.000000e+00
 6.470035e+04   0.000000e+00   0.000000e+00
 6.490035e+04   0.000000e+00   0.000000e+00
 6.510035e+04   0.000000e+00   0.000000e+00
 6.530035e+04   0.000000e+00   0.000000e+00
 6.550035e+04   0.000000e+00   0.000000e+00
 6.570034e+04   0.000000e+00   0.000000e+00
 6.590034e+04   0.000000e+00   0.000000e+00
 6.610034e+04   0.000000e+00   0.000000e+00
 6.630034e+04   0.000000e+00   0.000000e+00
 6.650034e+04   0.000000e+00   0.000000e+00
 6.670033e+04   0.000000e+00   0.000000e+00
 6.690033e+04   0.000000e+00   0.000000e+00
 6.710033e+04   0.000000e+00   0.000000e+00
 6.730033e+04   0.000000e+00   0.000000e+00
 6.750032e+04   0.000000e+00   0.000000e+00
 6.770032e+04   0.000000e+00   0.000000e+00
 6.790032e+04   0.000000e+00   0.000000e+00
 6.810032e+04   0.000000e+00   0.000000e+00
 6.830032e+04   0.000000e+00   0.000000e+00
 6.850032e+04   0.000000e+00   0.000000e+00
 6.870031e+04   0.000000e+00   0.000000e+00
 6.890031e+04   0.000000e+00   0.000000e+00
 6.910031e+04   0.000000e+00   0.000000e+00
 6.930031e+04   0.000000e+00   0.000000e+00
 6.950030e+04   0.000000e+00   0.000000e+00
 6.970030e+04   0.000000e+00   0.000000e+00
 6.990030e+04   0.000000e+00   0.000000e+00
 7.010030e+04   0.000000e+00   0.000000e+00
 7.030030e+04   0.000000e+00   0.000000e+00
 7.050029e+04   0.000000e+00   0.000000e+00
 7.070029e+04   0.000000e+00   0.000000e+00
 7.090029e+04   0.000000e+00   0.000000e+00
 7.110029e+04   0.000000e+00   0.000000e+00
 7.130029e+04   0.000000e+00   0.000000e+00
 7.150029e+04   0.000000e+00   0.000000e+00
 7.170028e+04   0.000000e+00   0.000000e+00
 7.190028e+04   0.000000e+00   0.000000e+00
 7.210028e+04   0.000000e+00   0.000000e+00
 7.230028e+04   0.000000e+00   0.000000e+00
 7.250027e+04   0.000000e+00   0.000000e+00
 7.270027e+04   0.000000e+00   0.000000e+00
 7.290027e+04   0.000000e+00   0.000000e+00
 7.310027e+04   0.000000e+00   0.000000e+00
 7.330027e+04   0.000000e+00   0.000000e+00
 7.350026e+04   0.000000e+00   0.000000e+00
 7.370026e+04   0.000000e+00   0.000000e+00
 7.390026e+04   0.000000e+00   0.000000e+00
 7.410026e+04   0.000000e+00   0.000000e+00
 7.430026e+04   0.000000e+00   0.000000e+00
 7.450026e+04   0.000000e+00   0.000000e+00
 7.470025e+04   0.000000e+00   0.000000e+00
 7.490025e+04   0.000000e+00   0.000000e+00
 7.510025e+04   0.000000e+00   0.000000e+00
 7.530025e+04   0.000000e+00   0.000000e+00
 7.550024e+04   0.000000e+00   0.000000e+00
 7.570024e+04   0.000000e+00   0.000000e+00
 7.590024e+04   0.000000e+00   0.000000e+00
 7.610024e+04   0.000000e+00   0.000000e+00
 7.630024e+04   0.000000e+00   0.000000e+00
 7.650024e+04   0.000000e+00   0.000000e+00
 7.670023e+04   0.000000e+00   0.000000e+00
 7.690023e+04   0.000000e+00   0.000000e+00
 7.710023e+04   0.000000e+00   0.000000e+00
 7.730023e+04   0.000000e+00   0.000000e+00
 7.750023e+04   0.000000e+00   0.000000e+00
 7.770022e+04   0.000000e+00   0.000000e+00
 7.790022e+04   0.000000e+00   0.000000e+00
 7.810022e+04   0.000000e+00   0.000000e+00
 7.830022e+04   0.000000e+00   0.000000e+00
 7.850021e+04   0.000000e+00   0.000000e+00
 7.870021e+04   0.000000e+00   0.000000e+00
 7.890021e+04   0.000000e+00   0.000000e+00
 7.910021e+04   0.000000e+00   0.000000e+00
 7.930021e+04   0.000000e+00   0.000000e+00
 7.950021e+04   0.000000e+00   0.000000e+00
 7.970020e+04   0.000000e+00   0.000000e+00
 7.990020e+04   0.000000e+00   0.000000e+00
 8.010020e+04   0.000000e+00   0.000000e+00
 8.030020e+04   0.000000e+00   0.000000e+00
 8.050020e+04   0.000000e+00   0.000000e+00
 8.070019e+04   0.000000e+00   0.000000e+00
 8.090019e+04   0.000000e+00   0.000000e+00
 8.110019e+04   0.000000e+00   0.000000e+00
 8.130019e+04   0.000000e+00   0.000000e+00
 8.150018e+04   0.000000e+00   0.000000e+00
 8.170018e+04   0.000000e+00   0.000000e+00
 8.190018e+04   0.000000e+00   0.000000e+00
 8.210018e+04   0.000000e+00   0.000000e+00
 8.230018e+04   0.000000e+00   0.000000e+00
 8.250018e+04   0.000000e+00   0.000000e+00
 8.270017e+04   0.000000e+00   0.000000e+00
 8.290017e+04   0.000000e+00   0.000000e+00
 8.310017e+04   0.000000e+00   0.000000e+00
 8.330017e+04   0.000000e+00   0.000000e+00
 8.350016e+04   0.000000e+00   0.000000e+00
 8.370016e+04   0.000000e+00   0.000000e+00
 8.390016e+04   0.000000e+00   0.000000e+00
 8.410016e+04   0.000000e+00   0.000000e+00
 8.430016e+04   0.000000e+00   0.000000e+00
 8.450015e+04   0.000000e+00   0.000000e+00
 8.470015e+04   0.000000e+00   0.000000e+00
 8.490015e+04   0.000000e+00   0.000000e+00
 8.510015e+04   0.000000e+00   0.000000e+00
 8.530015e+04   0.000000e+00   0.000000e+00
 8.550015e+04   0.000000e+00   0.000000e+00
 8.570014e+04   0.000000e+00   0.000000e+00
 8.590014e+04   0.000000e+00   0.000000e+00
 8.610014e+04   0.000000e+00   0.000000e+00
 8.630014e+04   0.000000e+00   0.000000e+00
 8.650013e+04   0.000000e+00   0.000000e+00
 8.670013e+04   0.000000e+00   0.000000e+00
 8.690013e+04   0.000000e+00   0.000000e+00
 8.710013e+04   0.000000e+00   0.000000e+00
 8.730013e+04   0.000000e+00   0.000000e+00
 8.750012e+04   0.000000e+00   0.000000e+00
 8.770012e+04   0.000000e+00   0.000000e+00
 8.790012e+04   0.000000e+00   0.000000e+00
 8.810012e+04   0.000000e+00   0.000000e+00
 8.830012e+04   0.000000e+00   0.000000e+00
 8.850012e+04   0.000000e+00   0.000000e+00
 8.870011e+04   0.000000e+00   0.000000e+00
 8.890011e+04   0.000000e+00   0.000000e+00
 8.910011e+04   0.000000e+00   0.000000e+00
 8.930011e+04   0.000000e+00   0.000000e+00
 8.950010e+04   0.000000e+00   0.000000e+00
 8.970010e+04   0.000000e+00   0.000000e+00
 8.990010e+04   0.000000e+00   0.000000e+00
 9.010010e+04   0.000000e+00   0.000000e+00
 9.030010e+04   0.000000e+00   0.000000e+00
 9.050010e+04   0.000000e+00   0.000000e+00
 9.070009e+04   0.000000e+00   0.000000e+00
 9.090009e+04   0.000000e+00   0.000000e+00
 9.110009e+04   0.000000e+00   0.000000e+00
 9.130009e+04   0.000000e+00   0.000000e+00
 9.150009e+04   0.000000e+00   0.000000e+00
 9.170008e+04   0.000000e+00   0.000000e+00
 9.190008e+04   0.000000e+00   0.000000e+00
 9.210008e+04   0.000000e+00   0.000000e+00
 9.230008e+04   0.000000e+00   0.000000e+00
 9.250007e+04   0.000000e+00   0.000000e+00
 9.270007e+04   0.000000e+00   0.000000e+00
 9.290007e+04   0.000000e+00   0.000000e+00
 9.310007e+04   0.000000e+00   0.000000e+00
 9.330007e+04   0.000000e+00   0.000000e+00
 9.350007e+04   0.000000e+00   0.000000e+00
 9.370006e+04   0.000000e+00   0.000000e+00
 9.390006e+04   0.000000e+00   0.000000e+00
 9.410006e+04   0.000000e+00   0.000000e+00
 9.430006e+04   0.000000e+00   0.000000e+00
 9.450005e+04   0.000000e+00   0.000000e+00
 9.470005e+04   0.000000e+00   0.000000e+00
 9.490005e+04   0.000000e+00   0.000000e+00
 9.510005e+04   0.000000e+00   0.000000e+00
 9.530005e+04   0.000000e+00   0.000000e+00
 9.550004e+04   0.000000e+00   0.000000e+00
 9.570004e+04   0.000000e+00   0.000000e+00
 9.590004e+04   0.000000e+00   0.000000e+00
 9.610004e+04   0.000000e+00   0.000000e+00
 9.630004e+04   0.000000e+00   0.000000e+00
 9.650004e+04   0.000000e+00   0.000000e+00
 9.670003e+04   0.000000e+00   0.000000e+00
 9.690003e+04   0.000000e+00   0.000000e+00
 9.710003e+04   0.000000e+00   0.000000e+00
 9.730003e+04   0.000000e+00   0.000000e+00
 9.750002e+04   0.000000e+00   0.000000e+00
 9.770002e+04   0.000000e+00   0.000000e+00
 9.790002e+04   0.000000e+00   0.000000e+00
 9.810002e+04   0.000000e+00   0.000000e+00
 9.830002e+04   0.000000e+00   0.000000e+00
 9.850001e+04   0.000000e+00   0.000000e+00
 9.870001e+04   0.000000e+00   0.000000e+00
 9.890001e+04   0.000000e+00   0.000000e+00
 9.910001e+04   0.000000e+00   0.000000e+00
 9.930001e+04   0.000000e+00   0.000000e+00
 9.950001e+04   0.000000e+00   0.000000e+00
 9.970000e+04   0.000000e+00   0.000000e+00
 9.990000e+04   0.000000e+00   0.000000e+00
 inf   0.000000e+00   0.000000e+00
