th5_lab bin centers    value    Error 
-inf   0.000000e+00   0.000000e+00
-1.297400e-02   0.000000e+00   0.000000e+00
-1.292200e-02   0.000000e+00   0.000000e+00
-1.287000e-02   0.000000e+00   0.000000e+00
-1.281800e-02   0.000000e+00   0.000000e+00
-1.276600e-02   0.000000e+00   0.000000e+00
-1.271400e-02   0.000000e+00   0.000000e+00
-1.266200e-02   0.000000e+00   0.000000e+00
-1.261000e-02   0.000000e+00   0.000000e+00
-1.255800e-02   0.000000e+00   0.000000e+00
-1.250600e-02   0.000000e+00   0.000000e+00
-1.245400e-02   0.000000e+00   0.000000e+00
-1.240200e-02   0.000000e+00   0.000000e+00
-1.235000e-02   0.000000e+00   0.000000e+00
-1.229800e-02   0.000000e+00   0.000000e+00
-1.224600e-02   0.000000e+00   0.000000e+00
-1.219400e-02   0.000000e+00   0.000000e+00
-1.214200e-02   0.000000e+00   0.000000e+00
-1.209000e-02   0.000000e+00   0.000000e+00
-1.203800e-02   0.000000e+00   0.000000e+00
-1.198600e-02   0.000000e+00   0.000000e+00
-1.193400e-02   0.000000e+00   0.000000e+00
-1.188200e-02   0.000000e+00   0.000000e+00
-1.183000e-02   0.000000e+00   0.000000e+00
-1.177800e-02   0.000000e+00   0.000000e+00
-1.172600e-02   0.000000e+00   0.000000e+00
-1.167400e-02   0.000000e+00   0.000000e+00
-1.162200e-02   0.000000e+00   0.000000e+00
-1.157000e-02   0.000000e+00   0.000000e+00
-1.151800e-02   0.000000e+00   0.000000e+00
-1.146600e-02   0.000000e+00   0.000000e+00
-1.141400e-02   0.000000e+00   0.000000e+00
-1.136200e-02   0.000000e+00   0.000000e+00
-1.131000e-02   0.000000e+00   0.000000e+00
-1.125800e-02   0.000000e+00   0.000000e+00
-1.120600e-02   0.000000e+00   0.000000e+00
-1.115400e-02   0.000000e+00   0.000000e+00
-1.110200e-02   0.000000e+00   0.000000e+00
-1.105000e-02   0.000000e+00   0.000000e+00
-1.099800e-02   0.000000e+00   0.000000e+00
-1.094600e-02   0.000000e+00   0.000000e+00
-1.089400e-02   0.000000e+00   0.000000e+00
-1.084200e-02   0.000000e+00   0.000000e+00
-1.079000e-02   0.000000e+00   0.000000e+00
-1.073800e-02   0.000000e+00   0.000000e+00
-1.068600e-02   0.000000e+00   0.000000e+00
-1.063400e-02   0.000000e+00   0.000000e+00
-1.058200e-02   0.000000e+00   0.000000e+00
-1.053000e-02   0.000000e+00   0.000000e+00
-1.047800e-02   0.000000e+00   0.000000e+00
-1.042600e-02   0.000000e+00   0.000000e+00
-1.037400e-02   0.000000e+00   0.000000e+00
-1.032200e-02   0.000000e+00   0.000000e+00
-1.027000e-02   0.000000e+00   0.000000e+00
-1.021800e-02   0.000000e+00   0.000000e+00
-1.016600e-02   0.000000e+00   0.000000e+00
-1.011400e-02   0.000000e+00   0.000000e+00
-1.006200e-02   0.000000e+00   0.000000e+00
-1.001000e-02   0.000000e+00   0.000000e+00
-9.958000e-03   0.000000e+00   0.000000e+00
-9.906000e-03   0.000000e+00   0.000000e+00
-9.854000e-03   0.000000e+00   0.000000e+00
-9.802000e-03   0.000000e+00   0.000000e+00
-9.750000e-03   0.000000e+00   0.000000e+00
-9.698000e-03   0.000000e+00   0.000000e+00
-9.646000e-03   0.000000e+00   0.000000e+00
-9.594000e-03   0.000000e+00   0.000000e+00
-9.542000e-03   0.000000e+00   0.000000e+00
-9.490000e-03   0.000000e+00   0.000000e+00
-9.438000e-03   0.000000e+00   0.000000e+00
-9.386000e-03   0.000000e+00   0.000000e+00
-9.334000e-03   0.000000e+00   0.000000e+00
-9.282000e-03   0.000000e+00   0.000000e+00
-9.230000e-03   0.000000e+00   0.000000e+00
-9.178000e-03   0.000000e+00   0.000000e+00
-9.126000e-03   0.000000e+00   0.000000e+00
-9.074000e-03   0.000000e+00   0.000000e+00
-9.022000e-03   0.000000e+00   0.000000e+00
-8.970000e-03   0.000000e+00   0.000000e+00
-8.918000e-03   0.000000e+00   0.000000e+00
-8.866000e-03   0.000000e+00   0.000000e+00
-8.814000e-03   0.000000e+00   0.000000e+00
-8.762000e-03   0.000000e+00   0.000000e+00
-8.710000e-03   0.000000e+00   0.000000e+00
-8.658000e-03   0.000000e+00   0.000000e+00
-8.606000e-03   0.000000e+00   0.000000e+00
-8.554000e-03   0.000000e+00   0.000000e+00
-8.502000e-03   0.000000e+00   0.000000e+00
-8.450000e-03   0.000000e+00   0.000000e+00
-8.398000e-03   0.000000e+00   0.000000e+00
-8.346000e-03   0.000000e+00   0.000000e+00
-8.294000e-03   0.000000e+00   0.000000e+00
-8.242000e-03   0.000000e+00   0.000000e+00
-8.190000e-03   0.000000e+00   0.000000e+00
-8.138000e-03   0.000000e+00   0.000000e+00
-8.086000e-03   0.000000e+00   0.000000e+00
-8.034000e-03   0.000000e+00   0.000000e+00
-7.982000e-03   0.000000e+00   0.000000e+00
-7.930000e-03   0.000000e+00   0.000000e+00
-7.878000e-03   0.000000e+00   0.000000e+00
-7.826000e-03   0.000000e+00   0.000000e+00
-7.774000e-03   0.000000e+00   0.000000e+00
-7.722000e-03   0.000000e+00   0.000000e+00
-7.670000e-03   0.000000e+00   0.000000e+00
-7.618000e-03   0.000000e+00   0.000000e+00
-7.566000e-03   0.000000e+00   0.000000e+00
-7.514000e-03   0.000000e+00   0.000000e+00
-7.462000e-03   0.000000e+00   0.000000e+00
-7.410000e-03   0.000000e+00   0.000000e+00
-7.358000e-03   0.000000e+00   0.000000e+00
-7.306000e-03   0.000000e+00   0.000000e+00
-7.254000e-03   0.000000e+00   0.000000e+00
-7.202000e-03   0.000000e+00   0.000000e+00
-7.150000e-03   0.000000e+00   0.000000e+00
-7.098000e-03   0.000000e+00   0.000000e+00
-7.046000e-03   0.000000e+00   0.000000e+00
-6.994000e-03   0.000000e+00   0.000000e+00
-6.942000e-03   0.000000e+00   0.000000e+00
-6.890000e-03   0.000000e+00   0.000000e+00
-6.838000e-03   0.000000e+00   0.000000e+00
-6.786000e-03   0.000000e+00   0.000000e+00
-6.734000e-03   0.000000e+00   0.000000e+00
-6.682000e-03   0.000000e+00   0.000000e+00
-6.630000e-03   0.000000e+00   0.000000e+00
-6.578000e-03   0.000000e+00   0.000000e+00
-6.526000e-03   0.000000e+00   0.000000e+00
-6.474000e-03   0.000000e+00   0.000000e+00
-6.422000e-03   0.000000e+00   0.000000e+00
-6.370000e-03   0.000000e+00   0.000000e+00
-6.318000e-03   0.000000e+00   0.000000e+00
-6.266000e-03   0.000000e+00   0.000000e+00
-6.214000e-03   0.000000e+00   0.000000e+00
-6.162000e-03   0.000000e+00   0.000000e+00
-6.110000e-03   0.000000e+00   0.000000e+00
-6.058000e-03   0.000000e+00   0.000000e+00
-6.006000e-03   0.000000e+00   0.000000e+00
-5.954000e-03   0.000000e+00   0.000000e+00
-5.902000e-03   0.000000e+00   0.000000e+00
-5.850000e-03   0.000000e+00   0.000000e+00
-5.798000e-03   0.000000e+00   0.000000e+00
-5.746000e-03   0.000000e+00   0.000000e+00
-5.694000e-03   0.000000e+00   0.000000e+00
-5.642000e-03   0.000000e+00   0.000000e+00
-5.590000e-03   0.000000e+00   0.000000e+00
-5.538000e-03   0.000000e+00   0.000000e+00
-5.486000e-03   0.000000e+00   0.000000e+00
-5.434000e-03   0.000000e+00   0.000000e+00
-5.382000e-03   0.000000e+00   0.000000e+00
-5.330000e-03   0.000000e+00   0.000000e+00
-5.278000e-03   0.000000e+00   0.000000e+00
-5.226000e-03   0.000000e+00   0.000000e+00
-5.174000e-03   0.000000e+00   0.000000e+00
-5.122000e-03   0.000000e+00   0.000000e+00
-5.070000e-03   0.000000e+00   0.000000e+00
-5.018000e-03   0.000000e+00   0.000000e+00
-4.966000e-03   0.000000e+00   0.000000e+00
-4.914000e-03   0.000000e+00   0.000000e+00
-4.862000e-03   0.000000e+00   0.000000e+00
-4.810000e-03   0.000000e+00   0.000000e+00
-4.758000e-03   0.000000e+00   0.000000e+00
-4.706000e-03   0.000000e+00   0.000000e+00
-4.654000e-03   0.000000e+00   0.000000e+00
-4.602000e-03   0.000000e+00   0.000000e+00
-4.550000e-03   0.000000e+00   0.000000e+00
-4.498000e-03   0.000000e+00   0.000000e+00
-4.446000e-03   0.000000e+00   0.000000e+00
-4.394000e-03   0.000000e+00   0.000000e+00
-4.342000e-03   0.000000e+00   0.000000e+00
-4.290000e-03   0.000000e+00   0.000000e+00
-4.238000e-03   0.000000e+00   0.000000e+00
-4.186000e-03   0.000000e+00   0.000000e+00
-4.134000e-03   0.000000e+00   0.000000e+00
-4.082000e-03   0.000000e+00   0.000000e+00
-4.030000e-03   0.000000e+00   0.000000e+00
-3.978000e-03   0.000000e+00   0.000000e+00
-3.926000e-03   0.000000e+00   0.000000e+00
-3.874000e-03   0.000000e+00   0.000000e+00
-3.822000e-03   0.000000e+00   0.000000e+00
-3.770000e-03   0.000000e+00   0.000000e+00
-3.718000e-03   0.000000e+00   0.000000e+00
-3.666000e-03   0.000000e+00   0.000000e+00
-3.614000e-03   0.000000e+00   0.000000e+00
-3.562000e-03   0.000000e+00   0.000000e+00
-3.510000e-03   0.000000e+00   0.000000e+00
-3.458000e-03   0.000000e+00   0.000000e+00
-3.406000e-03   0.000000e+00   0.000000e+00
-3.354000e-03   0.000000e+00   0.000000e+00
-3.302000e-03   0.000000e+00   0.000000e+00
-3.250000e-03   0.000000e+00   0.000000e+00
-3.198000e-03   0.000000e+00   0.000000e+00
-3.146000e-03   0.000000e+00   0.000000e+00
-3.094000e-03   0.000000e+00   0.000000e+00
-3.042000e-03   0.000000e+00   0.000000e+00
-2.990000e-03   0.000000e+00   0.000000e+00
-2.938000e-03   0.000000e+00   0.000000e+00
-2.886000e-03   0.000000e+00   0.000000e+00
-2.834000e-03   0.000000e+00   0.000000e+00
-2.782000e-03   0.000000e+00   0.000000e+00
-2.730000e-03   0.000000e+00   0.000000e+00
-2.678000e-03   0.000000e+00   0.000000e+00
-2.626000e-03   0.000000e+00   0.000000e+00
-2.574000e-03   0.000000e+00   0.000000e+00
-2.522000e-03   0.000000e+00   0.000000e+00
-2.470000e-03   0.000000e+00   0.000000e+00
-2.418000e-03   0.000000e+00   0.000000e+00
-2.366000e-03   0.000000e+00   0.000000e+00
-2.314000e-03   0.000000e+00   0.000000e+00
-2.262000e-03   0.000000e+00   0.000000e+00
-2.210000e-03   0.000000e+00   0.000000e+00
-2.158000e-03   0.000000e+00   0.000000e+00
-2.106000e-03   0.000000e+00   0.000000e+00
-2.054000e-03   0.000000e+00   0.000000e+00
-2.002000e-03   0.000000e+00   0.000000e+00
-1.950000e-03   0.000000e+00   0.000000e+00
-1.898000e-03   0.000000e+00   0.000000e+00
-1.846000e-03   0.000000e+00   0.000000e+00
-1.794000e-03   0.000000e+00   0.000000e+00
-1.742000e-03   0.000000e+00   0.000000e+00
-1.690000e-03   0.000000e+00   0.000000e+00
-1.638000e-03   0.000000e+00   0.000000e+00
-1.586000e-03   0.000000e+00   0.000000e+00
-1.534000e-03   0.000000e+00   0.000000e+00
-1.482000e-03   0.000000e+00   0.000000e+00
-1.430000e-03   0.000000e+00   0.000000e+00
-1.378000e-03   0.000000e+00   0.000000e+00
-1.326000e-03   0.000000e+00   0.000000e+00
-1.274000e-03   0.000000e+00   0.000000e+00
-1.222000e-03   0.000000e+00   0.000000e+00
-1.170000e-03   0.000000e+00   0.000000e+00
-1.118000e-03   0.000000e+00   0.000000e+00
-1.066000e-03   0.000000e+00   0.000000e+00
-1.014000e-03   0.000000e+00   0.000000e+00
-9.620000e-04   0.000000e+00   0.000000e+00
-9.100000e-04   0.000000e+00   0.000000e+00
-8.580000e-04   0.000000e+00   0.000000e+00
-8.060000e-04   0.000000e+00   0.000000e+00
-7.540000e-04   0.000000e+00   0.000000e+00
-7.020000e-04   0.000000e+00   0.000000e+00
-6.500000e-04   0.000000e+00   0.000000e+00
-5.980000e-04   0.000000e+00   0.000000e+00
-5.460000e-04   0.000000e+00   0.000000e+00
-4.940000e-04   0.000000e+00   0.000000e+00
-4.420000e-04   0.000000e+00   0.000000e+00
-3.900000e-04   0.000000e+00   0.000000e+00
-3.380000e-04   0.000000e+00   0.000000e+00
-2.860000e-04   0.000000e+00   0.000000e+00
-2.340000e-04   0.000000e+00   0.000000e+00
-1.820000e-04   0.000000e+00   0.000000e+00
-1.300000e-04   0.000000e+00   0.000000e+00
-7.800000e-05   0.000000e+00   0.000000e+00
-2.600000e-05  -1.982867e+04   1.781487e+03
 2.600000e-05   1.123736e+02   7.330854e+00
 7.800000e-05   3.406055e+02   1.166021e+01
 1.300000e-04   5.560681e+02   1.321921e+01
 1.820000e-04   8.191209e+02   4.288328e+01
 2.340000e-04   1.054438e+03   3.813289e+01
 2.860000e-04   1.214089e+03   3.167128e+01
 3.380000e-04   1.368686e+03   3.901635e+01
 3.900000e-04   1.544394e+03   3.843118e+01
 4.420000e-04   1.779158e+03   4.653821e+01
 4.940000e-04   1.683512e+03   4.523446e+01
 5.460000e-04   1.830530e+03   5.155927e+01
 5.980000e-04   1.879679e+03   5.830797e+01
 6.500000e-04   1.909080e+03   5.162101e+01
 7.020000e-04   2.030192e+03   5.029914e+01
 7.540000e-04   1.892607e+03   4.321686e+01
 8.060000e-04   1.807477e+03   4.760949e+01
 8.580000e-04   1.910145e+03   6.094777e+01
 9.100000e-04   1.842969e+03   5.350014e+01
 9.620000e-04   1.848423e+03   6.885129e+01
 1.014000e-03   1.762136e+03   3.918694e+01
 1.066000e-03   1.736916e+03   8.179885e+01
 1.118000e-03   1.569340e+03   5.431952e+01
 1.170000e-03   1.490873e+03   5.147090e+01
 1.222000e-03   1.417468e+03   5.217434e+01
 1.274000e-03   1.333505e+03   3.570231e+01
 1.326000e-03   1.350970e+03   4.600644e+01
 1.378000e-03   1.270478e+03   3.523378e+01
 1.430000e-03   1.146869e+03   2.978839e+01
 1.482000e-03   1.210916e+03   4.444818e+01
 1.534000e-03   1.127742e+03   3.793725e+01
 1.586000e-03   1.006181e+03   3.736591e+01
 1.638000e-03   1.110126e+03   4.287474e+01
 1.690000e-03   9.861013e+02   2.562213e+01
 1.742000e-03   9.806051e+02   3.193868e+01
 1.794000e-03   8.862528e+02   2.432189e+01
 1.846000e-03   8.248869e+02   3.036049e+01
 1.898000e-03   7.995001e+02   1.950159e+01
 1.950000e-03   7.166104e+02   2.193078e+01
 2.002000e-03   8.122536e+02   2.633255e+01
 2.054000e-03   6.910654e+02   1.698961e+01
 2.106000e-03   6.994715e+02   2.600129e+01
 2.158000e-03   6.277789e+02   1.579607e+01
 2.210000e-03   6.931646e+02   2.301691e+01
 2.262000e-03   6.332095e+02   2.485044e+01
 2.314000e-03   5.964017e+02   1.967271e+01
 2.366000e-03   5.772688e+02   2.024585e+01
 2.418000e-03   5.655428e+02   1.970090e+01
 2.470000e-03   5.214701e+02   1.591086e+01
 2.522000e-03   4.890576e+02   1.468790e+01
 2.574000e-03   4.640402e+02   1.743688e+01
 2.626000e-03   4.743637e+02   1.468909e+01
 2.678000e-03   4.697235e+02   2.158828e+01
 2.730000e-03   4.258469e+02   9.466090e+00
 2.782000e-03   4.003899e+02   1.004417e+01
 2.834000e-03   4.107084e+02   1.284539e+01
 2.886000e-03   3.917462e+02   1.325895e+01
 2.938000e-03   3.871555e+02   9.250205e+00
 2.990000e-03   4.110374e+02   1.862435e+01
 3.042000e-03   3.458167e+02   1.049248e+01
 3.094000e-03   3.312857e+02   1.334928e+01
 3.146000e-03   3.269512e+02   1.230563e+01
 3.198000e-03   3.138242e+02   1.335108e+01
 3.250000e-03   2.972330e+02   1.100633e+01
 3.302000e-03   3.074562e+02   5.058915e+00
 3.354000e-03   2.687183e+02   7.040519e+00
 3.406000e-03   2.748436e+02   7.355318e+00
 3.458000e-03   2.680304e+02   7.701097e+00
 3.510000e-03   2.425928e+02   6.677741e+00
 3.562000e-03   2.369705e+02   5.320622e+00
 3.614000e-03   2.447231e+02   4.925746e+00
 3.666000e-03   2.309671e+02   7.510556e+00
 3.718000e-03   2.045469e+02   6.807206e+00
 3.770000e-03   2.061129e+02   7.466508e+00
 3.822000e-03   1.977802e+02   4.950884e+00
 3.874000e-03   2.062385e+02   7.996647e+00
 3.926000e-03   1.982515e+02   7.141155e+00
 3.978000e-03   1.747255e+02   4.104895e+00
 4.030000e-03   1.758117e+02   5.684583e+00
 4.082000e-03   1.778709e+02   6.805785e+00
 4.134000e-03   1.789276e+02   7.092090e+00
 4.186000e-03   1.650258e+02   4.963452e+00
 4.238000e-03   1.549266e+02   5.285608e+00
 4.290000e-03   1.625230e+02   9.820033e+00
 4.342000e-03   1.523855e+02   4.204429e+00
 4.394000e-03   1.434612e+02   4.329219e+00
 4.446000e-03   1.429993e+02   5.494005e+00
 4.498000e-03   1.329864e+02   4.135884e+00
 4.550000e-03   1.285660e+02   2.843568e+00
 4.602000e-03   1.299895e+02   4.876116e+00
 4.654000e-03   1.199154e+02   4.440522e+00
 4.706000e-03   1.193477e+02   3.578435e+00
 4.758000e-03   1.144146e+02   4.161941e+00
 4.810000e-03   1.196245e+02   5.409201e+00
 4.862000e-03   1.135269e+02   4.633802e+00
 4.914000e-03   1.010722e+02   2.915125e+00
 4.966000e-03   1.029299e+02   2.683423e+00
 5.018000e-03   1.025415e+02   4.597208e+00
 5.070000e-03   9.900226e+01   4.453438e+00
 5.122000e-03   1.015762e+02   4.990664e+00
 5.174000e-03   9.047069e+01   2.384280e+00
 5.226000e-03   9.698923e+01   4.236167e+00
 5.278000e-03   8.439359e+01   3.245532e+00
 5.330000e-03   7.878633e+01   1.855945e+00
 5.382000e-03   9.008526e+01   2.622088e+00
 5.434000e-03   8.649827e+01   2.406628e+00
 5.486000e-03   7.273125e+01   2.647267e+00
 5.538000e-03   7.898981e+01   2.864225e+00
 5.590000e-03   7.272789e+01   2.435736e+00
 5.642000e-03   7.330619e+01   2.411225e+00
 5.694000e-03   6.952182e+01   3.058436e+00
 5.746000e-03   7.021579e+01   1.654241e+00
 5.798000e-03   6.802890e+01   2.249425e+00
 5.850000e-03   6.613116e+01   2.029955e+00
 5.902000e-03   6.660348e+01   1.933710e+00
 5.954000e-03   6.783041e+01   3.159547e+00
 6.006000e-03   6.056309e+01   1.719437e+00
 6.058000e-03   6.048848e+01   2.748128e+00
 6.110000e-03   5.977381e+01   1.840297e+00
 6.162000e-03   5.391526e+01   1.953342e+00
 6.214000e-03   5.834264e+01   1.861040e+00
 6.266000e-03   5.688925e+01   2.067455e+00
 6.318000e-03   5.308867e+01   1.507851e+00
 6.370000e-03   5.367562e+01   2.528613e+00
 6.422000e-03   4.232355e+01   1.230160e+00
 6.474000e-03   4.051235e+01   1.686759e+00
 6.526000e-03   3.453722e+01   7.965689e-01
 6.578000e-03   2.965183e+01   8.615526e-01
 6.630000e-03   2.983930e+01   1.012727e+00
 6.682000e-03   2.905098e+01   1.272526e+00
 6.734000e-03   2.522927e+01   7.424453e-01
 6.786000e-03   2.462639e+01   9.998821e-01
 6.838000e-03   2.105825e+01   6.951711e-01
 6.890000e-03   2.016053e+01   6.166031e-01
 6.942000e-03   1.828925e+01   4.869858e-01
 6.994000e-03   1.856980e+01   6.513472e-01
 7.046000e-03   1.714565e+01   5.389044e-01
 7.098000e-03   1.562046e+01   6.099054e-01
 7.150000e-03   1.406071e+01   5.297685e-01
 7.202000e-03   1.311454e+01   3.971315e-01
 7.254000e-03   1.336660e+01   3.812042e-01
 7.306000e-03   1.269493e+01   4.015845e-01
 7.358000e-03   1.077026e+01   4.514940e-01
 7.410000e-03   1.063148e+01   2.882505e-01
 7.462000e-03   1.084733e+01   4.133776e-01
 7.514000e-03   9.358586e+00   2.938588e-01
 7.566000e-03   8.511829e+00   1.702399e-01
 7.618000e-03   8.095841e+00   2.558689e-01
 7.670000e-03   7.095319e+00   2.558784e-01
 7.722000e-03   7.388384e+00   4.027205e-01
 7.774000e-03   6.304229e+00   2.584097e-01
 7.826000e-03   5.732374e+00   1.382450e-01
 7.878000e-03   5.523073e+00   1.661610e-01
 7.930000e-03   5.017662e+00   1.992338e-01
 7.982000e-03   4.536596e+00   1.462336e-01
 8.034000e-03   4.039914e+00   1.408985e-01
 8.086000e-03   3.566803e+00   1.323811e-01
 8.138000e-03   3.845148e+00   1.556557e-01
 8.190000e-03   3.350541e+00   1.664079e-01
 8.242000e-03   2.891776e+00   1.151735e-01
 8.294000e-03   2.692673e+00   9.267799e-02
 8.346000e-03   2.631217e+00   2.035406e-01
 8.398000e-03   2.071042e+00   8.851053e-02
 8.450000e-03   1.845847e+00   6.520926e-02
 8.502000e-03   1.461578e+00   4.976168e-02
 8.554000e-03   1.409625e+00   5.462372e-02
 8.606000e-03   1.075947e+00   3.515406e-02
 8.658000e-03   8.619596e-01   3.313509e-02
 8.710000e-03   8.488210e-01   3.930091e-02
 8.762000e-03   6.325749e-01   2.891095e-02
 8.814000e-03   4.522345e-01   1.910961e-02
 8.866000e-03   3.111901e-01   2.005065e-02
 8.918000e-03   1.904819e-01   1.135025e-02
 8.970000e-03   6.504869e-02   3.163334e-03
 9.022000e-03   5.648234e-04   1.064112e-04
 9.074000e-03   0.000000e+00   0.000000e+00
 9.126000e-03   0.000000e+00   0.000000e+00
 9.178000e-03   0.000000e+00   0.000000e+00
 9.230000e-03   0.000000e+00   0.000000e+00
 9.282000e-03   0.000000e+00   0.000000e+00
 9.334000e-03   0.000000e+00   0.000000e+00
 9.386000e-03   0.000000e+00   0.000000e+00
 9.438000e-03   0.000000e+00   0.000000e+00
 9.490000e-03   0.000000e+00   0.000000e+00
 9.542000e-03   0.000000e+00   0.000000e+00
 9.594000e-03   0.000000e+00   0.000000e+00
 9.646000e-03   0.000000e+00   0.000000e+00
 9.698000e-03   0.000000e+00   0.000000e+00
 9.750000e-03   0.000000e+00   0.000000e+00
 9.802000e-03   0.000000e+00   0.000000e+00
 9.854000e-03   0.000000e+00   0.000000e+00
 9.906000e-03   0.000000e+00   0.000000e+00
 9.958000e-03   0.000000e+00   0.000000e+00
 1.001000e-02   0.000000e+00   0.000000e+00
 1.006200e-02   0.000000e+00   0.000000e+00
 1.011400e-02   0.000000e+00   0.000000e+00
 1.016600e-02   0.000000e+00   0.000000e+00
 1.021800e-02   0.000000e+00   0.000000e+00
 1.027000e-02   0.000000e+00   0.000000e+00
 1.032200e-02   0.000000e+00   0.000000e+00
 1.037400e-02   0.000000e+00   0.000000e+00
 1.042600e-02   0.000000e+00   0.000000e+00
 1.047800e-02   0.000000e+00   0.000000e+00
 1.053000e-02   0.000000e+00   0.000000e+00
 1.058200e-02   0.000000e+00   0.000000e+00
 1.063400e-02   0.000000e+00   0.000000e+00
 1.068600e-02   0.000000e+00   0.000000e+00
 1.073800e-02   0.000000e+00   0.000000e+00
 1.079000e-02   0.000000e+00   0.000000e+00
 1.084200e-02   0.000000e+00   0.000000e+00
 1.089400e-02   0.000000e+00   0.000000e+00
 1.094600e-02   0.000000e+00   0.000000e+00
 1.099800e-02   0.000000e+00   0.000000e+00
 1.105000e-02   0.000000e+00   0.000000e+00
 1.110200e-02   0.000000e+00   0.000000e+00
 1.115400e-02   0.000000e+00   0.000000e+00
 1.120600e-02   0.000000e+00   0.000000e+00
 1.125800e-02   0.000000e+00   0.000000e+00
 1.131000e-02   0.000000e+00   0.000000e+00
 1.136200e-02   0.000000e+00   0.000000e+00
 1.141400e-02   0.000000e+00   0.000000e+00
 1.146600e-02   0.000000e+00   0.000000e+00
 1.151800e-02   0.000000e+00   0.000000e+00
 1.157000e-02   0.000000e+00   0.000000e+00
 1.162200e-02   0.000000e+00   0.000000e+00
 1.167400e-02   0.000000e+00   0.000000e+00
 1.172600e-02   0.000000e+00   0.000000e+00
 1.177800e-02   0.000000e+00   0.000000e+00
 1.183000e-02   0.000000e+00   0.000000e+00
 1.188200e-02   0.000000e+00   0.000000e+00
 1.193400e-02   0.000000e+00   0.000000e+00
 1.198600e-02   0.000000e+00   0.000000e+00
 1.203800e-02   0.000000e+00   0.000000e+00
 1.209000e-02   0.000000e+00   0.000000e+00
 1.214200e-02   0.000000e+00   0.000000e+00
 1.219400e-02   0.000000e+00   0.000000e+00
 1.224600e-02   0.000000e+00   0.000000e+00
 1.229800e-02   0.000000e+00   0.000000e+00
 1.235000e-02   0.000000e+00   0.000000e+00
 1.240200e-02   0.000000e+00   0.000000e+00
 1.245400e-02   0.000000e+00   0.000000e+00
 1.250600e-02   0.000000e+00   0.000000e+00
 1.255800e-02   0.000000e+00   0.000000e+00
 1.261000e-02   0.000000e+00   0.000000e+00
 1.266200e-02   0.000000e+00   0.000000e+00
 1.271400e-02   0.000000e+00   0.000000e+00
 1.276600e-02   0.000000e+00   0.000000e+00
 1.281800e-02   0.000000e+00   0.000000e+00
 1.287000e-02   0.000000e+00   0.000000e+00
 1.292200e-02   0.000000e+00   0.000000e+00
 1.297400e-02   0.000000e+00   0.000000e+00
 inf  -3.782719e-04   1.243075e-05
