ql51_lab bin centers    value    Error 
-inf   1.938900e+00   4.889175e-02
 6.500000e-01   7.093661e-01   4.656694e-02
 1.950000e+00   2.945420e-02   2.125065e-04
 3.250000e+00   1.677849e-02   1.353507e-04
 4.550000e+00   1.184259e-02   6.165995e-05
 5.850000e+00   9.007943e-03   5.619179e-05
 7.150000e+00   7.183314e-03   3.700674e-05
 8.450000e+00   6.155116e-03   8.954050e-05
 9.750000e+00   5.159586e-03   4.886931e-05
 1.105000e+01   4.718787e-03   5.983712e-05
 1.235000e+01   4.099374e-03   4.606541e-05
 1.365000e+01   3.723233e-03   4.779063e-05
 1.495000e+01   3.434023e-03   5.040090e-05
 1.625000e+01   3.261544e-03   3.858063e-05
 1.755000e+01   3.065108e-03   5.335828e-05
 1.885000e+01   2.958888e-03   6.257530e-05
 2.015000e+01   2.755431e-03   5.184343e-05
 2.145000e+01   2.712057e-03   5.702159e-05
 2.275000e+01   2.819493e-03   5.827262e-05
 2.405000e+01   2.638380e-03   4.637511e-05
 2.535000e+01   2.589930e-03   5.741278e-05
 2.665000e+01   2.420033e-03   4.175048e-05
 2.795000e+01   2.250169e-03   4.593673e-05
 2.925000e+01   2.084778e-03   3.899726e-05
 3.055000e+01   2.075789e-03   3.942230e-05
 3.185000e+01   1.842505e-03   5.192159e-05
 3.315000e+01   1.684345e-03   3.461729e-05
 3.445000e+01   1.533587e-03   4.565950e-05
 3.575000e+01   1.420622e-03   2.374569e-05
 3.705000e+01   1.322682e-03   3.987634e-05
 3.835000e+01   1.175615e-03   3.551150e-05
 3.965000e+01   1.117474e-03   3.200213e-05
 4.095000e+01   1.126728e-03   5.181985e-05
 4.225000e+01   8.912342e-04   2.099950e-05
 4.355000e+01   8.948910e-04   1.423469e-05
 4.485000e+01   7.899714e-04   1.753764e-05
 4.615000e+01   7.408268e-04   2.044351e-05
 4.745000e+01   6.511900e-04   1.891471e-05
 4.875000e+01   6.404533e-04   2.080398e-05
 5.005000e+01   5.751436e-04   1.047679e-05
 5.135000e+01   5.712247e-04   1.433901e-05
 5.265000e+01   5.171267e-04   1.639582e-05
 5.395000e+01   4.679361e-04   1.177948e-05
 5.525000e+01   4.224529e-04   1.170457e-05
 5.655000e+01   3.992833e-04   1.045594e-05
 5.785000e+01   3.678672e-04   8.838039e-06
 5.915000e+01   3.705606e-04   1.389555e-05
 6.045000e+01   3.700103e-04   8.701172e-06
 6.175000e+01   3.210702e-04   1.039736e-05
 6.305000e+01   2.857861e-04   8.150029e-06
 6.435000e+01   2.834994e-04   9.196991e-06
 6.565000e+01   2.578325e-04   7.538466e-06
 6.695000e+01   2.377473e-04   9.304246e-06
 6.825000e+01   2.259492e-04   8.388822e-06
 6.955000e+01   2.327778e-04   1.100157e-05
 7.085000e+01   2.312380e-04   1.159898e-05
 7.215000e+01   1.930961e-04   4.818760e-06
 7.345000e+01   1.921249e-04   6.365158e-06
 7.475000e+01   1.698970e-04   5.332918e-06
 7.605000e+01   1.460452e-04   4.247016e-06
 7.735000e+01   1.511336e-04   5.159926e-06
 7.865000e+01   1.341302e-04   4.621397e-06
 7.995000e+01   1.305235e-04   4.408204e-06
 8.125000e+01   1.243968e-04   4.149989e-06
 8.255000e+01   1.095309e-04   3.344379e-06
 8.385000e+01   1.082741e-04   3.779085e-06
 8.515000e+01   1.014984e-04   2.348591e-06
 8.645000e+01   9.690366e-05   3.668026e-06
 8.775000e+01   8.639469e-05   3.288248e-06
 8.905000e+01   8.405716e-05   3.044331e-06
 9.035000e+01   7.980201e-05   3.316845e-06
 9.165000e+01   7.996823e-05   3.323411e-06
 9.295000e+01   7.501674e-05   3.366419e-06
 9.425000e+01   7.157444e-05   2.866358e-06
 9.555000e+01   5.892161e-05   2.172318e-06
 9.685000e+01   6.329996e-05   3.404565e-06
 9.815000e+01   6.116061e-05   2.511491e-06
 9.945000e+01   4.826510e-05   1.940178e-06
 1.007500e+02   4.889849e-05   2.664339e-06
 1.020500e+02   4.923986e-05   2.648820e-06
 1.033500e+02   4.427698e-05   2.353836e-06
 1.046500e+02   3.748278e-05   1.203855e-06
 1.059500e+02   3.537729e-05   1.637802e-06
 1.072500e+02   3.778616e-05   1.909946e-06
 1.085500e+02   3.373786e-05   1.253052e-06
 1.098500e+02   3.169821e-05   1.777869e-06
 1.111500e+02   3.070724e-05   1.541644e-06
 1.124500e+02   3.220502e-05   1.531347e-06
 1.137500e+02   2.920180e-05   1.343769e-06
 1.150500e+02   2.309200e-05   1.085551e-06
 1.163500e+02   1.857016e-05   7.230495e-07
 1.176500e+02   1.961250e-05   1.008182e-06
 1.189500e+02   2.159940e-05   1.194357e-06
 1.202500e+02   1.858431e-05   8.395708e-07
 1.215500e+02   1.930343e-05   1.171470e-06
 1.228500e+02   1.670557e-05   1.111489e-06
 1.241500e+02   1.666561e-05   9.467697e-07
 1.254500e+02   1.486395e-05   6.581216e-07
 1.267500e+02   1.371382e-05   1.345546e-06
 1.280500e+02   1.354227e-05   1.123889e-06
 1.293500e+02   1.181018e-05   9.316951e-07
 1.306500e+02   1.025158e-05   5.657844e-07
 1.319500e+02   9.396635e-06   7.496766e-07
 1.332500e+02   9.317681e-06   6.626041e-07
 1.345500e+02   8.185623e-06   6.790114e-07
 1.358500e+02   7.278177e-06   4.419125e-07
 1.371500e+02   6.276151e-06   3.346351e-07
 1.384500e+02   5.017046e-06   2.003009e-07
 1.397500e+02   4.627127e-06   4.506292e-07
 1.410500e+02   4.544903e-06   3.329431e-07
 1.423500e+02   3.553577e-06   1.669644e-07
 1.436500e+02   3.898458e-06   3.561222e-07
 1.449500e+02   2.710509e-06   1.244769e-07
 1.462500e+02   3.483916e-06   3.183607e-07
 1.475500e+02   2.451828e-06   1.262847e-07
 1.488500e+02   1.837652e-06   8.127712e-08
 1.501500e+02   1.928158e-06   6.021693e-08
 1.514500e+02   1.526473e-06   4.839591e-08
 1.527500e+02   1.524128e-06   6.741869e-08
 1.540500e+02   1.268697e-06   4.203705e-08
 1.553500e+02   1.178691e-06   3.508828e-08
 1.566500e+02   1.075294e-06   4.107511e-08
 1.579500e+02   9.934479e-07   4.197873e-08
 1.592500e+02   8.825703e-07   2.155374e-08
 1.605500e+02   7.582196e-07   2.761399e-08
 1.618500e+02   6.334504e-07   2.205063e-08
 1.631500e+02   6.172960e-07   1.960797e-08
 1.644500e+02   5.803477e-07   2.421649e-08
 1.657500e+02   5.084487e-07   2.172019e-08
 1.670500e+02   4.594571e-07   2.018512e-08
 1.683500e+02   4.173869e-07   1.569521e-08
 1.696500e+02   3.647622e-07   2.360356e-08
 1.709500e+02   2.960600e-07   1.161840e-08
 1.722500e+02   2.745067e-07   1.162099e-08
 1.735500e+02   2.632698e-07   1.361581e-08
 1.748500e+02   2.281520e-07   5.937881e-09
 1.761500e+02   1.963085e-07   9.755352e-09
 1.774500e+02   1.593800e-07   1.113207e-08
 1.787500e+02   1.552880e-07   8.262035e-09
 1.800500e+02   1.199185e-07   8.776545e-09
 1.813500e+02   7.910199e-08   4.826050e-09
 1.826500e+02   8.555744e-08   7.242357e-09
 1.839500e+02   6.925724e-08   4.255313e-09
 1.852500e+02   4.919794e-08   3.101440e-09
 1.865500e+02   4.241581e-08   3.036197e-09
 1.878500e+02   2.706074e-08   3.263154e-09
 1.891500e+02   9.755485e-09   1.524243e-09
 1.904500e+02   2.229869e-09   4.853318e-10
 1.917500e+02   0.000000e+00   0.000000e+00
 1.930500e+02   0.000000e+00   0.000000e+00
 1.943500e+02   0.000000e+00   0.000000e+00
 1.956500e+02   0.000000e+00   0.000000e+00
 1.969500e+02   0.000000e+00   0.000000e+00
 1.982500e+02   0.000000e+00   0.000000e+00
 1.995500e+02   0.000000e+00   0.000000e+00
 2.008500e+02   0.000000e+00   0.000000e+00
 2.021500e+02   0.000000e+00   0.000000e+00
 2.034500e+02   0.000000e+00   0.000000e+00
 2.047500e+02   0.000000e+00   0.000000e+00
 2.060500e+02   0.000000e+00   0.000000e+00
 2.073500e+02   0.000000e+00   0.000000e+00
 2.086500e+02   0.000000e+00   0.000000e+00
 2.099500e+02   0.000000e+00   0.000000e+00
 2.112500e+02   0.000000e+00   0.000000e+00
 2.125500e+02   0.000000e+00   0.000000e+00
 2.138500e+02   0.000000e+00   0.000000e+00
 2.151500e+02   0.000000e+00   0.000000e+00
 2.164500e+02   0.000000e+00   0.000000e+00
 2.177500e+02   0.000000e+00   0.000000e+00
 2.190500e+02   0.000000e+00   0.000000e+00
 2.203500e+02   0.000000e+00   0.000000e+00
 2.216500e+02   0.000000e+00   0.000000e+00
 2.229500e+02   0.000000e+00   0.000000e+00
 2.242500e+02   0.000000e+00   0.000000e+00
 2.255500e+02   0.000000e+00   0.000000e+00
 2.268500e+02   0.000000e+00   0.000000e+00
 2.281500e+02   0.000000e+00   0.000000e+00
 2.294500e+02   0.000000e+00   0.000000e+00
 2.307500e+02   0.000000e+00   0.000000e+00
 2.320500e+02   0.000000e+00   0.000000e+00
 2.333500e+02   0.000000e+00   0.000000e+00
 2.346500e+02   0.000000e+00   0.000000e+00
 2.359500e+02   0.000000e+00   0.000000e+00
 2.372500e+02   0.000000e+00   0.000000e+00
 2.385500e+02   0.000000e+00   0.000000e+00
 2.398500e+02   0.000000e+00   0.000000e+00
 2.411500e+02   0.000000e+00   0.000000e+00
 2.424500e+02   0.000000e+00   0.000000e+00
 2.437500e+02   0.000000e+00   0.000000e+00
 2.450500e+02   0.000000e+00   0.000000e+00
 2.463500e+02   0.000000e+00   0.000000e+00
 2.476500e+02   0.000000e+00   0.000000e+00
 2.489500e+02   0.000000e+00   0.000000e+00
 2.502500e+02   0.000000e+00   0.000000e+00
 2.515500e+02   0.000000e+00   0.000000e+00
 2.528500e+02   0.000000e+00   0.000000e+00
 2.541500e+02   0.000000e+00   0.000000e+00
 2.554500e+02   0.000000e+00   0.000000e+00
 2.567500e+02   0.000000e+00   0.000000e+00
 2.580500e+02   0.000000e+00   0.000000e+00
 2.593500e+02   0.000000e+00   0.000000e+00
 2.606500e+02   0.000000e+00   0.000000e+00
 2.619500e+02   0.000000e+00   0.000000e+00
 2.632500e+02   0.000000e+00   0.000000e+00
 2.645500e+02   0.000000e+00   0.000000e+00
 2.658500e+02   0.000000e+00   0.000000e+00
 2.671500e+02   0.000000e+00   0.000000e+00
 2.684500e+02   0.000000e+00   0.000000e+00
 2.697500e+02   0.000000e+00   0.000000e+00
 2.710500e+02   0.000000e+00   0.000000e+00
 2.723500e+02   0.000000e+00   0.000000e+00
 2.736500e+02   0.000000e+00   0.000000e+00
 2.749500e+02   0.000000e+00   0.000000e+00
 2.762500e+02   0.000000e+00   0.000000e+00
 2.775500e+02   0.000000e+00   0.000000e+00
 2.788500e+02   0.000000e+00   0.000000e+00
 2.801500e+02   0.000000e+00   0.000000e+00
 2.814500e+02   0.000000e+00   0.000000e+00
 2.827500e+02   0.000000e+00   0.000000e+00
 2.840500e+02   0.000000e+00   0.000000e+00
 2.853500e+02   0.000000e+00   0.000000e+00
 2.866500e+02   0.000000e+00   0.000000e+00
 2.879500e+02   0.000000e+00   0.000000e+00
 2.892500e+02   0.000000e+00   0.000000e+00
 2.905500e+02   0.000000e+00   0.000000e+00
 2.918500e+02   0.000000e+00   0.000000e+00
 2.931500e+02   0.000000e+00   0.000000e+00
 2.944500e+02   0.000000e+00   0.000000e+00
 2.957500e+02   0.000000e+00   0.000000e+00
 2.970500e+02   0.000000e+00   0.000000e+00
 2.983500e+02   0.000000e+00   0.000000e+00
 2.996500e+02   0.000000e+00   0.000000e+00
 3.009500e+02   0.000000e+00   0.000000e+00
 3.022500e+02   0.000000e+00   0.000000e+00
 3.035500e+02   0.000000e+00   0.000000e+00
 3.048500e+02   0.000000e+00   0.000000e+00
 3.061500e+02   0.000000e+00   0.000000e+00
 3.074500e+02   0.000000e+00   0.000000e+00
 3.087500e+02   0.000000e+00   0.000000e+00
 3.100500e+02   0.000000e+00   0.000000e+00
 3.113500e+02   0.000000e+00   0.000000e+00
 3.126500e+02   0.000000e+00   0.000000e+00
 3.139500e+02   0.000000e+00   0.000000e+00
 3.152500e+02   0.000000e+00   0.000000e+00
 3.165500e+02   0.000000e+00   0.000000e+00
 3.178500e+02   0.000000e+00   0.000000e+00
 3.191500e+02   0.000000e+00   0.000000e+00
 3.204500e+02   0.000000e+00   0.000000e+00
 3.217500e+02   0.000000e+00   0.000000e+00
 3.230500e+02   0.000000e+00   0.000000e+00
 3.243500e+02   0.000000e+00   0.000000e+00
 3.256500e+02   0.000000e+00   0.000000e+00
 3.269500e+02   0.000000e+00   0.000000e+00
 3.282500e+02   0.000000e+00   0.000000e+00
 3.295500e+02   0.000000e+00   0.000000e+00
 3.308500e+02   0.000000e+00   0.000000e+00
 3.321500e+02   0.000000e+00   0.000000e+00
 3.334500e+02   0.000000e+00   0.000000e+00
 3.347500e+02   0.000000e+00   0.000000e+00
 3.360500e+02   0.000000e+00   0.000000e+00
 3.373500e+02   0.000000e+00   0.000000e+00
 3.386500e+02   0.000000e+00   0.000000e+00
 3.399500e+02   0.000000e+00   0.000000e+00
 3.412500e+02   0.000000e+00   0.000000e+00
 3.425500e+02   0.000000e+00   0.000000e+00
 3.438500e+02   0.000000e+00   0.000000e+00
 3.451500e+02   0.000000e+00   0.000000e+00
 3.464500e+02   0.000000e+00   0.000000e+00
 3.477500e+02   0.000000e+00   0.000000e+00
 3.490500e+02   0.000000e+00   0.000000e+00
 3.503500e+02   0.000000e+00   0.000000e+00
 3.516500e+02   0.000000e+00   0.000000e+00
 3.529500e+02   0.000000e+00   0.000000e+00
 3.542500e+02   0.000000e+00   0.000000e+00
 3.555500e+02   0.000000e+00   0.000000e+00
 3.568500e+02   0.000000e+00   0.000000e+00
 3.581500e+02   0.000000e+00   0.000000e+00
 3.594500e+02   0.000000e+00   0.000000e+00
 3.607500e+02   0.000000e+00   0.000000e+00
 3.620500e+02   0.000000e+00   0.000000e+00
 3.633500e+02   0.000000e+00   0.000000e+00
 3.646500e+02   0.000000e+00   0.000000e+00
 3.659500e+02   0.000000e+00   0.000000e+00
 3.672500e+02   0.000000e+00   0.000000e+00
 3.685500e+02   0.000000e+00   0.000000e+00
 3.698500e+02   0.000000e+00   0.000000e+00
 3.711500e+02   0.000000e+00   0.000000e+00
 3.724500e+02   0.000000e+00   0.000000e+00
 3.737500e+02   0.000000e+00   0.000000e+00
 3.750500e+02   0.000000e+00   0.000000e+00
 3.763500e+02   0.000000e+00   0.000000e+00
 3.776500e+02   0.000000e+00   0.000000e+00
 3.789500e+02   0.000000e+00   0.000000e+00
 3.802500e+02   0.000000e+00   0.000000e+00
 3.815500e+02   0.000000e+00   0.000000e+00
 3.828500e+02   0.000000e+00   0.000000e+00
 3.841500e+02   0.000000e+00   0.000000e+00
 3.854500e+02   0.000000e+00   0.000000e+00
 3.867500e+02   0.000000e+00   0.000000e+00
 3.880500e+02   0.000000e+00   0.000000e+00
 3.893500e+02   0.000000e+00   0.000000e+00
 3.906500e+02   0.000000e+00   0.000000e+00
 3.919500e+02   0.000000e+00   0.000000e+00
 3.932500e+02   0.000000e+00   0.000000e+00
 3.945500e+02   0.000000e+00   0.000000e+00
 3.958500e+02   0.000000e+00   0.000000e+00
 3.971500e+02   0.000000e+00   0.000000e+00
 3.984500e+02   0.000000e+00   0.000000e+00
 3.997500e+02   0.000000e+00   0.000000e+00
 4.010500e+02   0.000000e+00   0.000000e+00
 4.023500e+02   0.000000e+00   0.000000e+00
 4.036500e+02   0.000000e+00   0.000000e+00
 4.049500e+02   0.000000e+00   0.000000e+00
 4.062500e+02   0.000000e+00   0.000000e+00
 4.075500e+02   0.000000e+00   0.000000e+00
 4.088500e+02   0.000000e+00   0.000000e+00
 4.101500e+02   0.000000e+00   0.000000e+00
 4.114500e+02   0.000000e+00   0.000000e+00
 4.127500e+02   0.000000e+00   0.000000e+00
 4.140500e+02   0.000000e+00   0.000000e+00
 4.153500e+02   0.000000e+00   0.000000e+00
 4.166500e+02   0.000000e+00   0.000000e+00
 4.179500e+02   0.000000e+00   0.000000e+00
 4.192500e+02   0.000000e+00   0.000000e+00
 4.205500e+02   0.000000e+00   0.000000e+00
 4.218500e+02   0.000000e+00   0.000000e+00
 4.231500e+02   0.000000e+00   0.000000e+00
 4.244500e+02   0.000000e+00   0.000000e+00
 4.257500e+02   0.000000e+00   0.000000e+00
 4.270500e+02   0.000000e+00   0.000000e+00
 4.283500e+02   0.000000e+00   0.000000e+00
 4.296500e+02   0.000000e+00   0.000000e+00
 4.309500e+02   0.000000e+00   0.000000e+00
 4.322500e+02   0.000000e+00   0.000000e+00
 4.335500e+02   0.000000e+00   0.000000e+00
 4.348500e+02   0.000000e+00   0.000000e+00
 4.361500e+02   0.000000e+00   0.000000e+00
 4.374500e+02   0.000000e+00   0.000000e+00
 4.387500e+02   0.000000e+00   0.000000e+00
 4.400500e+02   0.000000e+00   0.000000e+00
 4.413500e+02   0.000000e+00   0.000000e+00
 4.426500e+02   0.000000e+00   0.000000e+00
 4.439500e+02   0.000000e+00   0.000000e+00
 4.452500e+02   0.000000e+00   0.000000e+00
 4.465500e+02   0.000000e+00   0.000000e+00
 4.478500e+02   0.000000e+00   0.000000e+00
 4.491500e+02   0.000000e+00   0.000000e+00
 4.504500e+02   0.000000e+00   0.000000e+00
 4.517500e+02   0.000000e+00   0.000000e+00
 4.530500e+02   0.000000e+00   0.000000e+00
 4.543500e+02   0.000000e+00   0.000000e+00
 4.556500e+02   0.000000e+00   0.000000e+00
 4.569500e+02   0.000000e+00   0.000000e+00
 4.582500e+02   0.000000e+00   0.000000e+00
 4.595500e+02   0.000000e+00   0.000000e+00
 4.608500e+02   0.000000e+00   0.000000e+00
 4.621500e+02   0.000000e+00   0.000000e+00
 4.634500e+02   0.000000e+00   0.000000e+00
 4.647500e+02   0.000000e+00   0.000000e+00
 4.660500e+02   0.000000e+00   0.000000e+00
 4.673500e+02   0.000000e+00   0.000000e+00
 4.686500e+02   0.000000e+00   0.000000e+00
 4.699500e+02   0.000000e+00   0.000000e+00
 4.712500e+02   0.000000e+00   0.000000e+00
 4.725500e+02   0.000000e+00   0.000000e+00
 4.738500e+02   0.000000e+00   0.000000e+00
 4.751500e+02   0.000000e+00   0.000000e+00
 4.764500e+02   0.000000e+00   0.000000e+00
 4.777500e+02   0.000000e+00   0.000000e+00
 4.790500e+02   0.000000e+00   0.000000e+00
 4.803500e+02   0.000000e+00   0.000000e+00
 4.816500e+02   0.000000e+00   0.000000e+00
 4.829500e+02   0.000000e+00   0.000000e+00
 4.842500e+02   0.000000e+00   0.000000e+00
 4.855500e+02   0.000000e+00   0.000000e+00
 4.868500e+02   0.000000e+00   0.000000e+00
 4.881500e+02   0.000000e+00   0.000000e+00
 4.894500e+02   0.000000e+00   0.000000e+00
 4.907500e+02   0.000000e+00   0.000000e+00
 4.920500e+02   0.000000e+00   0.000000e+00
 4.933500e+02   0.000000e+00   0.000000e+00
 4.946500e+02   0.000000e+00   0.000000e+00
 4.959500e+02   0.000000e+00   0.000000e+00
 4.972500e+02   0.000000e+00   0.000000e+00
 4.985500e+02   0.000000e+00   0.000000e+00
 4.998500e+02   0.000000e+00   0.000000e+00
 5.011500e+02   0.000000e+00   0.000000e+00
 5.024500e+02   0.000000e+00   0.000000e+00
 5.037500e+02   0.000000e+00   0.000000e+00
 5.050500e+02   0.000000e+00   0.000000e+00
 5.063500e+02   0.000000e+00   0.000000e+00
 5.076500e+02   0.000000e+00   0.000000e+00
 5.089500e+02   0.000000e+00   0.000000e+00
 5.102500e+02   0.000000e+00   0.000000e+00
 5.115500e+02   0.000000e+00   0.000000e+00
 5.128500e+02   0.000000e+00   0.000000e+00
 5.141500e+02   0.000000e+00   0.000000e+00
 5.154500e+02   0.000000e+00   0.000000e+00
 5.167500e+02   0.000000e+00   0.000000e+00
 5.180500e+02   0.000000e+00   0.000000e+00
 5.193500e+02   0.000000e+00   0.000000e+00
 5.206500e+02   0.000000e+00   0.000000e+00
 5.219500e+02   0.000000e+00   0.000000e+00
 5.232500e+02   0.000000e+00   0.000000e+00
 5.245500e+02   0.000000e+00   0.000000e+00
 5.258500e+02   0.000000e+00   0.000000e+00
 5.271500e+02   0.000000e+00   0.000000e+00
 5.284500e+02   0.000000e+00   0.000000e+00
 5.297500e+02   0.000000e+00   0.000000e+00
 5.310500e+02   0.000000e+00   0.000000e+00
 5.323500e+02   0.000000e+00   0.000000e+00
 5.336500e+02   0.000000e+00   0.000000e+00
 5.349500e+02   0.000000e+00   0.000000e+00
 5.362500e+02   0.000000e+00   0.000000e+00
 5.375500e+02   0.000000e+00   0.000000e+00
 5.388500e+02   0.000000e+00   0.000000e+00
 5.401500e+02   0.000000e+00   0.000000e+00
 5.414500e+02   0.000000e+00   0.000000e+00
 5.427500e+02   0.000000e+00   0.000000e+00
 5.440500e+02   0.000000e+00   0.000000e+00
 5.453500e+02   0.000000e+00   0.000000e+00
 5.466500e+02   0.000000e+00   0.000000e+00
 5.479500e+02   0.000000e+00   0.000000e+00
 5.492500e+02   0.000000e+00   0.000000e+00
 5.505500e+02   0.000000e+00   0.000000e+00
 5.518500e+02   0.000000e+00   0.000000e+00
 5.531500e+02   0.000000e+00   0.000000e+00
 5.544500e+02   0.000000e+00   0.000000e+00
 5.557500e+02   0.000000e+00   0.000000e+00
 5.570500e+02   0.000000e+00   0.000000e+00
 5.583500e+02   0.000000e+00   0.000000e+00
 5.596500e+02   0.000000e+00   0.000000e+00
 5.609500e+02   0.000000e+00   0.000000e+00
 5.622500e+02   0.000000e+00   0.000000e+00
 5.635500e+02   0.000000e+00   0.000000e+00
 5.648500e+02   0.000000e+00   0.000000e+00
 5.661500e+02   0.000000e+00   0.000000e+00
 5.674500e+02   0.000000e+00   0.000000e+00
 5.687500e+02   0.000000e+00   0.000000e+00
 5.700500e+02   0.000000e+00   0.000000e+00
 5.713500e+02   0.000000e+00   0.000000e+00
 5.726500e+02   0.000000e+00   0.000000e+00
 5.739500e+02   0.000000e+00   0.000000e+00
 5.752500e+02   0.000000e+00   0.000000e+00
 5.765500e+02   0.000000e+00   0.000000e+00
 5.778500e+02   0.000000e+00   0.000000e+00
 5.791500e+02   0.000000e+00   0.000000e+00
 5.804500e+02   0.000000e+00   0.000000e+00
 5.817500e+02   0.000000e+00   0.000000e+00
 5.830500e+02   0.000000e+00   0.000000e+00
 5.843500e+02   0.000000e+00   0.000000e+00
 5.856500e+02   0.000000e+00   0.000000e+00
 5.869500e+02   0.000000e+00   0.000000e+00
 5.882500e+02   0.000000e+00   0.000000e+00
 5.895500e+02   0.000000e+00   0.000000e+00
 5.908500e+02   0.000000e+00   0.000000e+00
 5.921500e+02   0.000000e+00   0.000000e+00
 5.934500e+02   0.000000e+00   0.000000e+00
 5.947500e+02   0.000000e+00   0.000000e+00
 5.960500e+02   0.000000e+00   0.000000e+00
 5.973500e+02   0.000000e+00   0.000000e+00
 5.986500e+02   0.000000e+00   0.000000e+00
 5.999500e+02   0.000000e+00   0.000000e+00
 6.012500e+02   0.000000e+00   0.000000e+00
 6.025500e+02   0.000000e+00   0.000000e+00
 6.038500e+02   0.000000e+00   0.000000e+00
 6.051500e+02   0.000000e+00   0.000000e+00
 6.064500e+02   0.000000e+00   0.000000e+00
 6.077500e+02   0.000000e+00   0.000000e+00
 6.090500e+02   0.000000e+00   0.000000e+00
 6.103500e+02   0.000000e+00   0.000000e+00
 6.116500e+02   0.000000e+00   0.000000e+00
 6.129500e+02   0.000000e+00   0.000000e+00
 6.142500e+02   0.000000e+00   0.000000e+00
 6.155500e+02   0.000000e+00   0.000000e+00
 6.168500e+02   0.000000e+00   0.000000e+00
 6.181500e+02   0.000000e+00   0.000000e+00
 6.194500e+02   0.000000e+00   0.000000e+00
 6.207500e+02   0.000000e+00   0.000000e+00
 6.220500e+02   0.000000e+00   0.000000e+00
 6.233500e+02   0.000000e+00   0.000000e+00
 6.246500e+02   0.000000e+00   0.000000e+00
 6.259500e+02   0.000000e+00   0.000000e+00
 6.272500e+02   0.000000e+00   0.000000e+00
 6.285500e+02   0.000000e+00   0.000000e+00
 6.298500e+02   0.000000e+00   0.000000e+00
 6.311500e+02   0.000000e+00   0.000000e+00
 6.324500e+02   0.000000e+00   0.000000e+00
 6.337500e+02   0.000000e+00   0.000000e+00
 6.350500e+02   0.000000e+00   0.000000e+00
 6.363500e+02   0.000000e+00   0.000000e+00
 6.376500e+02   0.000000e+00   0.000000e+00
 6.389500e+02   0.000000e+00   0.000000e+00
 6.402500e+02   0.000000e+00   0.000000e+00
 6.415500e+02   0.000000e+00   0.000000e+00
 6.428500e+02   0.000000e+00   0.000000e+00
 6.441500e+02   0.000000e+00   0.000000e+00
 6.454500e+02   0.000000e+00   0.000000e+00
 6.467500e+02   0.000000e+00   0.000000e+00
 6.480500e+02   0.000000e+00   0.000000e+00
 6.493500e+02   0.000000e+00   0.000000e+00
 inf   0.000000e+00   0.000000e+00
