Eph_lab bin centers    value    Error 
-inf   0.000000e+00   0.000000e+00
 1.010000e+02   1.137618e-02   9.975470e-07
 3.030000e+02   3.776946e-04   5.556266e-07
 5.050000e+02   2.204065e-04   3.826206e-07
 7.070000e+02   1.562870e-04   2.763876e-07
 9.090000e+02   1.208687e-04   2.101838e-07
 1.111000e+03   9.876817e-05   2.741686e-07
 1.313000e+03   8.309823e-05   1.615657e-07
 1.515000e+03   7.195560e-05   1.704845e-07
 1.717000e+03   6.310850e-05   1.419217e-07
 1.919000e+03   5.644876e-05   1.127558e-07
 2.121000e+03   5.122283e-05   1.474931e-07
 2.323000e+03   4.653139e-05   9.919089e-08
 2.525000e+03   4.292274e-05   1.051224e-07
 2.727000e+03   3.983881e-05   8.342018e-08
 2.929000e+03   3.695911e-05   7.412945e-08
 3.131000e+03   3.467710e-05   8.438014e-08
 3.333000e+03   3.257658e-05   7.852765e-08
 3.535000e+03   3.068304e-05   1.089793e-07
 3.737000e+03   2.907394e-05   6.656886e-08
 3.939000e+03   2.780421e-05   8.642688e-08
 4.141000e+03   2.636138e-05   4.963363e-08
 4.343000e+03   2.522368e-05   6.348873e-08
 4.545000e+03   2.422770e-05   6.553968e-08
 4.747000e+03   2.336812e-05   5.251784e-08
 4.949000e+03   2.269809e-05   5.363519e-08
 5.151000e+03   2.192513e-05   4.745464e-08
 5.353000e+03   2.129124e-05   4.355659e-08
 5.555000e+03   2.071855e-05   4.054547e-08
 5.757000e+03   2.023251e-05   5.895505e-08
 5.959000e+03   1.981977e-05   4.520334e-08
 6.161000e+03   1.933121e-05   4.449974e-08
 6.363000e+03   1.888751e-05   4.009254e-08
 6.565000e+03   1.859955e-05   4.889284e-08
 6.767000e+03   1.826735e-05   3.978653e-08
 6.969000e+03   1.791668e-05   3.903035e-08
 7.171000e+03   1.765393e-05   4.092222e-08
 7.373000e+03   1.739914e-05   3.785599e-08
 7.575000e+03   1.712550e-05   4.169492e-08
 7.777000e+03   1.680360e-05   3.228981e-08
 7.979000e+03   1.667449e-05   3.746183e-08
 8.181000e+03   1.638975e-05   3.484455e-08
 8.383000e+03   1.623164e-05   3.688487e-08
 8.585000e+03   1.607976e-05   3.228432e-08
 8.787000e+03   1.585685e-05   3.031519e-08
 8.989000e+03   1.578175e-05   3.435520e-08
 9.191000e+03   1.562896e-05   3.687090e-08
 9.393000e+03   1.554166e-05   3.983621e-08
 9.595000e+03   1.549111e-05   3.756844e-08
 9.797000e+03   1.522827e-05   3.618528e-08
 9.999000e+03   1.506811e-05   3.511413e-08
 1.020100e+04   1.503273e-05   4.552975e-08
 1.040300e+04   1.495419e-05   3.186120e-08
 1.060500e+04   1.480728e-05   4.041105e-08
 1.080700e+04   1.481751e-05   4.266271e-08
 1.100900e+04   1.468306e-05   4.018637e-08
 1.121100e+04   1.462900e-05   3.124497e-08
 1.141300e+04   1.455852e-05   3.504178e-08
 1.161500e+04   1.450818e-05   3.761231e-08
 1.181700e+04   1.432150e-05   3.233614e-08
 1.201900e+04   1.441143e-05   3.815354e-08
 1.222100e+04   1.426221e-05   3.883197e-08
 1.242300e+04   1.429621e-05   3.578578e-08
 1.262500e+04   1.419701e-05   4.182371e-08
 1.282700e+04   1.415194e-05   4.039228e-08
 1.302900e+04   1.403407e-05   3.526577e-08
 1.323100e+04   1.407080e-05   3.991773e-08
 1.343300e+04   1.390037e-05   3.651059e-08
 1.363500e+04   1.389634e-05   4.336064e-08
 1.383700e+04   1.370095e-05   3.273121e-08
 1.403900e+04   1.374293e-05   4.224776e-08
 1.424100e+04   1.363275e-05   4.235205e-08
 1.444300e+04   1.361659e-05   3.658087e-08
 1.464500e+04   1.340548e-05   4.020672e-08
 1.484700e+04   1.329099e-05   3.645623e-08
 1.504900e+04   1.326743e-05   4.254033e-08
 1.525100e+04   1.320023e-05   4.545240e-08
 1.545300e+04   1.313304e-05   3.869377e-08
 1.565500e+04   1.308317e-05   3.502081e-08
 1.585700e+04   1.287438e-05   3.550259e-08
 1.605900e+04   1.298251e-05   4.394074e-08
 1.626100e+04   1.279379e-05   4.152902e-08
 1.646300e+04   1.268703e-05   4.464233e-08
 1.666500e+04   1.264485e-05   4.585890e-08
 1.686700e+04   1.267081e-05   3.530283e-08
 1.706900e+04   1.250051e-05   4.048977e-08
 1.727100e+04   1.244397e-05   4.035376e-08
 1.747300e+04   1.241191e-05   4.151902e-08
 1.767500e+04   1.229521e-05   4.124158e-08
 1.787700e+04   1.217478e-05   3.726098e-08
 1.807900e+04   1.211703e-05   4.721845e-08
 1.828100e+04   1.214506e-05   3.890251e-08
 1.848300e+04   1.205883e-05   3.645507e-08
 1.868500e+04   1.199391e-05   4.266506e-08
 1.888700e+04   1.186728e-05   3.979297e-08
 1.908900e+04   1.183864e-05   3.687830e-08
 1.929100e+04   1.173995e-05   4.071161e-08
 1.949300e+04   1.165511e-05   3.154327e-08
 1.969500e+04   1.173124e-05   4.218182e-08
 1.989700e+04   1.163350e-05   4.513703e-08
 2.009900e+04   1.155129e-05   4.129192e-08
 2.030100e+04   1.149793e-05   3.698586e-08
 2.050300e+04   1.145626e-05   5.216911e-08
 2.070500e+04   1.126298e-05   3.652788e-08
 2.090700e+04   1.127460e-05   3.376826e-08
 2.110900e+04   1.111273e-05   3.363916e-08
 2.131100e+04   1.105078e-05   4.144324e-08
 2.151300e+04   1.109967e-05   4.450436e-08
 2.171500e+04   1.092272e-05   4.091037e-08
 2.191700e+04   1.096733e-05   3.989912e-08
 2.211900e+04   1.081643e-05   4.426732e-08
 2.232100e+04   1.085951e-05   4.730044e-08
 2.252300e+04   1.070720e-05   4.746094e-08
 2.272500e+04   1.064383e-05   3.108000e-08
 2.292700e+04   1.061341e-05   4.506818e-08
 2.312900e+04   1.045772e-05   4.947547e-08
 2.333100e+04   1.045145e-05   4.170107e-08
 2.353300e+04   1.048131e-05   4.869822e-08
 2.373500e+04   1.037954e-05   4.411434e-08
 2.393700e+04   1.030011e-05   4.304298e-08
 2.413900e+04   1.017270e-05   3.713483e-08
 2.434100e+04   1.013491e-05   3.945802e-08
 2.454300e+04   1.007776e-05   4.447117e-08
 2.474500e+04   1.002953e-05   4.274286e-08
 2.494700e+04   9.981560e-06   4.200702e-08
 2.514900e+04   9.939033e-06   3.621764e-08
 2.535100e+04   9.895070e-06   4.172660e-08
 2.555300e+04   9.743399e-06   3.627779e-08
 2.575500e+04   9.662634e-06   3.575375e-08
 2.595700e+04   9.689546e-06   3.680247e-08
 2.615900e+04   9.620994e-06   4.387175e-08
 2.636100e+04   9.530571e-06   4.152663e-08
 2.656300e+04   9.528262e-06   4.666692e-08
 2.676500e+04   9.391270e-06   3.841905e-08
 2.696700e+04   9.343199e-06   3.867066e-08
 2.716900e+04   9.252862e-06   3.352904e-08
 2.737100e+04   9.240008e-06   4.227470e-08
 2.757300e+04   9.162508e-06   4.854574e-08
 2.777500e+04   9.217823e-06   4.209125e-08
 2.797700e+04   9.045838e-06   3.913275e-08
 2.817900e+04   9.073034e-06   3.980404e-08
 2.838100e+04   8.974097e-06   4.646728e-08
 2.858300e+04   8.953903e-06   3.726854e-08
 2.878500e+04   8.774980e-06   3.494518e-08
 2.898700e+04   8.812695e-06   3.977776e-08
 2.918900e+04   8.723976e-06   4.756788e-08
 2.939100e+04   8.567550e-06   6.017245e-08
 2.959300e+04   8.675742e-06   8.895083e-08
 2.979500e+04   8.408668e-06   1.353984e-07
 2.999700e+04   4.263820e-06   8.534392e-08
 3.019900e+04   0.000000e+00   0.000000e+00
 3.040100e+04   0.000000e+00   0.000000e+00
 3.060300e+04   0.000000e+00   0.000000e+00
 3.080500e+04   0.000000e+00   0.000000e+00
 3.100700e+04   0.000000e+00   0.000000e+00
 3.120900e+04   0.000000e+00   0.000000e+00
 3.141100e+04   0.000000e+00   0.000000e+00
 3.161300e+04   0.000000e+00   0.000000e+00
 3.181500e+04   0.000000e+00   0.000000e+00
 3.201700e+04   0.000000e+00   0.000000e+00
 3.221900e+04   0.000000e+00   0.000000e+00
 3.242100e+04   0.000000e+00   0.000000e+00
 3.262300e+04   0.000000e+00   0.000000e+00
 3.282500e+04   0.000000e+00   0.000000e+00
 3.302700e+04   0.000000e+00   0.000000e+00
 3.322900e+04   0.000000e+00   0.000000e+00
 3.343100e+04   0.000000e+00   0.000000e+00
 3.363300e+04   0.000000e+00   0.000000e+00
 3.383500e+04   0.000000e+00   0.000000e+00
 3.403700e+04   0.000000e+00   0.000000e+00
 3.423900e+04   0.000000e+00   0.000000e+00
 3.444100e+04   0.000000e+00   0.000000e+00
 3.464300e+04   0.000000e+00   0.000000e+00
 3.484500e+04   0.000000e+00   0.000000e+00
 3.504700e+04   0.000000e+00   0.000000e+00
 3.524900e+04   0.000000e+00   0.000000e+00
 3.545100e+04   0.000000e+00   0.000000e+00
 3.565300e+04   0.000000e+00   0.000000e+00
 3.585500e+04   0.000000e+00   0.000000e+00
 3.605700e+04   0.000000e+00   0.000000e+00
 3.625900e+04   0.000000e+00   0.000000e+00
 3.646100e+04   0.000000e+00   0.000000e+00
 3.666300e+04   0.000000e+00   0.000000e+00
 3.686500e+04   0.000000e+00   0.000000e+00
 3.706700e+04   0.000000e+00   0.000000e+00
 3.726900e+04   0.000000e+00   0.000000e+00
 3.747100e+04   0.000000e+00   0.000000e+00
 3.767300e+04   0.000000e+00   0.000000e+00
 3.787500e+04   0.000000e+00   0.000000e+00
 3.807700e+04   0.000000e+00   0.000000e+00
 3.827900e+04   0.000000e+00   0.000000e+00
 3.848100e+04   0.000000e+00   0.000000e+00
 3.868300e+04   0.000000e+00   0.000000e+00
 3.888500e+04   0.000000e+00   0.000000e+00
 3.908700e+04   0.000000e+00   0.000000e+00
 3.928900e+04   0.000000e+00   0.000000e+00
 3.949100e+04   0.000000e+00   0.000000e+00
 3.969300e+04   0.000000e+00   0.000000e+00
 3.989500e+04   0.000000e+00   0.000000e+00
 4.009700e+04   0.000000e+00   0.000000e+00
 4.029900e+04   0.000000e+00   0.000000e+00
 4.050100e+04   0.000000e+00   0.000000e+00
 4.070300e+04   0.000000e+00   0.000000e+00
 4.090500e+04   0.000000e+00   0.000000e+00
 4.110700e+04   0.000000e+00   0.000000e+00
 4.130900e+04   0.000000e+00   0.000000e+00
 4.151100e+04   0.000000e+00   0.000000e+00
 4.171300e+04   0.000000e+00   0.000000e+00
 4.191500e+04   0.000000e+00   0.000000e+00
 4.211700e+04   0.000000e+00   0.000000e+00
 4.231900e+04   0.000000e+00   0.000000e+00
 4.252100e+04   0.000000e+00   0.000000e+00
 4.272300e+04   0.000000e+00   0.000000e+00
 4.292500e+04   0.000000e+00   0.000000e+00
 4.312700e+04   0.000000e+00   0.000000e+00
 4.332900e+04   0.000000e+00   0.000000e+00
 4.353100e+04   0.000000e+00   0.000000e+00
 4.373300e+04   0.000000e+00   0.000000e+00
 4.393500e+04   0.000000e+00   0.000000e+00
 4.413700e+04   0.000000e+00   0.000000e+00
 4.433900e+04   0.000000e+00   0.000000e+00
 4.454100e+04   0.000000e+00   0.000000e+00
 4.474300e+04   0.000000e+00   0.000000e+00
 4.494500e+04   0.000000e+00   0.000000e+00
 4.514700e+04   0.000000e+00   0.000000e+00
 4.534900e+04   0.000000e+00   0.000000e+00
 4.555100e+04   0.000000e+00   0.000000e+00
 4.575300e+04   0.000000e+00   0.000000e+00
 4.595500e+04   0.000000e+00   0.000000e+00
 4.615700e+04   0.000000e+00   0.000000e+00
 4.635900e+04   0.000000e+00   0.000000e+00
 4.656100e+04   0.000000e+00   0.000000e+00
 4.676300e+04   0.000000e+00   0.000000e+00
 4.696500e+04   0.000000e+00   0.000000e+00
 4.716700e+04   0.000000e+00   0.000000e+00
 4.736900e+04   0.000000e+00   0.000000e+00
 4.757100e+04   0.000000e+00   0.000000e+00
 4.777300e+04   0.000000e+00   0.000000e+00
 4.797500e+04   0.000000e+00   0.000000e+00
 4.817700e+04   0.000000e+00   0.000000e+00
 4.837900e+04   0.000000e+00   0.000000e+00
 4.858100e+04   0.000000e+00   0.000000e+00
 4.878300e+04   0.000000e+00   0.000000e+00
 4.898500e+04   0.000000e+00   0.000000e+00
 4.918700e+04   0.000000e+00   0.000000e+00
 4.938900e+04   0.000000e+00   0.000000e+00
 4.959100e+04   0.000000e+00   0.000000e+00
 4.979300e+04   0.000000e+00   0.000000e+00
 4.999500e+04   0.000000e+00   0.000000e+00
 5.019700e+04   0.000000e+00   0.000000e+00
 5.039900e+04   0.000000e+00   0.000000e+00
 5.060100e+04   0.000000e+00   0.000000e+00
 5.080300e+04   0.000000e+00   0.000000e+00
 5.100500e+04   0.000000e+00   0.000000e+00
 5.120700e+04   0.000000e+00   0.000000e+00
 5.140900e+04   0.000000e+00   0.000000e+00
 5.161100e+04   0.000000e+00   0.000000e+00
 5.181300e+04   0.000000e+00   0.000000e+00
 5.201500e+04   0.000000e+00   0.000000e+00
 5.221700e+04   0.000000e+00   0.000000e+00
 5.241900e+04   0.000000e+00   0.000000e+00
 5.262100e+04   0.000000e+00   0.000000e+00
 5.282300e+04   0.000000e+00   0.000000e+00
 5.302500e+04   0.000000e+00   0.000000e+00
 5.322700e+04   0.000000e+00   0.000000e+00
 5.342900e+04   0.000000e+00   0.000000e+00
 5.363100e+04   0.000000e+00   0.000000e+00
 5.383300e+04   0.000000e+00   0.000000e+00
 5.403500e+04   0.000000e+00   0.000000e+00
 5.423700e+04   0.000000e+00   0.000000e+00
 5.443900e+04   0.000000e+00   0.000000e+00
 5.464100e+04   0.000000e+00   0.000000e+00
 5.484300e+04   0.000000e+00   0.000000e+00
 5.504500e+04   0.000000e+00   0.000000e+00
 5.524700e+04   0.000000e+00   0.000000e+00
 5.544900e+04   0.000000e+00   0.000000e+00
 5.565100e+04   0.000000e+00   0.000000e+00
 5.585300e+04   0.000000e+00   0.000000e+00
 5.605500e+04   0.000000e+00   0.000000e+00
 5.625700e+04   0.000000e+00   0.000000e+00
 5.645900e+04   0.000000e+00   0.000000e+00
 5.666100e+04   0.000000e+00   0.000000e+00
 5.686300e+04   0.000000e+00   0.000000e+00
 5.706500e+04   0.000000e+00   0.000000e+00
 5.726700e+04   0.000000e+00   0.000000e+00
 5.746900e+04   0.000000e+00   0.000000e+00
 5.767100e+04   0.000000e+00   0.000000e+00
 5.787300e+04   0.000000e+00   0.000000e+00
 5.807500e+04   0.000000e+00   0.000000e+00
 5.827700e+04   0.000000e+00   0.000000e+00
 5.847900e+04   0.000000e+00   0.000000e+00
 5.868100e+04   0.000000e+00   0.000000e+00
 5.888300e+04   0.000000e+00   0.000000e+00
 5.908500e+04   0.000000e+00   0.000000e+00
 5.928700e+04   0.000000e+00   0.000000e+00
 5.948900e+04   0.000000e+00   0.000000e+00
 5.969100e+04   0.000000e+00   0.000000e+00
 5.989300e+04   0.000000e+00   0.000000e+00
 6.009500e+04   0.000000e+00   0.000000e+00
 6.029700e+04   0.000000e+00   0.000000e+00
 6.049900e+04   0.000000e+00   0.000000e+00
 6.070100e+04   0.000000e+00   0.000000e+00
 6.090300e+04   0.000000e+00   0.000000e+00
 6.110500e+04   0.000000e+00   0.000000e+00
 6.130700e+04   0.000000e+00   0.000000e+00
 6.150900e+04   0.000000e+00   0.000000e+00
 6.171100e+04   0.000000e+00   0.000000e+00
 6.191300e+04   0.000000e+00   0.000000e+00
 6.211500e+04   0.000000e+00   0.000000e+00
 6.231700e+04   0.000000e+00   0.000000e+00
 6.251900e+04   0.000000e+00   0.000000e+00
 6.272100e+04   0.000000e+00   0.000000e+00
 6.292300e+04   0.000000e+00   0.000000e+00
 6.312500e+04   0.000000e+00   0.000000e+00
 6.332700e+04   0.000000e+00   0.000000e+00
 6.352900e+04   0.000000e+00   0.000000e+00
 6.373100e+04   0.000000e+00   0.000000e+00
 6.393300e+04   0.000000e+00   0.000000e+00
 6.413500e+04   0.000000e+00   0.000000e+00
 6.433700e+04   0.000000e+00   0.000000e+00
 6.453900e+04   0.000000e+00   0.000000e+00
 6.474100e+04   0.000000e+00   0.000000e+00
 6.494300e+04   0.000000e+00   0.000000e+00
 6.514500e+04   0.000000e+00   0.000000e+00
 6.534700e+04   0.000000e+00   0.000000e+00
 6.554900e+04   0.000000e+00   0.000000e+00
 6.575100e+04   0.000000e+00   0.000000e+00
 6.595300e+04   0.000000e+00   0.000000e+00
 6.615500e+04   0.000000e+00   0.000000e+00
 6.635700e+04   0.000000e+00   0.000000e+00
 6.655900e+04   0.000000e+00   0.000000e+00
 6.676100e+04   0.000000e+00   0.000000e+00
 6.696300e+04   0.000000e+00   0.000000e+00
 6.716500e+04   0.000000e+00   0.000000e+00
 6.736700e+04   0.000000e+00   0.000000e+00
 6.756900e+04   0.000000e+00   0.000000e+00
 6.777100e+04   0.000000e+00   0.000000e+00
 6.797300e+04   0.000000e+00   0.000000e+00
 6.817500e+04   0.000000e+00   0.000000e+00
 6.837700e+04   0.000000e+00   0.000000e+00
 6.857900e+04   0.000000e+00   0.000000e+00
 6.878100e+04   0.000000e+00   0.000000e+00
 6.898300e+04   0.000000e+00   0.000000e+00
 6.918500e+04   0.000000e+00   0.000000e+00
 6.938700e+04   0.000000e+00   0.000000e+00
 6.958900e+04   0.000000e+00   0.000000e+00
 6.979100e+04   0.000000e+00   0.000000e+00
 6.999300e+04   0.000000e+00   0.000000e+00
 7.019500e+04   0.000000e+00   0.000000e+00
 7.039700e+04   0.000000e+00   0.000000e+00
 7.059900e+04   0.000000e+00   0.000000e+00
 7.080100e+04   0.000000e+00   0.000000e+00
 7.100300e+04   0.000000e+00   0.000000e+00
 7.120500e+04   0.000000e+00   0.000000e+00
 7.140700e+04   0.000000e+00   0.000000e+00
 7.160900e+04   0.000000e+00   0.000000e+00
 7.181100e+04   0.000000e+00   0.000000e+00
 7.201300e+04   0.000000e+00   0.000000e+00
 7.221500e+04   0.000000e+00   0.000000e+00
 7.241700e+04   0.000000e+00   0.000000e+00
 7.261900e+04   0.000000e+00   0.000000e+00
 7.282100e+04   0.000000e+00   0.000000e+00
 7.302300e+04   0.000000e+00   0.000000e+00
 7.322500e+04   0.000000e+00   0.000000e+00
 7.342700e+04   0.000000e+00   0.000000e+00
 7.362900e+04   0.000000e+00   0.000000e+00
 7.383100e+04   0.000000e+00   0.000000e+00
 7.403300e+04   0.000000e+00   0.000000e+00
 7.423500e+04   0.000000e+00   0.000000e+00
 7.443700e+04   0.000000e+00   0.000000e+00
 7.463900e+04   0.000000e+00   0.000000e+00
 7.484100e+04   0.000000e+00   0.000000e+00
 7.504300e+04   0.000000e+00   0.000000e+00
 7.524500e+04   0.000000e+00   0.000000e+00
 7.544700e+04   0.000000e+00   0.000000e+00
 7.564900e+04   0.000000e+00   0.000000e+00
 7.585100e+04   0.000000e+00   0.000000e+00
 7.605300e+04   0.000000e+00   0.000000e+00
 7.625500e+04   0.000000e+00   0.000000e+00
 7.645700e+04   0.000000e+00   0.000000e+00
 7.665900e+04   0.000000e+00   0.000000e+00
 7.686100e+04   0.000000e+00   0.000000e+00
 7.706300e+04   0.000000e+00   0.000000e+00
 7.726500e+04   0.000000e+00   0.000000e+00
 7.746700e+04   0.000000e+00   0.000000e+00
 7.766900e+04   0.000000e+00   0.000000e+00
 7.787100e+04   0.000000e+00   0.000000e+00
 7.807300e+04   0.000000e+00   0.000000e+00
 7.827500e+04   0.000000e+00   0.000000e+00
 7.847700e+04   0.000000e+00   0.000000e+00
 7.867900e+04   0.000000e+00   0.000000e+00
 7.888100e+04   0.000000e+00   0.000000e+00
 7.908300e+04   0.000000e+00   0.000000e+00
 7.928500e+04   0.000000e+00   0.000000e+00
 7.948700e+04   0.000000e+00   0.000000e+00
 7.968900e+04   0.000000e+00   0.000000e+00
 7.989100e+04   0.000000e+00   0.000000e+00
 8.009300e+04   0.000000e+00   0.000000e+00
 8.029500e+04   0.000000e+00   0.000000e+00
 8.049700e+04   0.000000e+00   0.000000e+00
 8.069900e+04   0.000000e+00   0.000000e+00
 8.090100e+04   0.000000e+00   0.000000e+00
 8.110300e+04   0.000000e+00   0.000000e+00
 8.130500e+04   0.000000e+00   0.000000e+00
 8.150700e+04   0.000000e+00   0.000000e+00
 8.170900e+04   0.000000e+00   0.000000e+00
 8.191100e+04   0.000000e+00   0.000000e+00
 8.211300e+04   0.000000e+00   0.000000e+00
 8.231500e+04   0.000000e+00   0.000000e+00
 8.251700e+04   0.000000e+00   0.000000e+00
 8.271900e+04   0.000000e+00   0.000000e+00
 8.292100e+04   0.000000e+00   0.000000e+00
 8.312300e+04   0.000000e+00   0.000000e+00
 8.332500e+04   0.000000e+00   0.000000e+00
 8.352700e+04   0.000000e+00   0.000000e+00
 8.372900e+04   0.000000e+00   0.000000e+00
 8.393100e+04   0.000000e+00   0.000000e+00
 8.413300e+04   0.000000e+00   0.000000e+00
 8.433500e+04   0.000000e+00   0.000000e+00
 8.453700e+04   0.000000e+00   0.000000e+00
 8.473900e+04   0.000000e+00   0.000000e+00
 8.494100e+04   0.000000e+00   0.000000e+00
 8.514300e+04   0.000000e+00   0.000000e+00
 8.534500e+04   0.000000e+00   0.000000e+00
 8.554700e+04   0.000000e+00   0.000000e+00
 8.574900e+04   0.000000e+00   0.000000e+00
 8.595100e+04   0.000000e+00   0.000000e+00
 8.615300e+04   0.000000e+00   0.000000e+00
 8.635500e+04   0.000000e+00   0.000000e+00
 8.655700e+04   0.000000e+00   0.000000e+00
 8.675900e+04   0.000000e+00   0.000000e+00
 8.696100e+04   0.000000e+00   0.000000e+00
 8.716300e+04   0.000000e+00   0.000000e+00
 8.736500e+04   0.000000e+00   0.000000e+00
 8.756700e+04   0.000000e+00   0.000000e+00
 8.776900e+04   0.000000e+00   0.000000e+00
 8.797100e+04   0.000000e+00   0.000000e+00
 8.817300e+04   0.000000e+00   0.000000e+00
 8.837500e+04   0.000000e+00   0.000000e+00
 8.857700e+04   0.000000e+00   0.000000e+00
 8.877900e+04   0.000000e+00   0.000000e+00
 8.898100e+04   0.000000e+00   0.000000e+00
 8.918300e+04   0.000000e+00   0.000000e+00
 8.938500e+04   0.000000e+00   0.000000e+00
 8.958700e+04   0.000000e+00   0.000000e+00
 8.978900e+04   0.000000e+00   0.000000e+00
 8.999100e+04   0.000000e+00   0.000000e+00
 9.019300e+04   0.000000e+00   0.000000e+00
 9.039500e+04   0.000000e+00   0.000000e+00
 9.059700e+04   0.000000e+00   0.000000e+00
 9.079900e+04   0.000000e+00   0.000000e+00
 9.100100e+04   0.000000e+00   0.000000e+00
 9.120300e+04   0.000000e+00   0.000000e+00
 9.140500e+04   0.000000e+00   0.000000e+00
 9.160700e+04   0.000000e+00   0.000000e+00
 9.180900e+04   0.000000e+00   0.000000e+00
 9.201100e+04   0.000000e+00   0.000000e+00
 9.221300e+04   0.000000e+00   0.000000e+00
 9.241500e+04   0.000000e+00   0.000000e+00
 9.261700e+04   0.000000e+00   0.000000e+00
 9.281900e+04   0.000000e+00   0.000000e+00
 9.302100e+04   0.000000e+00   0.000000e+00
 9.322300e+04   0.000000e+00   0.000000e+00
 9.342500e+04   0.000000e+00   0.000000e+00
 9.362700e+04   0.000000e+00   0.000000e+00
 9.382900e+04   0.000000e+00   0.000000e+00
 9.403100e+04   0.000000e+00   0.000000e+00
 9.423300e+04   0.000000e+00   0.000000e+00
 9.443500e+04   0.000000e+00   0.000000e+00
 9.463700e+04   0.000000e+00   0.000000e+00
 9.483900e+04   0.000000e+00   0.000000e+00
 9.504100e+04   0.000000e+00   0.000000e+00
 9.524300e+04   0.000000e+00   0.000000e+00
 9.544500e+04   0.000000e+00   0.000000e+00
 9.564700e+04   0.000000e+00   0.000000e+00
 9.584900e+04   0.000000e+00   0.000000e+00
 9.605100e+04   0.000000e+00   0.000000e+00
 9.625300e+04   0.000000e+00   0.000000e+00
 9.645500e+04   0.000000e+00   0.000000e+00
 9.665700e+04   0.000000e+00   0.000000e+00
 9.685900e+04   0.000000e+00   0.000000e+00
 9.706100e+04   0.000000e+00   0.000000e+00
 9.726300e+04   0.000000e+00   0.000000e+00
 9.746500e+04   0.000000e+00   0.000000e+00
 9.766700e+04   0.000000e+00   0.000000e+00
 9.786900e+04   0.000000e+00   0.000000e+00
 9.807100e+04   0.000000e+00   0.000000e+00
 9.827300e+04   0.000000e+00   0.000000e+00
 9.847500e+04   0.000000e+00   0.000000e+00
 9.867700e+04   0.000000e+00   0.000000e+00
 9.887900e+04   0.000000e+00   0.000000e+00
 9.908100e+04   0.000000e+00   0.000000e+00
 9.928300e+04   0.000000e+00   0.000000e+00
 9.948500e+04   0.000000e+00   0.000000e+00
 9.968700e+04   0.000000e+00   0.000000e+00
 9.988900e+04   0.000000e+00   0.000000e+00
 1.000910e+05   0.000000e+00   0.000000e+00
 1.002930e+05   0.000000e+00   0.000000e+00
 1.004950e+05   0.000000e+00   0.000000e+00
 1.006970e+05   0.000000e+00   0.000000e+00
 1.008990e+05   0.000000e+00   0.000000e+00
 inf   0.000000e+00   0.000000e+00
