x5_lab bin centers    value    Error 
-inf   2.085443e-03   8.451456e-05
-1.900450e-01   2.158215e-02   1.040282e-03
-1.881350e-01   2.087749e-02   9.722565e-04
-1.862250e-01   2.131464e-02   5.659373e-04
-1.843150e-01   2.369747e-02   1.194732e-03
-1.824050e-01   2.714906e-02   2.462700e-03
-1.804950e-01   2.354435e-02   1.782331e-03
-1.785850e-01   2.632283e-02   1.391534e-03
-1.766750e-01   2.550303e-02   1.220253e-03
-1.747650e-01   2.616703e-02   7.703639e-04
-1.728550e-01   2.728254e-02   1.346764e-03
-1.709450e-01   3.607393e-02   2.764170e-03
-1.690350e-01   3.209711e-02   1.696125e-03
-1.671250e-01   3.040857e-02   1.243681e-03
-1.652150e-01   3.256339e-02   1.820060e-03
-1.633050e-01   3.170767e-02   1.186125e-03
-1.613950e-01   2.876456e-02   8.359605e-04
-1.594850e-01   3.392507e-02   1.589928e-03
-1.575750e-01   3.510603e-02   1.421730e-03
-1.556650e-01   4.092509e-02   2.129803e-03
-1.537550e-01   3.767304e-02   9.150832e-04
-1.518450e-01   3.447705e-02   9.028764e-04
-1.499350e-01   4.259517e-02   2.545006e-03
-1.480250e-01   4.102473e-02   1.705305e-03
-1.461150e-01   4.388474e-02   1.590013e-03
-1.442050e-01   4.640952e-02   1.481656e-03
-1.422950e-01   5.496290e-02   3.268008e-03
-1.403850e-01   5.349802e-02   1.906248e-03
-1.384750e-01   4.934671e-02   2.288396e-03
-1.365650e-01   5.652907e-02   2.470003e-03
-1.346550e-01   6.049981e-02   3.753116e-03
-1.327450e-01   6.885775e-02   4.531254e-03
-1.308350e-01   6.592481e-02   2.813854e-03
-1.289250e-01   6.000505e-02   1.518044e-03
-1.270150e-01   7.601166e-02   6.401375e-03
-1.251050e-01   6.873987e-02   2.136732e-03
-1.231950e-01   7.155921e-02   3.252378e-03
-1.212850e-01   6.952146e-02   1.751323e-03
-1.193750e-01   8.312907e-02   3.153606e-03
-1.174650e-01   7.739603e-02   2.456780e-03
-1.155550e-01   8.857161e-02   2.964653e-03
-1.136450e-01   8.304877e-02   2.227159e-03
-1.117350e-01   9.286333e-02   4.349346e-03
-1.098250e-01   1.026024e-01   3.905121e-03
-1.079150e-01   1.051832e-01   3.894486e-03
-1.060050e-01   1.148261e-01   5.172572e-03
-1.040950e-01   1.116915e-01   3.452041e-03
-1.021850e-01   1.368644e-01   7.062239e-03
-1.002750e-01   1.238509e-01   4.266735e-03
-9.836500e-02   1.247895e-01   5.212721e-03
-9.645500e-02   1.376217e-01   6.637660e-03
-9.454500e-02   1.270877e-01   3.210869e-03
-9.263500e-02   1.349482e-01   6.555005e-03
-9.072500e-02   1.422766e-01   4.371979e-03
-8.881500e-02   1.553994e-01   9.690309e-03
-8.690500e-02   1.512194e-01   3.856567e-03
-8.499500e-02   1.863871e-01   6.504076e-03
-8.308500e-02   2.050167e-01   1.516124e-02
-8.117500e-02   1.985579e-01   1.001354e-02
-7.926500e-02   2.256927e-01   1.808394e-02
-7.735500e-02   1.926324e-01   7.877320e-03
-7.544500e-02   2.148084e-01   1.281185e-02
-7.353500e-02   2.173462e-01   6.811843e-03
-7.162500e-02   2.433079e-01   1.428371e-02
-6.971500e-02   2.286038e-01   5.730538e-03
-6.780500e-02   2.488638e-01   1.058747e-02
-6.589500e-02   2.599265e-01   9.566920e-03
-6.398500e-02   2.970197e-01   1.871524e-02
-6.207500e-02   3.250695e-01   2.252608e-02
-6.016500e-02   3.024011e-01   1.164915e-02
-5.825500e-02   3.242871e-01   1.491485e-02
-5.634500e-02   3.548416e-01   2.154581e-02
-5.443500e-02   4.382742e-01   2.246218e-02
-5.252500e-02   4.912552e-01   4.178023e-02
-5.061500e-02   3.995632e-01   1.341933e-02
-4.870500e-02   4.494858e-01   1.978863e-02
-4.679500e-02   5.601110e-01   3.908495e-02
-4.488500e-02   5.252353e-01   1.828617e-02
-4.297500e-02   6.798700e-01   5.086988e-02
-4.106500e-02   5.746269e-01   2.171728e-02
-3.915500e-02   7.508886e-01   3.713054e-02
-3.724500e-02   7.739412e-01   3.285004e-02
-3.533500e-02   8.986430e-01   6.221364e-02
-3.342500e-02   9.624984e-01   4.717598e-02
-3.151500e-02   1.067251e+00   5.926119e-02
-2.960500e-02   1.125379e+00   8.229210e-02
-2.769500e-02   1.130408e+00   5.838498e-02
-2.578500e-02   1.228357e+00   5.956220e-02
-2.387500e-02   1.478363e+00   1.674603e-01
-2.196500e-02   1.303451e+00   4.718989e-02
-2.005500e-02   1.178578e+00   4.223104e-02
-1.814500e-02   1.323504e+00   5.077111e-02
-1.623500e-02   1.387643e+00   5.660672e-02
-1.432500e-02   1.586920e+00   1.702626e-01
-1.241500e-02   1.447568e+00   7.091212e-02
-1.050500e-02   1.621210e+00   1.273560e-01
-8.595000e-03   1.242123e+00   4.922273e-02
-6.685000e-03   1.461326e+00   7.293080e-02
-4.775000e-03   1.262442e+00   4.047242e-02
-2.865000e-03   1.157871e+00   4.143364e-02
-9.550000e-04  -6.933644e+01   5.672291e+00
 9.550000e-04   1.192004e+00   4.036292e-02
 2.865000e-03   1.399776e+00   7.371697e-02
 4.775000e-03   1.417769e+00   7.258261e-02
 6.685000e-03   1.478542e+00   8.141009e-02
 8.595000e-03   1.393322e+00   6.965068e-02
 1.050500e-02   1.375346e+00   6.164249e-02
 1.241500e-02   1.728520e+00   1.973336e-01
 1.432500e-02   1.293569e+00   5.665323e-02
 1.623500e-02   1.513565e+00   1.116284e-01
 1.814500e-02   1.230462e+00   2.809593e-02
 2.005500e-02   1.338760e+00   6.424667e-02
 2.196500e-02   1.336563e+00   7.277245e-02
 2.387500e-02   1.285115e+00   6.146838e-02
 2.578500e-02   1.261021e+00   8.382247e-02
 2.769500e-02   1.175674e+00   6.234386e-02
 2.960500e-02   9.944601e-01   3.823956e-02
 3.151500e-02   8.954726e-01   3.138257e-02
 3.342500e-02   9.527075e-01   5.690474e-02
 3.533500e-02   9.167713e-01   4.715127e-02
 3.724500e-02   7.405691e-01   3.805151e-02
 3.915500e-02   7.725154e-01   5.269827e-02
 4.106500e-02   6.722920e-01   3.229386e-02
 4.297500e-02   5.925605e-01   2.005443e-02
 4.488500e-02   5.342137e-01   1.575488e-02
 4.679500e-02   6.124034e-01   4.829435e-02
 4.870500e-02   4.696345e-01   2.568275e-02
 5.061500e-02   5.027120e-01   3.573201e-02
 5.252500e-02   4.284487e-01   2.119393e-02
 5.443500e-02   4.153903e-01   3.284485e-02
 5.634500e-02   3.616868e-01   1.611541e-02
 5.825500e-02   3.103803e-01   1.296766e-02
 6.016500e-02   2.995440e-01   8.377763e-03
 6.207500e-02   3.510406e-01   1.857615e-02
 6.398500e-02   2.631633e-01   9.602879e-03
 6.589500e-02   2.613435e-01   8.621039e-03
 6.780500e-02   2.310005e-01   8.007063e-03
 6.971500e-02   2.264615e-01   9.628423e-03
 7.162500e-02   2.575168e-01   1.867150e-02
 7.353500e-02   2.265858e-01   1.031210e-02
 7.544500e-02   2.024495e-01   8.018282e-03
 7.735500e-02   2.112440e-01   1.298263e-02
 7.926500e-02   1.862242e-01   8.282317e-03
 8.117500e-02   1.822019e-01   7.832374e-03
 8.308500e-02   1.831740e-01   1.145066e-02
 8.499500e-02   2.021405e-01   1.167503e-02
 8.690500e-02   1.625881e-01   6.241832e-03
 8.881500e-02   1.609600e-01   8.273736e-03
 9.072500e-02   1.542026e-01   7.764927e-03
 9.263500e-02   1.509042e-01   7.307339e-03
 9.454500e-02   1.225012e-01   3.575651e-03
 9.645500e-02   1.359030e-01   4.866862e-03
 9.836500e-02   1.622164e-01   1.561593e-02
 1.002750e-01   1.254046e-01   4.832738e-03
 1.021850e-01   1.088877e-01   3.955951e-03
 1.040950e-01   1.083311e-01   3.705597e-03
 1.060050e-01   1.120363e-01   4.892236e-03
 1.079150e-01   1.083026e-01   4.278012e-03
 1.098250e-01   1.056015e-01   4.956953e-03
 1.117350e-01   1.097885e-01   7.553399e-03
 1.136450e-01   1.003716e-01   6.453141e-03
 1.155550e-01   9.902687e-02   3.805480e-03
 1.174650e-01   8.969450e-02   4.036104e-03
 1.193750e-01   8.535253e-02   3.068643e-03
 1.212850e-01   8.616190e-02   4.469655e-03
 1.231950e-01   8.088449e-02   3.514563e-03
 1.251050e-01   7.244622e-02   2.746278e-03
 1.270150e-01   6.679718e-02   2.655876e-03
 1.289250e-01   6.668862e-02   2.802984e-03
 1.308350e-01   6.739505e-02   3.750199e-03
 1.327450e-01   6.076113e-02   2.277697e-03
 1.346550e-01   5.497084e-02   1.605400e-03
 1.365650e-01   5.722414e-02   2.934541e-03
 1.384750e-01   5.137689e-02   1.459869e-03
 1.403850e-01   5.216424e-02   1.957761e-03
 1.422950e-01   5.981976e-02   6.124401e-03
 1.442050e-01   5.054970e-02   1.667888e-03
 1.461150e-01   4.395541e-02   2.684473e-03
 1.480250e-01   4.521162e-02   1.989324e-03
 1.499350e-01   4.131852e-02   1.432422e-03
 1.518450e-01   4.375532e-02   2.086505e-03
 1.537550e-01   3.777224e-02   2.125887e-03
 1.556650e-01   3.857620e-02   1.376971e-03
 1.575750e-01   3.826307e-02   2.290308e-03
 1.594850e-01   3.832028e-02   3.178948e-03
 1.613950e-01   3.039793e-02   1.142498e-03
 1.633050e-01   3.333689e-02   1.812849e-03
 1.652150e-01   3.102775e-02   1.394087e-03
 1.671250e-01   3.012642e-02   1.378263e-03
 1.690350e-01   2.987835e-02   1.384547e-03
 1.709450e-01   3.197000e-02   1.872042e-03
 1.728550e-01   3.013283e-02   1.869928e-03
 1.747650e-01   2.525324e-02   9.847455e-04
 1.766750e-01   2.535474e-02   1.038781e-03
 1.785850e-01   2.262920e-02   7.076337e-04
 1.804950e-01   2.347332e-02   9.400957e-04
 1.824050e-01   2.539249e-02   1.643085e-03
 1.843150e-01   2.309486e-02   9.698894e-04
 1.862250e-01   2.154052e-02   8.929645e-04
 1.881350e-01   2.066497e-02   1.014199e-03
 1.900450e-01   2.403258e-02   1.896956e-03
 inf   2.033671e-03   7.894744e-05
