Q2_lab bin centers    value    Error 
-inf   0.000000e+00   0.000000e+00
 1.009990e+02   0.000000e+00   0.000000e+00
 3.009970e+02   0.000000e+00   0.000000e+00
 5.009950e+02   0.000000e+00   0.000000e+00
 7.009930e+02   0.000000e+00   0.000000e+00
 9.009910e+02   1.302337e-05   4.215488e-07
 1.100989e+03   2.253059e-03   1.399457e-05
 1.300987e+03   1.663238e-03   2.999799e-06
 1.500985e+03   1.281571e-03   1.745116e-06
 1.700983e+03   1.029451e-03   6.393473e-06
 1.900981e+03   8.396493e-04   1.669525e-06
 2.100979e+03   6.951852e-04   2.229252e-06
 2.300977e+03   5.899860e-04   2.888460e-06
 2.500975e+03   5.031407e-04   1.839284e-06
 2.700973e+03   4.333172e-04   2.095926e-06
 2.900971e+03   3.823774e-04   2.611434e-06
 3.100969e+03   3.339229e-04   7.926477e-07
 3.300967e+03   2.970008e-04   1.227787e-06
 3.500965e+03   2.714130e-04   4.640906e-06
 3.700963e+03   2.398572e-04   1.009110e-06
 3.900961e+03   2.149837e-04   1.142800e-06
 4.100959e+03   1.957838e-04   1.058851e-06
 4.300957e+03   1.811904e-04   9.430548e-07
 4.500955e+03   1.639181e-04   1.019058e-06
 4.700953e+03   1.511117e-04   9.496351e-07
 4.900951e+03   1.390293e-04   6.675403e-07
 5.100949e+03   1.271042e-04   1.927956e-06
 5.300947e+03   1.204096e-04   1.706728e-06
 5.500945e+03   1.110461e-04   9.981374e-07
 5.700943e+03   1.048666e-04   9.653353e-07
 5.900941e+03   9.765631e-05   6.809894e-07
 6.100939e+03   9.124216e-05   6.161300e-07
 6.300937e+03   8.609361e-05   7.221871e-07
 6.500935e+03   8.060998e-05   7.102088e-07
 6.700933e+03   7.567785e-05   1.286777e-06
 6.900931e+03   7.077295e-05   6.596495e-07
 7.100929e+03   6.600814e-05   1.751626e-06
 7.300927e+03   6.508142e-05   7.260969e-07
 7.500925e+03   6.206944e-05   7.746511e-07
 7.700923e+03   5.744852e-05   6.398263e-07
 7.900921e+03   5.564030e-05   1.061806e-06
 8.100919e+03   5.173174e-05   8.014744e-07
 8.300917e+03   5.011433e-05   6.874276e-07
 8.500915e+03   4.691832e-05   4.482830e-07
 8.700913e+03   4.757381e-05   2.807538e-06
 8.900911e+03   4.533420e-05   2.077005e-06
 9.100909e+03   3.986993e-05   2.200361e-06
 9.300907e+03   4.073966e-05   4.139958e-07
 9.500905e+03   4.032490e-05   2.611943e-06
 9.700903e+03   3.271772e-05   2.557454e-06
 9.900901e+03   3.524043e-05   5.557632e-07
 1.010090e+04   3.477411e-05   6.158068e-07
 1.030090e+04   3.174114e-05   7.618495e-07
 1.050090e+04   3.168359e-05   4.041307e-07
 1.070089e+04   3.065180e-05   4.624353e-07
 1.090089e+04   2.909050e-05   4.825863e-07
 1.110089e+04   2.842710e-05   4.559127e-07
 1.130089e+04   2.737424e-05   4.810632e-07
 1.150089e+04   2.581671e-05   3.826030e-07
 1.170088e+04   2.534526e-05   3.712750e-07
 1.190088e+04   2.489213e-05   3.202716e-07
 1.210088e+04   2.297881e-05   3.013267e-07
 1.230088e+04   2.336579e-05   6.396989e-07
 1.250088e+04   2.142275e-05   6.231991e-07
 1.270087e+04   2.166499e-05   3.042481e-07
 1.290087e+04   2.113182e-05   2.970790e-07
 1.310087e+04   2.008077e-05   3.853870e-07
 1.330087e+04   1.973216e-05   5.833873e-07
 1.350086e+04   1.985335e-05   1.388850e-06
 1.370086e+04   1.832142e-05   2.858654e-07
 1.390086e+04   1.837653e-05   3.346064e-07
 1.410086e+04   1.764672e-05   2.683650e-07
 1.430086e+04   1.667703e-05   3.001002e-07
 1.450085e+04   1.513413e-05   1.151678e-06
 1.470085e+04   1.660940e-05   4.179178e-07
 1.490085e+04   1.663343e-05   1.286626e-06
 1.510085e+04   1.489421e-05   1.534325e-07
 1.530085e+04   1.497637e-05   2.275356e-07
 1.550084e+04   1.370953e-05   3.827515e-07
 1.570084e+04   1.377700e-05   1.249040e-07
 1.590084e+04   1.355663e-05   1.525209e-07
 1.610084e+04   1.370766e-05   2.930751e-07
 1.630084e+04   1.249377e-05   5.054263e-07
 1.650083e+04   3.792421e-07   1.246044e-05
 1.670083e+04   1.207281e-05   2.247377e-07
 1.690083e+04   1.188127e-05   2.516644e-07
 1.710083e+04   1.234673e-05   5.159714e-07
 1.730083e+04   1.103237e-05   6.136465e-07
 1.750083e+04   1.244886e-05   1.494165e-06
 1.770082e+04   6.948437e-06   2.220671e-06
 1.790082e+04   1.096053e-05   7.832612e-07
 1.810082e+04   9.918783e-06   6.135286e-07
 1.830082e+04   1.001925e-05   3.262891e-07
 1.850081e+04   1.125463e-05   4.119330e-07
 1.870081e+04   1.022526e-05   4.386897e-07
 1.890081e+04   1.035518e-05   1.100160e-06
 1.910081e+04   9.243570e-06   1.135503e-06
 1.930081e+04   8.000135e-06   1.241343e-06
 1.950081e+04   8.207955e-06   7.259704e-07
 1.970080e+04   8.222549e-06   6.149199e-07
 1.990080e+04   8.338787e-06   7.615333e-07
 2.010080e+04   8.797044e-06   4.354113e-07
 2.030080e+04   7.283635e-06   4.785635e-07
 2.050079e+04   8.703052e-06   1.097139e-06
 2.070079e+04   7.442208e-06   1.233606e-06
 2.090079e+04   7.599668e-06   5.628866e-07
 2.110079e+04   9.832165e-06   1.189632e-06
 2.130079e+04   5.956740e-06   9.941396e-07
 2.150078e+04   9.071968e-06   1.473172e-06
 2.170078e+04   5.332872e-06   1.426204e-06
 2.190078e+04   7.579434e-06   7.652431e-07
 2.210078e+04   6.837700e-06   4.417865e-07
 2.230078e+04   7.055148e-06   5.026945e-07
 2.250078e+04   2.137233e-05   1.274397e-05
 2.270077e+04   6.342618e-06   9.186443e-07
 2.290077e+04   6.152737e-06   9.866425e-07
 2.310077e+04  -6.317930e-06   1.425834e-05
 2.330077e+04   4.355330e-06   2.305732e-06
 2.350076e+04   6.467917e-06   1.712066e-06
 2.370076e+04   4.794986e-06   1.175210e-06
 2.390076e+04   6.315264e-06   2.744480e-07
 2.410076e+04   6.024912e-06   9.120435e-07
 2.430076e+04   5.243825e-06   8.132324e-07
 2.450076e+04   6.751033e-06   1.064862e-06
 2.470075e+04   6.669775e-06   6.781497e-07
 2.490075e+04   4.632490e-06   6.406821e-07
 2.510075e+04   5.637505e-06   6.512531e-07
 2.530075e+04   5.497652e-06   5.021899e-07
 2.550074e+04   4.884861e-06   8.141818e-07
 2.570074e+04   5.278804e-06   6.041939e-07
 2.590074e+04   4.252798e-06   6.567628e-07
 2.610074e+04   5.637804e-06   7.801842e-07
 2.630074e+04   8.518131e-06   4.120968e-06
 2.650074e+04   2.713905e-06   2.344482e-06
 2.670073e+04   3.596879e-06   1.688349e-06
 2.690073e+04   3.920979e-06   6.014103e-07
 2.710073e+04   5.096388e-06   8.089260e-07
 2.730073e+04   4.747069e-06   1.227038e-06
 2.750072e+04   4.111050e-06   6.459576e-07
 2.770072e+04   2.855075e-06   1.760415e-06
 2.790072e+04   3.347970e-06   5.581040e-07
 2.810072e+04   5.503316e-06   1.091140e-06
 2.830072e+04   4.230383e-06   7.715047e-07
 2.850072e+04   2.722488e-06   1.254238e-06
 2.870071e+04   3.382662e-06   7.305316e-07
 2.890071e+04   8.196574e-06   3.750720e-06
 2.910071e+04   3.083358e-07   3.316998e-06
 2.930071e+04   3.668534e-06   5.001587e-07
 2.950071e+04   3.406536e-06   2.595855e-07
 2.970070e+04   3.938307e-06   7.528438e-07
 2.990070e+04   4.315531e-06   7.664794e-07
 3.010070e+04   5.440555e-06   2.793475e-06
 3.030070e+04   3.620085e-06   9.318257e-07
 3.050069e+04   3.418185e-06   6.892517e-07
 3.070069e+04   1.186280e-06   2.585235e-06
 3.090069e+04   1.950821e-06   9.881163e-07
 3.110069e+04   2.211204e-06   4.211888e-07
 3.130069e+04   3.077576e-06   4.442313e-07
 3.150069e+04   3.921661e-06   1.154988e-06
 3.170068e+04   1.109876e-05   7.174138e-06
 3.190068e+04  -3.977795e-06   8.288457e-06
 3.210068e+04   1.825914e-06   1.092822e-06
 3.230068e+04   5.105538e-06   2.324008e-06
 3.250067e+04  -3.865261e-07   2.938120e-06
 3.270067e+04   2.654816e-06   2.552349e-07
 3.290067e+04   2.402253e-06   5.076764e-07
 3.310067e+04   1.596048e-06   4.114879e-07
 3.330067e+04   2.443950e-06   3.682434e-07
 3.350067e+04   2.838554e-06   3.774479e-07
 3.370066e+04   9.197058e-06   6.078111e-06
 3.390066e+04   1.860350e-06   4.641711e-07
 3.410066e+04  -4.923493e-06   5.902995e-06
 3.430066e+04   2.499003e-06   1.789536e-06
 3.450065e+04   2.161663e-06   3.847941e-07
 3.470065e+04   3.914677e-07   1.631657e-06
 3.490065e+04   2.924636e-06   7.437074e-07
 3.510065e+04   1.623729e-06   2.599629e-07
 3.530065e+04   1.551757e-06   3.817074e-07
 3.550064e+04   2.855209e-06   1.071664e-06
 3.570064e+04   1.290201e-06   7.287978e-07
 3.590064e+04   2.953564e-06   5.673961e-07
 3.610064e+04   1.170961e-06   4.604458e-07
 3.630064e+04   2.355243e-06   7.732977e-07
 3.650064e+04   3.483731e-07   9.629748e-07
 3.670063e+04   1.014879e-06   8.118221e-07
 3.690063e+04   2.083903e-06   5.828121e-07
 3.710063e+04   2.785330e-06   1.117394e-06
 3.730063e+04   2.265966e-06   8.889732e-07
 3.750062e+04  -2.233626e-07   1.038513e-06
 3.770062e+04   1.317178e-06   5.663912e-07
 3.790062e+04   8.932569e-07   3.987652e-07
 3.810062e+04   2.002710e-06   7.781957e-07
 3.830062e+04   3.663652e-06   1.991982e-06
 3.850061e+04   4.194639e-07   1.858840e-06
 3.870061e+04  -4.483714e-07   1.262237e-06
 3.890061e+04   3.432152e-07   4.711835e-07
 3.910061e+04   2.411922e-06   1.062404e-06
 3.930061e+04  -2.618137e-08   5.926182e-07
 3.950061e+04   1.497367e-07   4.626503e-07
 3.970060e+04   5.405717e-07   5.044204e-07
 3.990060e+04  -7.257952e-07   5.678536e-07
 4.010060e+04   0.000000e+00   0.000000e+00
 4.030060e+04   0.000000e+00   0.000000e+00
 4.050060e+04   0.000000e+00   0.000000e+00
 4.070059e+04   0.000000e+00   0.000000e+00
 4.090059e+04   0.000000e+00   0.000000e+00
 4.110059e+04   0.000000e+00   0.000000e+00
 4.130059e+04   0.000000e+00   0.000000e+00
 4.150058e+04   0.000000e+00   0.000000e+00
 4.170058e+04   0.000000e+00   0.000000e+00
 4.190058e+04   0.000000e+00   0.000000e+00
 4.210058e+04   0.000000e+00   0.000000e+00
 4.230058e+04   0.000000e+00   0.000000e+00
 4.250057e+04   0.000000e+00   0.000000e+00
 4.270057e+04   0.000000e+00   0.000000e+00
 4.290057e+04   0.000000e+00   0.000000e+00
 4.310057e+04   0.000000e+00   0.000000e+00
 4.330057e+04   0.000000e+00   0.000000e+00
 4.350057e+04   0.000000e+00   0.000000e+00
 4.370056e+04   0.000000e+00   0.000000e+00
 4.390056e+04   0.000000e+00   0.000000e+00
 4.410056e+04   0.000000e+00   0.000000e+00
 4.430056e+04   0.000000e+00   0.000000e+00
 4.450056e+04   0.000000e+00   0.000000e+00
 4.470055e+04   0.000000e+00   0.000000e+00
 4.490055e+04   0.000000e+00   0.000000e+00
 4.510055e+04   0.000000e+00   0.000000e+00
 4.530055e+04   0.000000e+00   0.000000e+00
 4.550054e+04   0.000000e+00   0.000000e+00
 4.570054e+04   0.000000e+00   0.000000e+00
 4.590054e+04   0.000000e+00   0.000000e+00
 4.610054e+04   0.000000e+00   0.000000e+00
 4.630054e+04   0.000000e+00   0.000000e+00
 4.650054e+04   0.000000e+00   0.000000e+00
 4.670053e+04   0.000000e+00   0.000000e+00
 4.690053e+04   0.000000e+00   0.000000e+00
 4.710053e+04   0.000000e+00   0.000000e+00
 4.730053e+04   0.000000e+00   0.000000e+00
 4.750053e+04   0.000000e+00   0.000000e+00
 4.770052e+04   0.000000e+00   0.000000e+00
 4.790052e+04   0.000000e+00   0.000000e+00
 4.810052e+04   0.000000e+00   0.000000e+00
 4.830052e+04   0.000000e+00   0.000000e+00
 4.850051e+04   0.000000e+00   0.000000e+00
 4.870051e+04   0.000000e+00   0.000000e+00
 4.890051e+04   0.000000e+00   0.000000e+00
 4.910051e+04   0.000000e+00   0.000000e+00
 4.930051e+04   0.000000e+00   0.000000e+00
 4.950050e+04   0.000000e+00   0.000000e+00
 4.970050e+04   0.000000e+00   0.000000e+00
 4.990050e+04   0.000000e+00   0.000000e+00
 5.010050e+04   0.000000e+00   0.000000e+00
 5.030050e+04   0.000000e+00   0.000000e+00
 5.050050e+04   0.000000e+00   0.000000e+00
 5.070049e+04   0.000000e+00   0.000000e+00
 5.090049e+04   0.000000e+00   0.000000e+00
 5.110049e+04   0.000000e+00   0.000000e+00
 5.130049e+04   0.000000e+00   0.000000e+00
 5.150049e+04   0.000000e+00   0.000000e+00
 5.170048e+04   0.000000e+00   0.000000e+00
 5.190048e+04   0.000000e+00   0.000000e+00
 5.210048e+04   0.000000e+00   0.000000e+00
 5.230048e+04   0.000000e+00   0.000000e+00
 5.250047e+04   0.000000e+00   0.000000e+00
 5.270047e+04   0.000000e+00   0.000000e+00
 5.290047e+04   0.000000e+00   0.000000e+00
 5.310047e+04   0.000000e+00   0.000000e+00
 5.330047e+04   0.000000e+00   0.000000e+00
 5.350046e+04   0.000000e+00   0.000000e+00
 5.370046e+04   0.000000e+00   0.000000e+00
 5.390046e+04   0.000000e+00   0.000000e+00
 5.410046e+04   0.000000e+00   0.000000e+00
 5.430046e+04   0.000000e+00   0.000000e+00
 5.450046e+04   0.000000e+00   0.000000e+00
 5.470045e+04   0.000000e+00   0.000000e+00
 5.490045e+04   0.000000e+00   0.000000e+00
 5.510045e+04   0.000000e+00   0.000000e+00
 5.530045e+04   0.000000e+00   0.000000e+00
 5.550044e+04   0.000000e+00   0.000000e+00
 5.570044e+04   0.000000e+00   0.000000e+00
 5.590044e+04   0.000000e+00   0.000000e+00
 5.610044e+04   0.000000e+00   0.000000e+00
 5.630044e+04   0.000000e+00   0.000000e+00
 5.650043e+04   0.000000e+00   0.000000e+00
 5.670043e+04   0.000000e+00   0.000000e+00
 5.690043e+04   0.000000e+00   0.000000e+00
 5.710043e+04   0.000000e+00   0.000000e+00
 5.730043e+04   0.000000e+00   0.000000e+00
 5.750043e+04   0.000000e+00   0.000000e+00
 5.770042e+04   0.000000e+00   0.000000e+00
 5.790042e+04   0.000000e+00   0.000000e+00
 5.810042e+04   0.000000e+00   0.000000e+00
 5.830042e+04   0.000000e+00   0.000000e+00
 5.850042e+04   0.000000e+00   0.000000e+00
 5.870041e+04   0.000000e+00   0.000000e+00
 5.890041e+04   0.000000e+00   0.000000e+00
 5.910041e+04   0.000000e+00   0.000000e+00
 5.930041e+04   0.000000e+00   0.000000e+00
 5.950040e+04   0.000000e+00   0.000000e+00
 5.970040e+04   0.000000e+00   0.000000e+00
 5.990040e+04   0.000000e+00   0.000000e+00
 6.010040e+04   0.000000e+00   0.000000e+00
 6.030040e+04   0.000000e+00   0.000000e+00
 6.050039e+04   0.000000e+00   0.000000e+00
 6.070039e+04   0.000000e+00   0.000000e+00
 6.090039e+04   0.000000e+00   0.000000e+00
 6.110039e+04   0.000000e+00   0.000000e+00
 6.130039e+04   0.000000e+00   0.000000e+00
 6.150039e+04   0.000000e+00   0.000000e+00
 6.170038e+04   0.000000e+00   0.000000e+00
 6.190038e+04   0.000000e+00   0.000000e+00
 6.210038e+04   0.000000e+00   0.000000e+00
 6.230038e+04   0.000000e+00   0.000000e+00
 6.250038e+04   0.000000e+00   0.000000e+00
 6.270037e+04   0.000000e+00   0.000000e+00
 6.290037e+04   0.000000e+00   0.000000e+00
 6.310037e+04   0.000000e+00   0.000000e+00
 6.330037e+04   0.000000e+00   0.000000e+00
 6.350036e+04   0.000000e+00   0.000000e+00
 6.370036e+04   0.000000e+00   0.000000e+00
 6.390036e+04   0.000000e+00   0.000000e+00
 6.410036e+04   0.000000e+00   0.000000e+00
 6.430036e+04   0.000000e+00   0.000000e+00
 6.450036e+04   0.000000e+00   0.000000e+00
 6.470035e+04   0.000000e+00   0.000000e+00
 6.490035e+04   0.000000e+00   0.000000e+00
 6.510035e+04   0.000000e+00   0.000000e+00
 6.530035e+04   0.000000e+00   0.000000e+00
 6.550035e+04   0.000000e+00   0.000000e+00
 6.570034e+04   0.000000e+00   0.000000e+00
 6.590034e+04   0.000000e+00   0.000000e+00
 6.610034e+04   0.000000e+00   0.000000e+00
 6.630034e+04   0.000000e+00   0.000000e+00
 6.650034e+04   0.000000e+00   0.000000e+00
 6.670033e+04   0.000000e+00   0.000000e+00
 6.690033e+04   0.000000e+00   0.000000e+00
 6.710033e+04   0.000000e+00   0.000000e+00
 6.730033e+04   0.000000e+00   0.000000e+00
 6.750032e+04   0.000000e+00   0.000000e+00
 6.770032e+04   0.000000e+00   0.000000e+00
 6.790032e+04   0.000000e+00   0.000000e+00
 6.810032e+04   0.000000e+00   0.000000e+00
 6.830032e+04   0.000000e+00   0.000000e+00
 6.850032e+04   0.000000e+00   0.000000e+00
 6.870031e+04   0.000000e+00   0.000000e+00
 6.890031e+04   0.000000e+00   0.000000e+00
 6.910031e+04   0.000000e+00   0.000000e+00
 6.930031e+04   0.000000e+00   0.000000e+00
 6.950030e+04   0.000000e+00   0.000000e+00
 6.970030e+04   0.000000e+00   0.000000e+00
 6.990030e+04   0.000000e+00   0.000000e+00
 7.010030e+04   0.000000e+00   0.000000e+00
 7.030030e+04   0.000000e+00   0.000000e+00
 7.050029e+04   0.000000e+00   0.000000e+00
 7.070029e+04   0.000000e+00   0.000000e+00
 7.090029e+04   0.000000e+00   0.000000e+00
 7.110029e+04   0.000000e+00   0.000000e+00
 7.130029e+04   0.000000e+00   0.000000e+00
 7.150029e+04   0.000000e+00   0.000000e+00
 7.170028e+04   0.000000e+00   0.000000e+00
 7.190028e+04   0.000000e+00   0.000000e+00
 7.210028e+04   0.000000e+00   0.000000e+00
 7.230028e+04   0.000000e+00   0.000000e+00
 7.250027e+04   0.000000e+00   0.000000e+00
 7.270027e+04   0.000000e+00   0.000000e+00
 7.290027e+04   0.000000e+00   0.000000e+00
 7.310027e+04   0.000000e+00   0.000000e+00
 7.330027e+04   0.000000e+00   0.000000e+00
 7.350026e+04   0.000000e+00   0.000000e+00
 7.370026e+04   0.000000e+00   0.000000e+00
 7.390026e+04   0.000000e+00   0.000000e+00
 7.410026e+04   0.000000e+00   0.000000e+00
 7.430026e+04   0.000000e+00   0.000000e+00
 7.450026e+04   0.000000e+00   0.000000e+00
 7.470025e+04   0.000000e+00   0.000000e+00
 7.490025e+04   0.000000e+00   0.000000e+00
 7.510025e+04   0.000000e+00   0.000000e+00
 7.530025e+04   0.000000e+00   0.000000e+00
 7.550024e+04   0.000000e+00   0.000000e+00
 7.570024e+04   0.000000e+00   0.000000e+00
 7.590024e+04   0.000000e+00   0.000000e+00
 7.610024e+04   0.000000e+00   0.000000e+00
 7.630024e+04   0.000000e+00   0.000000e+00
 7.650024e+04   0.000000e+00   0.000000e+00
 7.670023e+04   0.000000e+00   0.000000e+00
 7.690023e+04   0.000000e+00   0.000000e+00
 7.710023e+04   0.000000e+00   0.000000e+00
 7.730023e+04   0.000000e+00   0.000000e+00
 7.750023e+04   0.000000e+00   0.000000e+00
 7.770022e+04   0.000000e+00   0.000000e+00
 7.790022e+04   0.000000e+00   0.000000e+00
 7.810022e+04   0.000000e+00   0.000000e+00
 7.830022e+04   0.000000e+00   0.000000e+00
 7.850021e+04   0.000000e+00   0.000000e+00
 7.870021e+04   0.000000e+00   0.000000e+00
 7.890021e+04   0.000000e+00   0.000000e+00
 7.910021e+04   0.000000e+00   0.000000e+00
 7.930021e+04   0.000000e+00   0.000000e+00
 7.950021e+04   0.000000e+00   0.000000e+00
 7.970020e+04   0.000000e+00   0.000000e+00
 7.990020e+04   0.000000e+00   0.000000e+00
 8.010020e+04   0.000000e+00   0.000000e+00
 8.030020e+04   0.000000e+00   0.000000e+00
 8.050020e+04   0.000000e+00   0.000000e+00
 8.070019e+04   0.000000e+00   0.000000e+00
 8.090019e+04   0.000000e+00   0.000000e+00
 8.110019e+04   0.000000e+00   0.000000e+00
 8.130019e+04   0.000000e+00   0.000000e+00
 8.150018e+04   0.000000e+00   0.000000e+00
 8.170018e+04   0.000000e+00   0.000000e+00
 8.190018e+04   0.000000e+00   0.000000e+00
 8.210018e+04   0.000000e+00   0.000000e+00
 8.230018e+04   0.000000e+00   0.000000e+00
 8.250018e+04   0.000000e+00   0.000000e+00
 8.270017e+04   0.000000e+00   0.000000e+00
 8.290017e+04   0.000000e+00   0.000000e+00
 8.310017e+04   0.000000e+00   0.000000e+00
 8.330017e+04   0.000000e+00   0.000000e+00
 8.350016e+04   0.000000e+00   0.000000e+00
 8.370016e+04   0.000000e+00   0.000000e+00
 8.390016e+04   0.000000e+00   0.000000e+00
 8.410016e+04   0.000000e+00   0.000000e+00
 8.430016e+04   0.000000e+00   0.000000e+00
 8.450015e+04   0.000000e+00   0.000000e+00
 8.470015e+04   0.000000e+00   0.000000e+00
 8.490015e+04   0.000000e+00   0.000000e+00
 8.510015e+04   0.000000e+00   0.000000e+00
 8.530015e+04   0.000000e+00   0.000000e+00
 8.550015e+04   0.000000e+00   0.000000e+00
 8.570014e+04   0.000000e+00   0.000000e+00
 8.590014e+04   0.000000e+00   0.000000e+00
 8.610014e+04   0.000000e+00   0.000000e+00
 8.630014e+04   0.000000e+00   0.000000e+00
 8.650013e+04   0.000000e+00   0.000000e+00
 8.670013e+04   0.000000e+00   0.000000e+00
 8.690013e+04   0.000000e+00   0.000000e+00
 8.710013e+04   0.000000e+00   0.000000e+00
 8.730013e+04   0.000000e+00   0.000000e+00
 8.750012e+04   0.000000e+00   0.000000e+00
 8.770012e+04   0.000000e+00   0.000000e+00
 8.790012e+04   0.000000e+00   0.000000e+00
 8.810012e+04   0.000000e+00   0.000000e+00
 8.830012e+04   0.000000e+00   0.000000e+00
 8.850012e+04   0.000000e+00   0.000000e+00
 8.870011e+04   0.000000e+00   0.000000e+00
 8.890011e+04   0.000000e+00   0.000000e+00
 8.910011e+04   0.000000e+00   0.000000e+00
 8.930011e+04   0.000000e+00   0.000000e+00
 8.950010e+04   0.000000e+00   0.000000e+00
 8.970010e+04   0.000000e+00   0.000000e+00
 8.990010e+04   0.000000e+00   0.000000e+00
 9.010010e+04   0.000000e+00   0.000000e+00
 9.030010e+04   0.000000e+00   0.000000e+00
 9.050010e+04   0.000000e+00   0.000000e+00
 9.070009e+04   0.000000e+00   0.000000e+00
 9.090009e+04   0.000000e+00   0.000000e+00
 9.110009e+04   0.000000e+00   0.000000e+00
 9.130009e+04   0.000000e+00   0.000000e+00
 9.150009e+04   0.000000e+00   0.000000e+00
 9.170008e+04   0.000000e+00   0.000000e+00
 9.190008e+04   0.000000e+00   0.000000e+00
 9.210008e+04   0.000000e+00   0.000000e+00
 9.230008e+04   0.000000e+00   0.000000e+00
 9.250007e+04   0.000000e+00   0.000000e+00
 9.270007e+04   0.000000e+00   0.000000e+00
 9.290007e+04   0.000000e+00   0.000000e+00
 9.310007e+04   0.000000e+00   0.000000e+00
 9.330007e+04   0.000000e+00   0.000000e+00
 9.350007e+04   0.000000e+00   0.000000e+00
 9.370006e+04   0.000000e+00   0.000000e+00
 9.390006e+04   0.000000e+00   0.000000e+00
 9.410006e+04   0.000000e+00   0.000000e+00
 9.430006e+04   0.000000e+00   0.000000e+00
 9.450005e+04   0.000000e+00   0.000000e+00
 9.470005e+04   0.000000e+00   0.000000e+00
 9.490005e+04   0.000000e+00   0.000000e+00
 9.510005e+04   0.000000e+00   0.000000e+00
 9.530005e+04   0.000000e+00   0.000000e+00
 9.550004e+04   0.000000e+00   0.000000e+00
 9.570004e+04   0.000000e+00   0.000000e+00
 9.590004e+04   0.000000e+00   0.000000e+00
 9.610004e+04   0.000000e+00   0.000000e+00
 9.630004e+04   0.000000e+00   0.000000e+00
 9.650004e+04   0.000000e+00   0.000000e+00
 9.670003e+04   0.000000e+00   0.000000e+00
 9.690003e+04   0.000000e+00   0.000000e+00
 9.710003e+04   0.000000e+00   0.000000e+00
 9.730003e+04   0.000000e+00   0.000000e+00
 9.750002e+04   0.000000e+00   0.000000e+00
 9.770002e+04   0.000000e+00   0.000000e+00
 9.790002e+04   0.000000e+00   0.000000e+00
 9.810002e+04   0.000000e+00   0.000000e+00
 9.830002e+04   0.000000e+00   0.000000e+00
 9.850001e+04   0.000000e+00   0.000000e+00
 9.870001e+04   0.000000e+00   0.000000e+00
 9.890001e+04   0.000000e+00   0.000000e+00
 9.910001e+04   0.000000e+00   0.000000e+00
 9.930001e+04   0.000000e+00   0.000000e+00
 9.950001e+04   0.000000e+00   0.000000e+00
 9.970000e+04   0.000000e+00   0.000000e+00
 9.990000e+04   0.000000e+00   0.000000e+00
 inf   0.000000e+00   0.000000e+00
