costh3_lab bin centers    value    Error 
-inf   0.000000e+00   0.000000e+00
 9.999980e-01   4.123125e+04   2.902504e+03
 9.999980e-01   4.559575e+04   2.963299e+03
 9.999980e-01   4.337050e+04   4.582644e+03
 9.999980e-01   4.127353e+04   3.097794e+03
 9.999980e-01   4.651755e+04   3.971572e+03
 9.999980e-01   4.441003e+04   3.803472e+03
 9.999980e-01   5.020058e+04   2.977301e+03
 9.999980e-01   5.141184e+04   2.691922e+03
 9.999980e-01   5.395862e+04   3.557483e+03
 9.999980e-01   4.431427e+04   3.747269e+03
 9.999981e-01   4.130896e+04   4.106747e+03
 9.999981e-01   5.579149e+04   9.808490e+03
 9.999981e-01   3.756747e+04   5.451588e+03
 9.999981e-01   4.931733e+04   4.303865e+03
 9.999981e-01   4.807507e+04   2.941688e+03
 9.999981e-01   4.363449e+04   5.414955e+03
 9.999981e-01   5.434673e+04   3.850364e+03
 9.999981e-01   4.646903e+04   3.282569e+03
 9.999981e-01   4.801958e+04   2.944697e+03
 9.999981e-01   5.274167e+04   2.700987e+03
 9.999981e-01   4.860658e+04   2.031104e+03
 9.999981e-01   4.486194e+04   3.062801e+03
 9.999981e-01   4.725199e+04   5.385056e+03
 9.999981e-01   4.725136e+04   2.650278e+03
 9.999981e-01   5.365688e+04   5.664482e+03
 9.999981e-01   5.902436e+04   5.018814e+03
 9.999981e-01   4.586146e+04   3.119746e+03
 9.999981e-01   5.537751e+04   3.463448e+03
 9.999981e-01   4.961953e+04   2.276271e+03
 9.999981e-01   5.917237e+04   5.802112e+03
 9.999982e-01   5.388767e+04   3.124046e+03
 9.999982e-01   5.806973e+04   4.769253e+03
 9.999982e-01   4.798864e+04   4.487845e+03
 9.999982e-01   4.508035e+04   4.906547e+03
 9.999982e-01   4.968202e+04   2.932497e+03
 9.999982e-01   5.961788e+04   3.038359e+03
 9.999982e-01   5.605347e+04   4.380440e+03
 9.999982e-01   6.536753e+04   4.654794e+03
 9.999982e-01   4.529130e+04   1.705659e+03
 9.999982e-01   5.260698e+04   2.478407e+03
 9.999982e-01   5.701132e+04   3.758717e+03
 9.999982e-01   5.534441e+04   4.693764e+03
 9.999982e-01   5.639204e+04   3.983778e+03
 9.999982e-01   6.016858e+04   2.926692e+03
 9.999982e-01   5.982398e+04   3.500046e+03
 9.999982e-01   5.653649e+04   2.754882e+03
 9.999982e-01   5.594178e+04   4.398819e+03
 9.999982e-01   5.665552e+04   2.879116e+03
 9.999982e-01   5.045694e+04   3.564275e+03
 9.999982e-01   5.900483e+04   3.814342e+03
 9.999983e-01   5.662102e+04   2.867868e+03
 9.999983e-01   5.826044e+04   3.502426e+03
 9.999983e-01   5.436891e+04   3.615823e+03
 9.999983e-01   7.229291e+04   3.138521e+03
 9.999983e-01   5.951040e+04   3.614900e+03
 9.999983e-01   5.593217e+04   3.864752e+03
 9.999983e-01   6.138236e+04   4.307007e+03
 9.999983e-01   6.389506e+04   4.844731e+03
 9.999983e-01   5.323586e+04   4.367010e+03
 9.999983e-01   6.566626e+04   4.023789e+03
 9.999983e-01   4.827672e+04   9.131480e+03
 9.999983e-01   6.662854e+04   4.711424e+03
 9.999983e-01   6.800805e+04   4.020363e+03
 9.999983e-01   6.423298e+04   5.401050e+03
 9.999983e-01   6.123135e+04   3.484941e+03
 9.999983e-01   6.235399e+04   3.220898e+03
 9.999983e-01   7.490188e+04   6.562395e+03
 9.999983e-01   6.431479e+04   3.847293e+03
 9.999983e-01   6.659862e+04   4.002364e+03
 9.999983e-01   7.427653e+04   7.931370e+03
 9.999984e-01   6.578125e+04   2.811059e+03
 9.999984e-01   6.640461e+04   3.532531e+03
 9.999984e-01   7.865938e+04   4.858995e+03
 9.999984e-01   6.080241e+04   5.855589e+03
 9.999984e-01   7.274823e+04   3.186844e+03
 9.999984e-01   6.500156e+04   3.303464e+03
 9.999984e-01   7.196822e+04   5.676950e+03
 9.999984e-01   7.608347e+04   3.346491e+03
 9.999984e-01   6.925563e+04   3.395011e+03
 9.999984e-01   6.452017e+04   1.904871e+03
 9.999984e-01   6.929120e+04   2.301348e+03
 9.999984e-01   6.858528e+04   3.359320e+03
 9.999984e-01   6.309559e+04   3.399872e+03
 9.999984e-01   7.582096e+04   3.158903e+03
 9.999984e-01   7.216534e+04   2.863594e+03
 9.999984e-01   7.161429e+04   2.983304e+03
 9.999984e-01   7.479855e+04   3.968851e+03
 9.999984e-01   6.648899e+04   3.806139e+03
 9.999984e-01   6.380051e+04   3.084181e+03
 9.999984e-01   8.044993e+04   3.844023e+03
 9.999985e-01   7.158651e+04   3.914747e+03
 9.999985e-01   6.921963e+04   1.942395e+03
 9.999985e-01   7.564539e+04   3.283548e+03
 9.999985e-01   7.427629e+04   4.862923e+03
 9.999985e-01   7.838607e+04   4.568614e+03
 9.999985e-01   7.096174e+04   8.489638e+03
 9.999985e-01   7.199760e+04   3.789731e+03
 9.999985e-01   8.020431e+04   3.365464e+03
 9.999985e-01   7.345078e+04   4.603792e+03
 9.999985e-01   7.093258e+04   5.343741e+03
 9.999985e-01   8.433596e+04   2.503216e+03
 9.999985e-01   8.200639e+04   2.889977e+03
 9.999985e-01   9.220962e+04   6.021219e+03
 9.999985e-01   8.686738e+04   5.346517e+03
 9.999985e-01   8.801794e+04   4.341547e+03
 9.999985e-01   7.459278e+04   4.543560e+03
 9.999985e-01   7.969689e+04   4.185055e+03
 9.999985e-01   7.841527e+04   4.970319e+03
 9.999985e-01   8.711486e+04   3.865233e+03
 9.999985e-01   9.058556e+04   4.697112e+03
 9.999986e-01   8.209451e+04   3.303605e+03
 9.999986e-01   8.297449e+04   5.373971e+03
 9.999986e-01   8.743147e+04   4.117886e+03
 9.999986e-01   9.156725e+04   2.984624e+03
 9.999986e-01   9.242231e+04   3.877537e+03
 9.999986e-01   7.841365e+04   8.624314e+03
 9.999986e-01   8.825910e+04   2.790819e+03
 9.999986e-01   1.081867e+05   5.933199e+03
 9.999986e-01   8.271547e+04   4.662807e+03
 9.999986e-01   9.718646e+04   4.825206e+03
 9.999986e-01   9.059875e+04   3.548517e+03
 9.999986e-01   8.896450e+04   2.332874e+03
 9.999986e-01   9.449860e+04   3.715336e+03
 9.999986e-01   9.492471e+04   2.212478e+03
 9.999986e-01   9.900720e+04   4.383229e+03
 9.999986e-01   9.852001e+04   4.823435e+03
 9.999986e-01   9.349676e+04   3.339052e+03
 9.999986e-01   1.018811e+05   5.201131e+03
 9.999986e-01   1.032598e+05   3.518618e+03
 9.999986e-01   9.531846e+04   4.451082e+03
 9.999987e-01   1.047578e+05   3.600688e+03
 9.999987e-01   9.713362e+04   3.642109e+03
 9.999987e-01   1.035764e+05   5.381220e+03
 9.999987e-01   1.093651e+05   2.180212e+03
 9.999987e-01   1.028500e+05   2.763271e+03
 9.999987e-01   9.046743e+04   6.280797e+03
 9.999987e-01   1.034429e+05   7.357390e+03
 9.999987e-01   1.130767e+05   9.310063e+03
 9.999987e-01   1.107329e+05   5.239183e+03
 9.999987e-01   1.047558e+05   4.271158e+03
 9.999987e-01   1.133819e+05   7.785134e+03
 9.999987e-01   1.051879e+05   4.331575e+03
 9.999987e-01   1.068058e+05   4.923211e+03
 9.999987e-01   1.146818e+05   7.243179e+03
 9.999987e-01   1.052692e+05   6.352088e+03
 9.999987e-01   1.310983e+05   6.282179e+03
 9.999987e-01   1.131986e+05   5.773233e+03
 9.999987e-01   1.074718e+05   5.306425e+03
 9.999987e-01   1.105471e+05   2.588119e+03
 9.999987e-01   1.039244e+05   4.242467e+03
 9.999988e-01   1.166438e+05   3.386679e+03
 9.999988e-01   1.201404e+05   3.514749e+03
 9.999988e-01   1.188595e+05   3.561729e+03
 9.999988e-01   1.243868e+05   4.297921e+03
 9.999988e-01   1.213793e+05   4.332172e+03
 9.999988e-01   1.229514e+05   2.791480e+03
 9.999988e-01   1.217026e+05   4.518406e+03
 9.999988e-01   1.167431e+05   4.846127e+03
 9.999988e-01   1.240041e+05   4.091257e+03
 9.999988e-01   1.269294e+05   4.240363e+03
 9.999988e-01   1.315612e+05   3.150793e+03
 9.999988e-01   1.197362e+05   2.248343e+03
 9.999988e-01   1.189022e+05   4.418494e+03
 9.999988e-01   1.314912e+05   5.287997e+03
 9.999988e-01   1.287192e+05   4.753702e+03
 9.999988e-01   1.361050e+05   3.956480e+03
 9.999988e-01   1.389799e+05   3.793455e+03
 9.999988e-01   1.432706e+05   3.343637e+03
 9.999988e-01   1.287473e+05   4.618849e+03
 9.999988e-01   1.383710e+05   3.888754e+03
 9.999989e-01   1.383756e+05   4.029242e+03
 9.999989e-01   1.306585e+05   2.328004e+03
 9.999989e-01   1.421234e+05   3.749157e+03
 9.999989e-01   1.406013e+05   3.698963e+03
 9.999989e-01   1.449940e+05   3.564176e+03
 9.999989e-01   1.405703e+05   3.523036e+03
 9.999989e-01   1.416752e+05   4.287106e+03
 9.999989e-01   1.560027e+05   4.085742e+03
 9.999989e-01   1.508359e+05   3.823273e+03
 9.999989e-01   1.465778e+05   4.269200e+03
 9.999989e-01   1.546595e+05   2.913554e+03
 9.999989e-01   1.470147e+05   4.346941e+03
 9.999989e-01   1.483890e+05   4.907779e+03
 9.999989e-01   1.528054e+05   3.128775e+03
 9.999989e-01   1.597994e+05   3.864516e+03
 9.999989e-01   1.562993e+05   2.426548e+03
 9.999989e-01   1.613780e+05   3.642117e+03
 9.999989e-01   1.529326e+05   3.365708e+03
 9.999989e-01   1.662738e+05   2.659809e+03
 9.999989e-01   1.653182e+05   2.747908e+03
 9.999990e-01   1.579848e+05   2.414865e+03
 9.999990e-01   1.605731e+05   3.738624e+03
 9.999990e-01   1.693809e+05   2.880351e+03
 9.999990e-01   1.699314e+05   3.427014e+03
 9.999990e-01   1.716464e+05   3.332499e+03
 9.999990e-01   1.802394e+05   3.731298e+03
 9.999990e-01   1.747767e+05   1.811687e+03
 9.999990e-01   1.723805e+05   3.414336e+03
 9.999990e-01   1.791906e+05   2.709010e+03
 9.999990e-01   1.834432e+05   3.507997e+03
 inf   3.196427e+00   1.910728e-04
