th3_lab bin centers    value    Error 
-inf   0.000000e+00   0.000000e+00
 2.967100e-04   0.000000e+00   0.000000e+00
 3.001300e-04   1.053033e+04   7.745054e+00
 3.035500e-04   1.914311e+04   1.039659e+01
 3.069700e-04   1.856427e+04   9.866276e+00
 3.103900e-04   1.802980e+04   8.975794e+00
 3.138100e-04   1.751533e+04   7.733361e+00
 3.172300e-04   1.700432e+04   6.864921e+00
 3.206500e-04   1.651778e+04   4.554227e+00
 3.240700e-04   1.605216e+04   9.155217e+00
 3.274900e-04   1.563157e+04   8.580180e+00
 3.309100e-04   1.518260e+04   4.642063e+00
 3.343300e-04   1.478014e+04   8.173809e+00
 3.377500e-04   1.436797e+04   6.133232e+00
 3.411700e-04   1.398397e+04   5.480914e+00
 3.445900e-04   1.362191e+04   6.619700e+00
 3.480100e-04   1.327010e+04   7.202881e+00
 3.514300e-04   1.290509e+04   6.875712e+00
 3.548500e-04   1.259056e+04   7.831640e+00
 3.582700e-04   1.227480e+04   6.421647e+00
 3.616900e-04   1.194496e+04   5.794168e+00
 3.651100e-04   1.166242e+04   6.663894e+00
 3.685300e-04   1.136546e+04   6.057647e+00
 3.719500e-04   1.108355e+04   7.110136e+00
 3.753700e-04   1.082033e+04   6.377404e+00
 3.787900e-04   1.057416e+04   6.244486e+00
 3.822100e-04   1.028648e+04   4.868765e+00
 3.856300e-04   1.005546e+04   4.737941e+00
 3.890500e-04   9.816228e+03   5.090219e+00
 3.924700e-04   9.598045e+03   6.126743e+00
 3.958900e-04   9.370799e+03   5.520320e+00
 3.993100e-04   9.150748e+03   4.887976e+00
 4.027300e-04   8.935081e+03   7.430546e+00
 4.061500e-04   8.732405e+03   5.362045e+00
 4.095700e-04   8.547335e+03   5.676176e+00
 4.129900e-04   8.348097e+03   5.930047e+00
 4.164100e-04   8.174495e+03   6.339290e+00
 4.198300e-04   7.991433e+03   5.140459e+00
 4.232500e-04   7.808970e+03   5.922184e+00
 4.266700e-04   7.649724e+03   5.040898e+00
 4.300900e-04   7.481046e+03   6.528677e+00
 4.335100e-04   7.331333e+03   5.384010e+00
 4.369300e-04   7.166375e+03   6.246838e+00
 4.403500e-04   7.017096e+03   6.043560e+00
 4.437700e-04   6.875567e+03   5.475186e+00
 4.471900e-04   6.713217e+03   5.365983e+00
 4.506100e-04   6.599420e+03   6.441465e+00
 4.540300e-04   6.462590e+03   4.901305e+00
 4.574500e-04   6.319079e+03   6.129965e+00
 4.608700e-04   6.196046e+03   5.390006e+00
 4.642900e-04   6.083911e+03   4.090170e+00
 4.677100e-04   5.946159e+03   5.846646e+00
 4.711300e-04   5.840559e+03   6.190600e+00
 4.745500e-04   5.716826e+03   5.578604e+00
 4.779700e-04   5.618931e+03   5.779808e+00
 4.813900e-04   5.503844e+03   4.848969e+00
 4.848100e-04   5.402429e+03   5.274691e+00
 4.882300e-04   5.294574e+03   6.438101e+00
 4.916500e-04   5.198292e+03   4.278608e+00
 4.950700e-04   5.099750e+03   5.682739e+00
 4.984900e-04   5.001270e+03   4.758976e+00
 5.019100e-04   4.913500e+03   5.440719e+00
 5.053300e-04   4.815176e+03   5.437882e+00
 5.087500e-04   4.730681e+03   3.856146e+00
 5.121700e-04   4.644251e+03   5.121448e+00
 5.155900e-04   4.559157e+03   5.460650e+00
 5.190100e-04   4.479364e+03   4.876047e+00
 5.224300e-04   4.402933e+03   4.621480e+00
 5.258500e-04   4.319799e+03   3.842392e+00
 5.292700e-04   4.248666e+03   5.296499e+00
 5.326900e-04   4.167682e+03   5.213077e+00
 5.361100e-04   4.098907e+03   4.979343e+00
 5.395300e-04   4.016903e+03   4.348218e+00
 5.429500e-04   3.968670e+03   5.607721e+00
 5.463700e-04   3.888208e+03   4.032610e+00
 5.497900e-04   3.819397e+03   3.908698e+00
 5.532100e-04   3.751896e+03   5.562234e+00
 5.566300e-04   3.693342e+03   3.967433e+00
 5.600500e-04   3.628970e+03   5.490413e+00
 5.634700e-04   3.572252e+03   5.330053e+00
 5.668900e-04   3.515199e+03   5.841959e+00
 5.703100e-04   3.456432e+03   5.288726e+00
 5.737300e-04   3.399195e+03   4.302145e+00
 5.771500e-04   3.343988e+03   4.479560e+00
 5.805700e-04   3.292548e+03   4.188454e+00
 5.839900e-04   3.245748e+03   4.326770e+00
 5.874100e-04   3.186151e+03   5.134061e+00
 5.908300e-04   3.139618e+03   4.826480e+00
 5.942500e-04   3.091108e+03   4.838032e+00
 5.976700e-04   3.041900e+03   5.093194e+00
 6.010900e-04   2.990393e+03   4.327567e+00
 6.045100e-04   2.933944e+03   4.437811e+00
 6.079300e-04   2.896096e+03   4.275176e+00
 6.113500e-04   2.846774e+03   4.561418e+00
 6.147700e-04   2.813401e+03   6.661670e+00
 6.181900e-04   2.772725e+03   4.387697e+00
 6.216100e-04   2.724186e+03   4.585767e+00
 6.250300e-04   2.677028e+03   3.608278e+00
 6.284500e-04   2.646764e+03   4.621804e+00
 6.318700e-04   2.602034e+03   4.901645e+00
 6.352900e-04   2.557430e+03   4.553720e+00
 6.387100e-04   2.534141e+03   4.672202e+00
 6.421300e-04   2.497222e+03   4.478304e+00
 6.455500e-04   2.445537e+03   6.798148e+00
 6.489700e-04   2.418096e+03   6.624816e+00
 6.523900e-04   2.384764e+03   4.606624e+00
 6.558100e-04   2.352283e+03   4.135927e+00
 6.592300e-04   2.307800e+03   4.524703e+00
 6.626500e-04   2.273470e+03   5.854534e+00
 6.660700e-04   2.247286e+03   4.568163e+00
 6.694900e-04   2.213683e+03   5.289742e+00
 6.729100e-04   2.194057e+03   5.577586e+00
 6.763300e-04   2.152156e+03   5.182745e+00
 6.797500e-04   2.119732e+03   4.363528e+00
 6.831700e-04   2.093378e+03   3.949473e+00
 6.865900e-04   2.063707e+03   4.106089e+00
 6.900100e-04   2.046980e+03   5.116639e+00
 6.934300e-04   2.003653e+03   4.952633e+00
 6.968500e-04   1.982648e+03   3.910108e+00
 7.002700e-04   1.953344e+03   3.703122e+00
 7.036900e-04   1.927475e+03   5.083425e+00
 7.071100e-04   1.899361e+03   3.819675e+00
 7.105300e-04   1.871340e+03   4.256752e+00
 7.139500e-04   1.859257e+03   5.437176e+00
 7.173700e-04   1.823021e+03   6.010452e+00
 7.207900e-04   1.817387e+03   6.062613e+00
 7.242100e-04   1.771423e+03   5.263498e+00
 7.276300e-04   1.756540e+03   4.451349e+00
 7.310500e-04   1.737748e+03   4.953564e+00
 7.344700e-04   1.702099e+03   4.499918e+00
 7.378900e-04   1.691087e+03   3.661074e+00
 7.413100e-04   1.669805e+03   4.317623e+00
 7.447300e-04   1.646664e+03   3.820062e+00
 7.481500e-04   1.620067e+03   4.017172e+00
 7.515700e-04   1.600097e+03   3.515814e+00
 7.549900e-04   1.587223e+03   4.526357e+00
 7.584100e-04   1.558623e+03   3.529189e+00
 7.618300e-04   1.549247e+03   4.824223e+00
 7.652500e-04   1.517720e+03   4.380765e+00
 7.686700e-04   1.514488e+03   5.075374e+00
 7.720900e-04   1.488643e+03   6.138114e+00
 7.755100e-04   1.472621e+03   4.654490e+00
 7.789300e-04   1.445331e+03   3.376142e+00
 7.823500e-04   1.430714e+03   4.215569e+00
 7.857700e-04   1.418626e+03   4.453192e+00
 7.891900e-04   1.394431e+03   4.498714e+00
 7.926100e-04   1.375909e+03   4.451795e+00
 7.960300e-04   1.368558e+03   4.823144e+00
 7.994500e-04   1.352576e+03   4.490716e+00
 8.028700e-04   1.326966e+03   4.172762e+00
 8.062900e-04   1.316353e+03   4.417089e+00
 8.097100e-04   1.293801e+03   4.511189e+00
 8.131300e-04   1.283277e+03   6.012244e+00
 8.165500e-04   1.270739e+03   4.549873e+00
 8.199700e-04   1.252573e+03   4.743048e+00
 8.233900e-04   1.249472e+03   4.887368e+00
 8.268100e-04   1.214989e+03   5.196948e+00
 8.302300e-04   1.209036e+03   4.071130e+00
 8.336500e-04   1.194964e+03   7.353092e+00
 8.370700e-04   1.177628e+03   5.478980e+00
 8.404900e-04   1.164104e+03   4.479139e+00
 8.439100e-04   1.159541e+03   4.788009e+00
 8.473300e-04   1.143071e+03   4.543046e+00
 8.507500e-04   1.129689e+03   5.256979e+00
 8.541700e-04   1.115265e+03   4.835479e+00
 8.575900e-04   1.109626e+03   4.752937e+00
 8.610100e-04   1.095940e+03   4.545271e+00
 8.644300e-04   1.087764e+03   4.149518e+00
 8.678500e-04   1.060270e+03   8.997112e+00
 8.712700e-04   1.055817e+03   4.566694e+00
 8.746900e-04   1.041685e+03   5.578110e+00
 8.781100e-04   1.030544e+03   5.400012e+00
 8.815300e-04   1.024360e+03   6.257144e+00
 8.849500e-04   1.020551e+03   4.926406e+00
 8.883700e-04   9.965914e+02   4.419838e+00
 8.917900e-04   9.894522e+02   5.721617e+00
 8.952100e-04   9.857510e+02   4.893191e+00
 8.986300e-04   9.685921e+02   6.752925e+00
 9.020500e-04   9.599503e+02   6.584539e+00
 9.054700e-04   9.430611e+02   7.640338e+00
 9.088900e-04   9.429746e+02   5.092232e+00
 9.123100e-04   9.202006e+02   5.979060e+00
 9.157300e-04   9.113515e+02   6.619902e+00
 9.191500e-04   8.987126e+02   5.533081e+00
 9.225700e-04   9.070644e+02   5.306036e+00
 9.259900e-04   8.855700e+02   4.946794e+00
 9.294100e-04   8.737850e+02   5.710635e+00
 9.328300e-04   8.636850e+02   5.061120e+00
 9.362500e-04   8.606729e+02   4.900187e+00
 9.396700e-04   8.645552e+02   5.072926e+00
 9.430900e-04   8.434154e+02   4.552143e+00
 9.465100e-04   8.229317e+02   5.260576e+00
 9.499300e-04   8.279087e+02   5.497966e+00
 9.533500e-04   8.219540e+02   5.534877e+00
 9.567700e-04   8.045542e+02   4.904641e+00
 9.601900e-04   7.992553e+02   5.081552e+00
 9.636100e-04   7.845365e+02   4.161711e+00
 9.670300e-04   7.884488e+02   5.624359e+00
 9.704500e-04   7.717222e+02   4.836255e+00
 9.738700e-04   7.652001e+02   4.820805e+00
 9.772900e-04   7.497931e+02   5.068891e+00
 9.807100e-04   7.503935e+02   6.217180e+00
 9.841300e-04   7.542374e+02   3.408860e+00
 9.875500e-04   7.243905e+02   6.471242e+00
 9.909700e-04   7.349360e+02   4.990540e+00
 9.943900e-04   7.289602e+02   4.468801e+00
 9.978100e-04   7.171828e+02   4.303834e+00
 1.001230e-03   7.085462e+02   5.005110e+00
 1.004650e-03   7.026175e+02   5.619658e+00
 1.008070e-03   7.033720e+02   6.931260e+00
 1.011490e-03   6.911278e+02   4.085915e+00
 1.014910e-03   6.911622e+02   5.351503e+00
 1.018330e-03   6.752340e+02   5.149160e+00
 1.021750e-03   6.591996e+02   5.347207e+00
 1.025170e-03   6.743882e+02   8.854373e+00
 1.028590e-03   6.600950e+02   5.565483e+00
 1.032010e-03   6.555260e+02   6.550631e+00
 1.035430e-03   6.454918e+02   5.108522e+00
 1.038850e-03   6.377787e+02   6.568453e+00
 1.042270e-03   6.344097e+02   5.777100e+00
 1.045690e-03   6.278259e+02   6.169197e+00
 1.049110e-03   6.159482e+02   5.739025e+00
 1.052530e-03   6.071395e+02   4.852256e+00
 1.055950e-03   6.121457e+02   4.799027e+00
 1.059370e-03   6.106200e+02   4.127690e+00
 1.062790e-03   5.934128e+02   5.085469e+00
 1.066210e-03   5.840112e+02   4.539614e+00
 1.069630e-03   5.784636e+02   5.028547e+00
 1.073050e-03   5.841437e+02   6.148994e+00
 1.076470e-03   5.781446e+02   6.376405e+00
 1.079890e-03   5.663612e+02   6.017464e+00
 1.083310e-03   5.550080e+02   5.532290e+00
 1.086730e-03   5.682960e+02   3.962258e+00
 1.090150e-03   5.578853e+02   6.625290e+00
 1.093570e-03   5.536872e+02   5.629739e+00
 1.096990e-03   5.379500e+02   4.170614e+00
 1.100410e-03   5.309674e+02   6.877871e+00
 1.103830e-03   5.384541e+02   8.784220e+00
 1.107250e-03   5.303262e+02   5.194124e+00
 1.110670e-03   5.183555e+02   7.121519e+00
 1.114090e-03   5.130847e+02   5.718922e+00
 1.117510e-03   5.186224e+02   6.512388e+00
 1.120930e-03   5.112183e+02   4.514243e+00
 1.124350e-03   5.021913e+02   5.096211e+00
 1.127770e-03   5.137620e+02   5.206199e+00
 1.131190e-03   5.073821e+02   4.307828e+00
 1.134610e-03   4.795696e+02   5.503852e+00
 1.138030e-03   4.877371e+02   8.232562e+00
 1.141450e-03   5.041527e+02   6.834887e+00
 1.144870e-03   4.715819e+02   6.752428e+00
 1.148290e-03   4.750145e+02   4.174001e+00
 1.151710e-03   4.742140e+02   6.670182e+00
 1.155130e-03   4.666946e+02   5.372922e+00
 1.158550e-03   4.686409e+02   5.431393e+00
 1.161970e-03   4.627936e+02   5.262175e+00
 1.165390e-03   4.556756e+02   5.045212e+00
 1.168810e-03   4.626335e+02   6.495024e+00
 1.172230e-03   4.378191e+02   5.492170e+00
 1.175650e-03   4.645267e+02   6.474089e+00
 1.179070e-03   4.323189e+02   7.310066e+00
 1.182490e-03   4.344306e+02   5.609370e+00
 1.185910e-03   4.302694e+02   5.317187e+00
 1.189330e-03   4.426207e+02   6.077639e+00
 1.192750e-03   4.235867e+02   5.970747e+00
 1.196170e-03   4.186081e+02   6.447280e+00
 1.199590e-03   4.196102e+02   4.753919e+00
 1.203010e-03   4.147224e+02   4.558117e+00
 1.206430e-03   4.132726e+02   5.557870e+00
 1.209850e-03   4.083341e+02   6.644044e+00
 1.213270e-03   4.057665e+02   5.960777e+00
 1.216690e-03   3.982994e+02   4.957612e+00
 1.220110e-03   3.945939e+02   4.793800e+00
 1.223530e-03   3.979161e+02   4.858342e+00
 1.226950e-03   3.924885e+02   4.585962e+00
 1.230370e-03   3.901360e+02   6.720374e+00
 1.233790e-03   3.808665e+02   7.304300e+00
 1.237210e-03   3.732571e+02   8.299684e+00
 1.240630e-03   3.835963e+02   5.017118e+00
 1.244050e-03   3.845309e+02   6.032287e+00
 1.247470e-03   3.650266e+02   6.003124e+00
 1.250890e-03   3.668072e+02   4.157800e+00
 1.254310e-03   3.665782e+02   3.619762e+00
 1.257730e-03   3.664880e+02   5.365607e+00
 1.261150e-03   3.555943e+02   5.877980e+00
 1.264570e-03   3.586734e+02   6.464006e+00
 1.267990e-03   3.562836e+02   7.297246e+00
 1.271410e-03   3.507808e+02   6.370833e+00
 1.274830e-03   3.484851e+02   5.787203e+00
 1.278250e-03   3.441713e+02   6.514998e+00
 1.281670e-03   3.225224e+02   6.309882e+00
 1.285090e-03   3.576163e+02   7.530036e+00
 1.288510e-03   3.534933e+02   3.491875e+00
 1.291930e-03   3.321477e+02   6.229503e+00
 1.295350e-03   3.381691e+02   7.140103e+00
 1.298770e-03   3.267671e+02   7.151729e+00
 1.302190e-03   3.179147e+02   5.990300e+00
 1.305610e-03   3.344492e+02   5.534021e+00
 1.309030e-03   3.178312e+02   4.664515e+00
 1.312450e-03   3.168748e+02   5.677260e+00
 1.315870e-03   3.145766e+02   5.625497e+00
 1.319290e-03   3.068814e+02   6.523304e+00
 1.322710e-03   3.093221e+02   5.390744e+00
 1.326130e-03   3.090034e+02   7.280827e+00
 1.329550e-03   2.979727e+02   7.445041e+00
 1.332970e-03   3.005579e+02   6.536027e+00
 1.336390e-03   3.103016e+02   6.660577e+00
 1.339810e-03   3.075758e+02   5.677734e+00
 1.343230e-03   2.934841e+02   6.155487e+00
 1.346650e-03   3.030235e+02   8.032252e+00
 1.350070e-03   3.024993e+02   6.721443e+00
 1.353490e-03   2.987926e+02   5.737869e+00
 1.356910e-03   2.906690e+02   6.016150e+00
 1.360330e-03   2.840325e+02   5.832928e+00
 1.363750e-03   2.843749e+02   4.773225e+00
 1.367170e-03   2.851613e+02   7.032756e+00
 1.370590e-03   2.767323e+02   5.125434e+00
 1.374010e-03   2.838192e+02   4.978778e+00
 1.377430e-03   2.813077e+02   8.979357e+00
 1.380850e-03   2.733505e+02   7.057854e+00
 1.384270e-03   2.748971e+02   6.002190e+00
 1.387690e-03   2.891151e+02   5.420737e+00
 1.391110e-03   2.604363e+02   5.863279e+00
 1.394530e-03   2.739091e+02   6.639536e+00
 1.397950e-03   2.514731e+02   8.355365e+00
 1.401370e-03   2.721495e+02   5.404749e+00
 1.404790e-03   2.604381e+02   5.266291e+00
 1.408210e-03   2.632502e+02   4.019279e+00
 1.411630e-03   2.640339e+02   5.921369e+00
 1.415050e-03   2.559355e+02   7.306143e+00
 1.418470e-03   2.505783e+02   5.154349e+00
 1.421890e-03   2.447710e+02   6.658084e+00
 1.425310e-03   2.428750e+02   6.289397e+00
 1.428730e-03   2.563289e+02   7.051658e+00
 1.432150e-03   2.565316e+02   4.921818e+00
 1.435570e-03   2.491527e+02   4.317579e+00
 1.438990e-03   2.353919e+02   4.422112e+00
 1.442410e-03   2.429667e+02   6.024429e+00
 1.445830e-03   2.332909e+02   5.366072e+00
 1.449250e-03   2.218472e+02   5.867249e+00
 1.452670e-03   2.484293e+02   4.656091e+00
 1.456090e-03   2.411471e+02   6.550790e+00
 1.459510e-03   2.429868e+02   5.937522e+00
 1.462930e-03   2.315310e+02   5.727177e+00
 1.466350e-03   2.316704e+02   6.141334e+00
 1.469770e-03   2.319291e+02   8.530160e+00
 1.473190e-03   2.356434e+02   6.335518e+00
 1.476610e-03   2.227364e+02   7.843991e+00
 1.480030e-03   2.246567e+02   5.609799e+00
 1.483450e-03   2.064414e+02   5.883540e+00
 1.486870e-03   2.129960e+02   6.388434e+00
 1.490290e-03   2.148040e+02   7.133156e+00
 1.493710e-03   2.278411e+02   7.450250e+00
 1.497130e-03   2.162828e+02   7.041685e+00
 1.500550e-03   2.211133e+02   6.087502e+00
 1.503970e-03   2.240803e+02   9.001501e+00
 1.507390e-03   1.949115e+02   8.039047e+00
 1.510810e-03   1.992033e+02   7.082002e+00
 1.514230e-03   2.181460e+02   7.189344e+00
 1.517650e-03   2.087262e+02   4.596773e+00
 1.521070e-03   2.077101e+02   6.072200e+00
 1.524490e-03   2.046266e+02   9.038363e+00
 1.527910e-03   2.132810e+02   6.493594e+00
 1.531330e-03   2.069509e+02   5.578772e+00
 1.534750e-03   1.910030e+02   7.595736e+00
 1.538170e-03   2.010761e+02   9.443984e+00
 1.541590e-03   2.043861e+02   4.690715e+00
 1.545010e-03   1.912718e+02   5.993806e+00
 1.548430e-03   1.784675e+02   1.015260e+01
 1.551850e-03   2.045467e+02   6.833250e+00
 1.555270e-03   1.748058e+02   8.417078e+00
 1.558690e-03   1.833925e+02   9.971161e+00
 1.562110e-03   1.914268e+02   1.132105e+01
 1.565530e-03   1.770645e+02   1.302140e+01
 1.568950e-03   1.865717e+02   6.404280e+00
 1.572370e-03   1.986919e+02   7.411006e+00
 1.575790e-03   1.891804e+02   6.941323e+00
 1.579210e-03   1.898548e+02   4.254810e+00
 1.582630e-03   1.918650e+02   6.713746e+00
 1.586050e-03   1.813713e+02   3.833621e+00
 1.589470e-03   1.697655e+02   5.568232e+00
 1.592890e-03   1.889693e+02   6.025258e+00
 1.596310e-03   1.633299e+02   4.737823e+00
 1.599730e-03   1.806473e+02   6.694987e+00
 1.603150e-03   1.778334e+02   4.652075e+00
 1.606570e-03   1.765410e+02   4.280196e+00
 1.609990e-03   1.794849e+02   6.190965e+00
 1.613410e-03   1.653789e+02   3.663078e+00
 1.616830e-03   1.693159e+02   6.672134e+00
 1.620250e-03   1.580989e+02   1.150754e+01
 1.623670e-03   1.683381e+02   8.184404e+00
 1.627090e-03   1.669163e+02   1.325953e+01
 1.630510e-03   1.659181e+02   7.495151e+00
 1.633930e-03   1.765411e+02   8.368660e+00
 1.637350e-03   1.714931e+02   5.351722e+00
 1.640770e-03   1.656980e+02   6.645978e+00
 1.644190e-03   1.643682e+02   7.032748e+00
 1.647610e-03   1.573111e+02   7.029099e+00
 1.651030e-03   1.683597e+02   4.369396e+00
 1.654450e-03   1.564461e+02   9.772311e+00
 1.657870e-03   1.500022e+02   6.191006e+00
 1.661290e-03   1.569088e+02   5.359143e+00
 1.664710e-03   1.617509e+02   8.529264e+00
 1.668130e-03   1.571217e+02   7.820684e+00
 1.671550e-03   1.589391e+02   6.365963e+00
 1.674970e-03   1.564286e+02   5.363398e+00
 1.678390e-03   1.463974e+02   7.063111e+00
 1.681810e-03   1.525709e+02   7.670393e+00
 1.685230e-03   1.615790e+02   5.824449e+00
 1.688650e-03   1.463563e+02   4.490651e+00
 1.692070e-03   1.459219e+02   7.428662e+00
 1.695490e-03   1.424709e+02   8.220935e+00
 1.698910e-03   1.791127e+02   1.591619e+01
 1.702330e-03   1.643143e+02   8.210292e+00
 1.705750e-03   1.363761e+02   1.018036e+01
 1.709170e-03   1.633402e+02   1.554481e+01
 1.712590e-03   1.471282e+02   6.592050e+00
 1.716010e-03   1.361656e+02   1.274578e+01
 1.719430e-03   1.545413e+02   8.387679e+00
 1.722850e-03   1.160653e+02   8.986980e+00
 1.726270e-03   1.526785e+02   9.896095e+00
 1.729690e-03   1.396089e+02   7.071882e+00
 1.733110e-03   1.394487e+02   1.027909e+01
 1.736530e-03   1.415846e+02   6.410584e+00
 1.739950e-03   1.344122e+02   4.681086e+00
 1.743370e-03   1.275362e+02   8.904353e+00
 1.746790e-03   1.319356e+02   1.139712e+01
 1.750210e-03   1.272002e+02   8.184866e+00
 1.753630e-03   1.333623e+02   6.403039e+00
 1.757050e-03   1.360342e+02   1.148828e+01
 1.760470e-03   1.340045e+02   7.477790e+00
 1.763890e-03   1.317601e+02   3.952209e+00
 1.767310e-03   1.190179e+02   3.769367e+00
 1.770730e-03   1.271310e+02   1.169124e+01
 1.774150e-03   1.217150e+02   1.123262e+01
 1.777570e-03   1.291962e+02   8.994897e+00
 1.780990e-03   1.321503e+02   9.575274e+00
 1.784410e-03   1.262637e+02   8.254314e+00
 1.787830e-03   1.276657e+02   6.290049e+00
 1.791250e-03   1.227985e+02   6.299324e+00
 1.794670e-03   1.278433e+02   6.658015e+00
 1.798090e-03   1.224491e+02   7.605227e+00
 1.801510e-03   1.119979e+02   9.421014e+00
 1.804930e-03   1.250311e+02   7.777008e+00
 1.808350e-03   1.247619e+02   5.702727e+00
 1.811770e-03   1.135008e+02   7.603725e+00
 1.815190e-03   1.238830e+02   6.934712e+00
 1.818610e-03   1.144449e+02   5.931597e+00
 1.822030e-03   1.056987e+02   9.028259e+00
 1.825450e-03   1.210898e+02   5.726890e+00
 1.828870e-03   1.219411e+02   6.267086e+00
 1.832290e-03   9.869564e+01   6.202133e+00
 1.835710e-03   1.216160e+02   5.641293e+00
 1.839130e-03   1.215357e+02   5.705206e+00
 1.842550e-03   1.186238e+02   8.912623e+00
 1.845970e-03   9.775534e+01   9.883222e+00
 1.849390e-03   1.136911e+02   7.127964e+00
 1.852810e-03   1.172010e+02   7.666076e+00
 1.856230e-03   1.215168e+02   1.006282e+01
 1.859650e-03   1.137221e+02   5.160039e+00
 1.863070e-03   1.121561e+02   5.302017e+00
 1.866490e-03   1.026928e+02   8.907072e+00
 1.869910e-03   1.171500e+02   4.982439e+00
 1.873330e-03   9.348705e+01   6.123403e+00
 1.876750e-03   1.310807e+02   1.189682e+01
 1.880170e-03   1.244320e+02   7.805630e+00
 1.883590e-03   1.026945e+02   4.998892e+00
 1.887010e-03   9.854424e+01   8.359340e+00
 1.890430e-03   9.925357e+01   1.240530e+01
 1.893850e-03   8.878637e+01   8.371386e+00
 1.897270e-03   1.062401e+02   4.775427e+00
 1.900690e-03   1.080604e+02   6.628043e+00
 1.904110e-03   1.129258e+02   7.230940e+00
 1.907530e-03   9.973231e+01   4.900731e+00
 1.910950e-03   1.002891e+02   9.672379e+00
 1.914370e-03   1.112904e+02   6.440424e+00
 1.917790e-03   1.041638e+02   5.144298e+00
 1.921210e-03   9.859169e+01   5.831098e+00
 1.924630e-03   9.514973e+01   7.984160e+00
 1.928050e-03   1.049163e+02   4.219755e+00
 1.931470e-03   9.574365e+01   5.740694e+00
 1.934890e-03   9.629304e+01   5.765739e+00
 1.938310e-03   9.519524e+01   6.150862e+00
 1.941730e-03   8.196820e+01   6.256934e+00
 1.945150e-03   9.102078e+01   5.835565e+00
 1.948570e-03   9.392704e+01   6.677898e+00
 1.951990e-03   9.652268e+01   6.129539e+00
 1.955410e-03   9.852285e+01   6.564927e+00
 1.958830e-03   8.354262e+01   1.221883e+01
 1.962250e-03   1.007186e+02   9.986924e+00
 1.965670e-03   9.781633e+01   1.026865e+01
 1.969090e-03   7.888042e+01   8.735250e+00
 1.972510e-03   8.824192e+01   1.006047e+01
 1.975930e-03   8.234343e+01   7.004269e+00
 1.979350e-03   8.414502e+01   7.074321e+00
 1.982770e-03   9.146469e+01   5.592535e+00
 1.986190e-03   9.210222e+01   8.358408e+00
 1.989610e-03   9.508841e+01   5.737515e+00
 1.993030e-03   1.009040e+02   7.093823e+00
 1.996450e-03   7.765378e+01   6.806767e+00
 1.999870e-03   4.114986e+01   5.503348e+00
 2.003290e-03   0.000000e+00   0.000000e+00
 inf   0.000000e+00   0.000000e+00
