Q2_lab bin centers    value    Error 
-inf   0.000000e+00   0.000000e+00
 1.009990e+02   0.000000e+00   0.000000e+00
 3.009970e+02   0.000000e+00   0.000000e+00
 5.009950e+02   0.000000e+00   0.000000e+00
 7.009930e+02   0.000000e+00   0.000000e+00
 9.009910e+02   1.295296e-05   7.540916e-08
 1.100989e+03   2.243221e-03   8.010172e-07
 1.300987e+03   1.662835e-03   7.629074e-07
 1.500985e+03   1.286152e-03   8.311685e-07
 1.700983e+03   1.027143e-03   1.139141e-06
 1.900981e+03   8.390825e-04   6.806657e-07
 2.100979e+03   7.008518e-04   9.759517e-07
 2.300977e+03   5.886754e-04   6.024107e-07
 2.500975e+03   5.028577e-04   4.770074e-07
 2.700973e+03   4.356921e-04   7.777488e-07
 2.900971e+03   3.804029e-04   3.936869e-07
 3.100969e+03   3.341147e-04   3.600892e-07
 3.300967e+03   2.963038e-04   5.259097e-07
 3.500965e+03   2.652894e-04   3.173372e-07
 3.700963e+03   2.391553e-04   3.523948e-07
 3.900961e+03   2.163859e-04   2.990621e-07
 4.100959e+03   1.959943e-04   3.457340e-07
 4.300957e+03   1.792940e-04   2.548518e-07
 4.500955e+03   1.640872e-04   2.500789e-07
 4.700953e+03   1.514103e-04   3.062096e-07
 4.900951e+03   1.384668e-04   2.532181e-07
 5.100949e+03   1.294679e-04   2.244269e-07
 5.300947e+03   1.200941e-04   3.298707e-07
 5.500945e+03   1.115396e-04   2.010160e-07
 5.700943e+03   1.041930e-04   1.804989e-07
 5.900941e+03   9.783275e-05   2.092346e-07
 6.100939e+03   9.170437e-05   2.492276e-07
 6.300937e+03   8.582091e-05   1.755591e-07
 6.500935e+03   8.090304e-05   2.247191e-07
 6.700933e+03   7.598531e-05   1.575457e-07
 6.900931e+03   7.187664e-05   1.762653e-07
 7.100929e+03   6.826516e-05   2.836763e-07
 7.300927e+03   6.430551e-05   1.583072e-07
 7.500925e+03   6.119154e-05   1.447730e-07
 7.700923e+03   5.819743e-05   1.616225e-07
 7.900921e+03   5.491588e-05   1.773114e-07
 8.100919e+03   5.251183e-05   1.424960e-07
 8.300917e+03   5.036936e-05   1.569221e-07
 8.500915e+03   4.804778e-05   1.791508e-07
 8.700913e+03   4.580146e-05   1.713609e-07
 8.900911e+03   4.371950e-05   1.651909e-07
 9.100909e+03   4.174576e-05   1.567001e-07
 9.300907e+03   4.005164e-05   1.640563e-07
 9.500905e+03   3.856927e-05   1.720153e-07
 9.700903e+03   3.682288e-05   1.232266e-07
 9.900901e+03   3.527331e-05   1.235221e-07
 1.010090e+04   3.424768e-05   1.676656e-07
 1.030090e+04   3.249470e-05   1.516493e-07
 1.050090e+04   3.187088e-05   1.741927e-07
 1.070089e+04   3.012879e-05   1.776025e-07
 1.090089e+04   2.903448e-05   1.407716e-07
 1.110089e+04   2.851530e-05   1.275905e-07
 1.130089e+04   2.727719e-05   1.860833e-07
 1.150089e+04   2.622702e-05   1.294768e-07
 1.170088e+04   2.540455e-05   1.249165e-07
 1.190088e+04   2.480176e-05   1.723966e-07
 1.210088e+04   2.396955e-05   1.263883e-07
 1.230088e+04   2.278353e-05   1.355139e-07
 1.250088e+04   2.254260e-05   1.504344e-07
 1.270087e+04   2.135852e-05   1.672368e-07
 1.290087e+04   2.100105e-05   1.601763e-07
 1.310087e+04   2.049363e-05   9.556864e-08
 1.330087e+04   1.966041e-05   1.605118e-07
 1.350086e+04   1.922883e-05   1.203100e-07
 1.370086e+04   1.855177e-05   1.653263e-07
 1.390086e+04   1.819387e-05   1.780934e-07
 1.410086e+04   1.762879e-05   1.288192e-07
 1.430086e+04   1.682662e-05   1.511636e-07
 1.450085e+04   1.635272e-05   1.653346e-07
 1.470085e+04   1.598562e-05   1.697417e-07
 1.490085e+04   1.556917e-05   1.961228e-07
 1.510085e+04   1.490402e-05   1.190545e-07
 1.530085e+04   1.476624e-05   9.016230e-08
 1.550084e+04   1.449311e-05   1.079960e-07
 1.570084e+04   1.404501e-05   1.720761e-07
 1.590084e+04   1.364667e-05   2.485907e-07
 1.610084e+04   1.324463e-05   1.484719e-07
 1.630084e+04   1.293788e-05   1.464068e-07
 1.650083e+04   1.301213e-05   1.071839e-07
 1.670083e+04   1.253374e-05   1.038671e-07
 1.690083e+04   1.203511e-05   1.091778e-07
 1.710083e+04   1.195144e-05   1.180617e-07
 1.730083e+04   1.161056e-05   1.092767e-07
 1.750083e+04   1.130735e-05   9.828674e-08
 1.770082e+04   1.101260e-05   1.355223e-07
 1.790082e+04   1.080309e-05   9.966513e-08
 1.810082e+04   1.044497e-05   1.172578e-07
 1.830082e+04   1.016573e-05   1.277299e-07
 1.850081e+04   1.020410e-05   1.286786e-07
 1.870081e+04   9.614610e-06   2.443649e-07
 1.890081e+04   9.703701e-06   1.085117e-07
 1.910081e+04   9.298223e-06   1.637431e-07
 1.930081e+04   9.297063e-06   6.957171e-08
 1.950081e+04   9.047264e-06   9.013771e-08
 1.970080e+04   8.903650e-06   2.129769e-07
 1.990080e+04   8.562637e-06   1.240305e-07
 2.010080e+04   8.607589e-06   1.560306e-07
 2.030080e+04   8.271785e-06   9.538476e-08
 2.050079e+04   8.291647e-06   1.463173e-07
 2.070079e+04   7.936184e-06   1.342562e-07
 2.090079e+04   8.027307e-06   1.038039e-07
 2.110079e+04   7.942570e-06   2.324537e-07
 2.130079e+04   7.628852e-06   1.719562e-07
 2.150078e+04   7.135493e-06   1.816797e-07
 2.170078e+04   7.337296e-06   1.218823e-07
 2.190078e+04   7.198611e-06   1.790394e-07
 2.210078e+04   6.621624e-06   1.457942e-07
 2.230078e+04   7.220497e-06   1.247866e-07
 2.250078e+04   6.572077e-06   1.228420e-07
 2.270077e+04   6.571277e-06   1.385563e-07
 2.290077e+04   6.707649e-06   2.092381e-07
 2.310077e+04   6.339278e-06   1.220901e-07
 2.330077e+04   6.345125e-06   7.125469e-08
 2.350076e+04   6.059468e-06   1.152651e-07
 2.370076e+04   6.089431e-06   1.025889e-07
 2.390076e+04   5.856008e-06   1.302505e-07
 2.410076e+04   5.929427e-06   1.007798e-07
 2.430076e+04   5.634528e-06   1.437815e-07
 2.450076e+04   5.924195e-06   2.196510e-07
 2.470075e+04   5.494321e-06   1.460636e-07
 2.490075e+04   5.524962e-06   2.287292e-07
 2.510075e+04   5.526728e-06   8.030180e-08
 2.530075e+04   5.236567e-06   1.597351e-07
 2.550074e+04   4.911608e-06   1.753730e-07
 2.570074e+04   5.003416e-06   1.771961e-07
 2.590074e+04   4.812698e-06   1.704297e-07
 2.610074e+04   5.368386e-06   3.938839e-07
 2.630074e+04   5.155469e-06   2.976899e-07
 2.650074e+04   4.630462e-06   2.283280e-07
 2.670073e+04   4.342907e-06   1.718342e-07
 2.690073e+04   4.411800e-06   2.072648e-07
 2.710073e+04   4.641643e-06   1.518689e-07
 2.730073e+04   4.232532e-06   2.179578e-07
 2.750072e+04   4.786129e-06   2.157313e-07
 2.770072e+04   4.174867e-06   2.057272e-07
 2.790072e+04   4.314906e-06   1.852047e-07
 2.810072e+04   4.170031e-06   1.027440e-07
 2.830072e+04   4.033093e-06   1.973829e-07
 2.850072e+04   3.877205e-06   2.094426e-07
 2.870071e+04   3.980552e-06   1.284989e-07
 2.890071e+04   4.071693e-06   2.162190e-07
 2.910071e+04   3.791001e-06   2.161936e-07
 2.930071e+04   3.538831e-06   1.907716e-07
 2.950071e+04   3.843603e-06   1.724039e-07
 2.970070e+04   3.911293e-06   2.381136e-07
 2.990070e+04   3.922212e-06   1.725591e-07
 3.010070e+04   3.438278e-06   2.022921e-07
 3.030070e+04   3.629998e-06   1.867950e-07
 3.050069e+04   3.877531e-06   3.332959e-07
 3.070069e+04   3.679272e-06   3.217614e-07
 3.090069e+04   3.171002e-06   2.471583e-07
 3.110069e+04   3.052481e-06   2.902223e-07
 3.130069e+04   2.900253e-06   2.024758e-07
 3.150069e+04   3.216532e-06   2.371046e-07
 3.170068e+04   2.812388e-06   1.925616e-07
 3.190068e+04   3.172856e-06   2.107561e-07
 3.210068e+04   2.995440e-06   2.124095e-07
 3.230068e+04   2.686336e-06   1.937893e-07
 3.250067e+04   2.816950e-06   1.926564e-07
 3.270067e+04   2.503719e-06   1.912568e-07
 3.290067e+04   2.361490e-06   3.041693e-07
 3.310067e+04   2.369462e-06   2.174603e-07
 3.330067e+04   2.670420e-06   1.845391e-07
 3.350067e+04   2.289531e-06   1.826064e-07
 3.370066e+04   2.509978e-06   2.121872e-07
 3.390066e+04   2.526512e-06   2.148494e-07
 3.410066e+04   2.182386e-06   1.463860e-07
 3.430066e+04   2.158632e-06   1.770757e-07
 3.450065e+04   1.503058e-06   3.510162e-07
 3.470065e+04   2.179029e-06   2.131784e-07
 3.490065e+04   1.973648e-06   1.434284e-07
 3.510065e+04   2.045976e-06   1.481464e-07
 3.530065e+04   2.170523e-06   1.708164e-07
 3.550064e+04   2.097408e-06   2.970547e-07
 3.570064e+04   1.312524e-06   2.086026e-07
 3.590064e+04   1.748360e-06   2.410438e-07
 3.610064e+04   1.564999e-06   2.851704e-07
 3.630064e+04   1.594421e-06   1.883192e-07
 3.650064e+04   1.720734e-06   2.136677e-07
 3.670063e+04   1.286905e-06   3.404183e-07
 3.690063e+04   1.634374e-06   2.229149e-07
 3.710063e+04   1.380239e-06   2.220336e-07
 3.730063e+04   1.471766e-06   1.517399e-07
 3.750062e+04   1.453900e-06   2.257383e-07
 3.770062e+04   1.666599e-06   3.272369e-07
 3.790062e+04   1.102081e-06   2.660632e-07
 3.810062e+04   1.266394e-06   1.845343e-07
 3.830062e+04   1.096788e-06   1.134198e-07
 3.850061e+04   1.329061e-06   1.532031e-07
 3.870061e+04   8.525071e-07   2.485910e-07
 3.890061e+04   8.274131e-07   1.822369e-07
 3.910061e+04   8.234998e-07   1.396122e-07
 3.930061e+04   7.867445e-07   2.081154e-07
 3.950061e+04   3.696341e-07   1.262103e-07
 3.970060e+04  -2.115316e-07   2.192317e-07
 3.990060e+04  -4.890755e-07   2.034184e-07
 4.010060e+04   0.000000e+00   0.000000e+00
 4.030060e+04   0.000000e+00   0.000000e+00
 4.050060e+04   0.000000e+00   0.000000e+00
 4.070059e+04   0.000000e+00   0.000000e+00
 4.090059e+04   0.000000e+00   0.000000e+00
 4.110059e+04   0.000000e+00   0.000000e+00
 4.130059e+04   0.000000e+00   0.000000e+00
 4.150058e+04   0.000000e+00   0.000000e+00
 4.170058e+04   0.000000e+00   0.000000e+00
 4.190058e+04   0.000000e+00   0.000000e+00
 4.210058e+04   0.000000e+00   0.000000e+00
 4.230058e+04   0.000000e+00   0.000000e+00
 4.250057e+04   0.000000e+00   0.000000e+00
 4.270057e+04   0.000000e+00   0.000000e+00
 4.290057e+04   0.000000e+00   0.000000e+00
 4.310057e+04   0.000000e+00   0.000000e+00
 4.330057e+04   0.000000e+00   0.000000e+00
 4.350057e+04   0.000000e+00   0.000000e+00
 4.370056e+04   0.000000e+00   0.000000e+00
 4.390056e+04   0.000000e+00   0.000000e+00
 4.410056e+04   0.000000e+00   0.000000e+00
 4.430056e+04   0.000000e+00   0.000000e+00
 4.450056e+04   0.000000e+00   0.000000e+00
 4.470055e+04   0.000000e+00   0.000000e+00
 4.490055e+04   0.000000e+00   0.000000e+00
 4.510055e+04   0.000000e+00   0.000000e+00
 4.530055e+04   0.000000e+00   0.000000e+00
 4.550054e+04   0.000000e+00   0.000000e+00
 4.570054e+04   0.000000e+00   0.000000e+00
 4.590054e+04   0.000000e+00   0.000000e+00
 4.610054e+04   0.000000e+00   0.000000e+00
 4.630054e+04   0.000000e+00   0.000000e+00
 4.650054e+04   0.000000e+00   0.000000e+00
 4.670053e+04   0.000000e+00   0.000000e+00
 4.690053e+04   0.000000e+00   0.000000e+00
 4.710053e+04   0.000000e+00   0.000000e+00
 4.730053e+04   0.000000e+00   0.000000e+00
 4.750053e+04   0.000000e+00   0.000000e+00
 4.770052e+04   0.000000e+00   0.000000e+00
 4.790052e+04   0.000000e+00   0.000000e+00
 4.810052e+04   0.000000e+00   0.000000e+00
 4.830052e+04   0.000000e+00   0.000000e+00
 4.850051e+04   0.000000e+00   0.000000e+00
 4.870051e+04   0.000000e+00   0.000000e+00
 4.890051e+04   0.000000e+00   0.000000e+00
 4.910051e+04   0.000000e+00   0.000000e+00
 4.930051e+04   0.000000e+00   0.000000e+00
 4.950050e+04   0.000000e+00   0.000000e+00
 4.970050e+04   0.000000e+00   0.000000e+00
 4.990050e+04   0.000000e+00   0.000000e+00
 5.010050e+04   0.000000e+00   0.000000e+00
 5.030050e+04   0.000000e+00   0.000000e+00
 5.050050e+04   0.000000e+00   0.000000e+00
 5.070049e+04   0.000000e+00   0.000000e+00
 5.090049e+04   0.000000e+00   0.000000e+00
 5.110049e+04   0.000000e+00   0.000000e+00
 5.130049e+04   0.000000e+00   0.000000e+00
 5.150049e+04   0.000000e+00   0.000000e+00
 5.170048e+04   0.000000e+00   0.000000e+00
 5.190048e+04   0.000000e+00   0.000000e+00
 5.210048e+04   0.000000e+00   0.000000e+00
 5.230048e+04   0.000000e+00   0.000000e+00
 5.250047e+04   0.000000e+00   0.000000e+00
 5.270047e+04   0.000000e+00   0.000000e+00
 5.290047e+04   0.000000e+00   0.000000e+00
 5.310047e+04   0.000000e+00   0.000000e+00
 5.330047e+04   0.000000e+00   0.000000e+00
 5.350046e+04   0.000000e+00   0.000000e+00
 5.370046e+04   0.000000e+00   0.000000e+00
 5.390046e+04   0.000000e+00   0.000000e+00
 5.410046e+04   0.000000e+00   0.000000e+00
 5.430046e+04   0.000000e+00   0.000000e+00
 5.450046e+04   0.000000e+00   0.000000e+00
 5.470045e+04   0.000000e+00   0.000000e+00
 5.490045e+04   0.000000e+00   0.000000e+00
 5.510045e+04   0.000000e+00   0.000000e+00
 5.530045e+04   0.000000e+00   0.000000e+00
 5.550044e+04   0.000000e+00   0.000000e+00
 5.570044e+04   0.000000e+00   0.000000e+00
 5.590044e+04   0.000000e+00   0.000000e+00
 5.610044e+04   0.000000e+00   0.000000e+00
 5.630044e+04   0.000000e+00   0.000000e+00
 5.650043e+04   0.000000e+00   0.000000e+00
 5.670043e+04   0.000000e+00   0.000000e+00
 5.690043e+04   0.000000e+00   0.000000e+00
 5.710043e+04   0.000000e+00   0.000000e+00
 5.730043e+04   0.000000e+00   0.000000e+00
 5.750043e+04   0.000000e+00   0.000000e+00
 5.770042e+04   0.000000e+00   0.000000e+00
 5.790042e+04   0.000000e+00   0.000000e+00
 5.810042e+04   0.000000e+00   0.000000e+00
 5.830042e+04   0.000000e+00   0.000000e+00
 5.850042e+04   0.000000e+00   0.000000e+00
 5.870041e+04   0.000000e+00   0.000000e+00
 5.890041e+04   0.000000e+00   0.000000e+00
 5.910041e+04   0.000000e+00   0.000000e+00
 5.930041e+04   0.000000e+00   0.000000e+00
 5.950040e+04   0.000000e+00   0.000000e+00
 5.970040e+04   0.000000e+00   0.000000e+00
 5.990040e+04   0.000000e+00   0.000000e+00
 6.010040e+04   0.000000e+00   0.000000e+00
 6.030040e+04   0.000000e+00   0.000000e+00
 6.050039e+04   0.000000e+00   0.000000e+00
 6.070039e+04   0.000000e+00   0.000000e+00
 6.090039e+04   0.000000e+00   0.000000e+00
 6.110039e+04   0.000000e+00   0.000000e+00
 6.130039e+04   0.000000e+00   0.000000e+00
 6.150039e+04   0.000000e+00   0.000000e+00
 6.170038e+04   0.000000e+00   0.000000e+00
 6.190038e+04   0.000000e+00   0.000000e+00
 6.210038e+04   0.000000e+00   0.000000e+00
 6.230038e+04   0.000000e+00   0.000000e+00
 6.250038e+04   0.000000e+00   0.000000e+00
 6.270037e+04   0.000000e+00   0.000000e+00
 6.290037e+04   0.000000e+00   0.000000e+00
 6.310037e+04   0.000000e+00   0.000000e+00
 6.330037e+04   0.000000e+00   0.000000e+00
 6.350036e+04   0.000000e+00   0.000000e+00
 6.370036e+04   0.000000e+00   0.000000e+00
 6.390036e+04   0.000000e+00   0.000000e+00
 6.410036e+04   0.000000e+00   0.000000e+00
 6.430036e+04   0.000000e+00   0.000000e+00
 6.450036e+04   0.000000e+00   0.000000e+00
 6.470035e+04   0.000000e+00   0.000000e+00
 6.490035e+04   0.000000e+00   0.000000e+00
 6.510035e+04   0.000000e+00   0.000000e+00
 6.530035e+04   0.000000e+00   0.000000e+00
 6.550035e+04   0.000000e+00   0.000000e+00
 6.570034e+04   0.000000e+00   0.000000e+00
 6.590034e+04   0.000000e+00   0.000000e+00
 6.610034e+04   0.000000e+00   0.000000e+00
 6.630034e+04   0.000000e+00   0.000000e+00
 6.650034e+04   0.000000e+00   0.000000e+00
 6.670033e+04   0.000000e+00   0.000000e+00
 6.690033e+04   0.000000e+00   0.000000e+00
 6.710033e+04   0.000000e+00   0.000000e+00
 6.730033e+04   0.000000e+00   0.000000e+00
 6.750032e+04   0.000000e+00   0.000000e+00
 6.770032e+04   0.000000e+00   0.000000e+00
 6.790032e+04   0.000000e+00   0.000000e+00
 6.810032e+04   0.000000e+00   0.000000e+00
 6.830032e+04   0.000000e+00   0.000000e+00
 6.850032e+04   0.000000e+00   0.000000e+00
 6.870031e+04   0.000000e+00   0.000000e+00
 6.890031e+04   0.000000e+00   0.000000e+00
 6.910031e+04   0.000000e+00   0.000000e+00
 6.930031e+04   0.000000e+00   0.000000e+00
 6.950030e+04   0.000000e+00   0.000000e+00
 6.970030e+04   0.000000e+00   0.000000e+00
 6.990030e+04   0.000000e+00   0.000000e+00
 7.010030e+04   0.000000e+00   0.000000e+00
 7.030030e+04   0.000000e+00   0.000000e+00
 7.050029e+04   0.000000e+00   0.000000e+00
 7.070029e+04   0.000000e+00   0.000000e+00
 7.090029e+04   0.000000e+00   0.000000e+00
 7.110029e+04   0.000000e+00   0.000000e+00
 7.130029e+04   0.000000e+00   0.000000e+00
 7.150029e+04   0.000000e+00   0.000000e+00
 7.170028e+04   0.000000e+00   0.000000e+00
 7.190028e+04   0.000000e+00   0.000000e+00
 7.210028e+04   0.000000e+00   0.000000e+00
 7.230028e+04   0.000000e+00   0.000000e+00
 7.250027e+04   0.000000e+00   0.000000e+00
 7.270027e+04   0.000000e+00   0.000000e+00
 7.290027e+04   0.000000e+00   0.000000e+00
 7.310027e+04   0.000000e+00   0.000000e+00
 7.330027e+04   0.000000e+00   0.000000e+00
 7.350026e+04   0.000000e+00   0.000000e+00
 7.370026e+04   0.000000e+00   0.000000e+00
 7.390026e+04   0.000000e+00   0.000000e+00
 7.410026e+04   0.000000e+00   0.000000e+00
 7.430026e+04   0.000000e+00   0.000000e+00
 7.450026e+04   0.000000e+00   0.000000e+00
 7.470025e+04   0.000000e+00   0.000000e+00
 7.490025e+04   0.000000e+00   0.000000e+00
 7.510025e+04   0.000000e+00   0.000000e+00
 7.530025e+04   0.000000e+00   0.000000e+00
 7.550024e+04   0.000000e+00   0.000000e+00
 7.570024e+04   0.000000e+00   0.000000e+00
 7.590024e+04   0.000000e+00   0.000000e+00
 7.610024e+04   0.000000e+00   0.000000e+00
 7.630024e+04   0.000000e+00   0.000000e+00
 7.650024e+04   0.000000e+00   0.000000e+00
 7.670023e+04   0.000000e+00   0.000000e+00
 7.690023e+04   0.000000e+00   0.000000e+00
 7.710023e+04   0.000000e+00   0.000000e+00
 7.730023e+04   0.000000e+00   0.000000e+00
 7.750023e+04   0.000000e+00   0.000000e+00
 7.770022e+04   0.000000e+00   0.000000e+00
 7.790022e+04   0.000000e+00   0.000000e+00
 7.810022e+04   0.000000e+00   0.000000e+00
 7.830022e+04   0.000000e+00   0.000000e+00
 7.850021e+04   0.000000e+00   0.000000e+00
 7.870021e+04   0.000000e+00   0.000000e+00
 7.890021e+04   0.000000e+00   0.000000e+00
 7.910021e+04   0.000000e+00   0.000000e+00
 7.930021e+04   0.000000e+00   0.000000e+00
 7.950021e+04   0.000000e+00   0.000000e+00
 7.970020e+04   0.000000e+00   0.000000e+00
 7.990020e+04   0.000000e+00   0.000000e+00
 8.010020e+04   0.000000e+00   0.000000e+00
 8.030020e+04   0.000000e+00   0.000000e+00
 8.050020e+04   0.000000e+00   0.000000e+00
 8.070019e+04   0.000000e+00   0.000000e+00
 8.090019e+04   0.000000e+00   0.000000e+00
 8.110019e+04   0.000000e+00   0.000000e+00
 8.130019e+04   0.000000e+00   0.000000e+00
 8.150018e+04   0.000000e+00   0.000000e+00
 8.170018e+04   0.000000e+00   0.000000e+00
 8.190018e+04   0.000000e+00   0.000000e+00
 8.210018e+04   0.000000e+00   0.000000e+00
 8.230018e+04   0.000000e+00   0.000000e+00
 8.250018e+04   0.000000e+00   0.000000e+00
 8.270017e+04   0.000000e+00   0.000000e+00
 8.290017e+04   0.000000e+00   0.000000e+00
 8.310017e+04   0.000000e+00   0.000000e+00
 8.330017e+04   0.000000e+00   0.000000e+00
 8.350016e+04   0.000000e+00   0.000000e+00
 8.370016e+04   0.000000e+00   0.000000e+00
 8.390016e+04   0.000000e+00   0.000000e+00
 8.410016e+04   0.000000e+00   0.000000e+00
 8.430016e+04   0.000000e+00   0.000000e+00
 8.450015e+04   0.000000e+00   0.000000e+00
 8.470015e+04   0.000000e+00   0.000000e+00
 8.490015e+04   0.000000e+00   0.000000e+00
 8.510015e+04   0.000000e+00   0.000000e+00
 8.530015e+04   0.000000e+00   0.000000e+00
 8.550015e+04   0.000000e+00   0.000000e+00
 8.570014e+04   0.000000e+00   0.000000e+00
 8.590014e+04   0.000000e+00   0.000000e+00
 8.610014e+04   0.000000e+00   0.000000e+00
 8.630014e+04   0.000000e+00   0.000000e+00
 8.650013e+04   0.000000e+00   0.000000e+00
 8.670013e+04   0.000000e+00   0.000000e+00
 8.690013e+04   0.000000e+00   0.000000e+00
 8.710013e+04   0.000000e+00   0.000000e+00
 8.730013e+04   0.000000e+00   0.000000e+00
 8.750012e+04   0.000000e+00   0.000000e+00
 8.770012e+04   0.000000e+00   0.000000e+00
 8.790012e+04   0.000000e+00   0.000000e+00
 8.810012e+04   0.000000e+00   0.000000e+00
 8.830012e+04   0.000000e+00   0.000000e+00
 8.850012e+04   0.000000e+00   0.000000e+00
 8.870011e+04   0.000000e+00   0.000000e+00
 8.890011e+04   0.000000e+00   0.000000e+00
 8.910011e+04   0.000000e+00   0.000000e+00
 8.930011e+04   0.000000e+00   0.000000e+00
 8.950010e+04   0.000000e+00   0.000000e+00
 8.970010e+04   0.000000e+00   0.000000e+00
 8.990010e+04   0.000000e+00   0.000000e+00
 9.010010e+04   0.000000e+00   0.000000e+00
 9.030010e+04   0.000000e+00   0.000000e+00
 9.050010e+04   0.000000e+00   0.000000e+00
 9.070009e+04   0.000000e+00   0.000000e+00
 9.090009e+04   0.000000e+00   0.000000e+00
 9.110009e+04   0.000000e+00   0.000000e+00
 9.130009e+04   0.000000e+00   0.000000e+00
 9.150009e+04   0.000000e+00   0.000000e+00
 9.170008e+04   0.000000e+00   0.000000e+00
 9.190008e+04   0.000000e+00   0.000000e+00
 9.210008e+04   0.000000e+00   0.000000e+00
 9.230008e+04   0.000000e+00   0.000000e+00
 9.250007e+04   0.000000e+00   0.000000e+00
 9.270007e+04   0.000000e+00   0.000000e+00
 9.290007e+04   0.000000e+00   0.000000e+00
 9.310007e+04   0.000000e+00   0.000000e+00
 9.330007e+04   0.000000e+00   0.000000e+00
 9.350007e+04   0.000000e+00   0.000000e+00
 9.370006e+04   0.000000e+00   0.000000e+00
 9.390006e+04   0.000000e+00   0.000000e+00
 9.410006e+04   0.000000e+00   0.000000e+00
 9.430006e+04   0.000000e+00   0.000000e+00
 9.450005e+04   0.000000e+00   0.000000e+00
 9.470005e+04   0.000000e+00   0.000000e+00
 9.490005e+04   0.000000e+00   0.000000e+00
 9.510005e+04   0.000000e+00   0.000000e+00
 9.530005e+04   0.000000e+00   0.000000e+00
 9.550004e+04   0.000000e+00   0.000000e+00
 9.570004e+04   0.000000e+00   0.000000e+00
 9.590004e+04   0.000000e+00   0.000000e+00
 9.610004e+04   0.000000e+00   0.000000e+00
 9.630004e+04   0.000000e+00   0.000000e+00
 9.650004e+04   0.000000e+00   0.000000e+00
 9.670003e+04   0.000000e+00   0.000000e+00
 9.690003e+04   0.000000e+00   0.000000e+00
 9.710003e+04   0.000000e+00   0.000000e+00
 9.730003e+04   0.000000e+00   0.000000e+00
 9.750002e+04   0.000000e+00   0.000000e+00
 9.770002e+04   0.000000e+00   0.000000e+00
 9.790002e+04   0.000000e+00   0.000000e+00
 9.810002e+04   0.000000e+00   0.000000e+00
 9.830002e+04   0.000000e+00   0.000000e+00
 9.850001e+04   0.000000e+00   0.000000e+00
 9.870001e+04   0.000000e+00   0.000000e+00
 9.890001e+04   0.000000e+00   0.000000e+00
 9.910001e+04   0.000000e+00   0.000000e+00
 9.930001e+04   0.000000e+00   0.000000e+00
 9.950001e+04   0.000000e+00   0.000000e+00
 9.970000e+04   0.000000e+00   0.000000e+00
 9.990000e+04   0.000000e+00   0.000000e+00
 inf   0.000000e+00   0.000000e+00
