ql52_lab bin centers    value    Error 
-inf   2.446970e+00   5.611943e-02
 6.500000e-01   1.245916e-01   4.613542e-02
 1.950000e+00   2.839005e-02   1.587556e-04
 3.250000e+00   1.637050e-02   6.131236e-05
 4.550000e+00   1.147824e-02   3.371077e-05
 5.850000e+00   8.840626e-03   3.222066e-05
 7.150000e+00   7.139840e-03   2.792564e-05
 8.450000e+00   6.031236e-03   5.717476e-05
 9.750000e+00   5.185050e-03   4.017176e-05
 1.105000e+01   4.582136e-03   4.021044e-05
 1.235000e+01   4.146220e-03   3.524228e-05
 1.365000e+01   3.686193e-03   3.435461e-05
 1.495000e+01   3.449898e-03   3.028578e-05
 1.625000e+01   3.149090e-03   3.712613e-05
 1.755000e+01   2.996905e-03   2.359899e-05
 1.885000e+01   2.934024e-03   3.858033e-05
 2.015000e+01   2.749360e-03   2.453913e-05
 2.145000e+01   2.650062e-03   3.939253e-05
 2.275000e+01   2.681765e-03   5.359553e-05
 2.405000e+01   2.610189e-03   5.452128e-05
 2.535000e+01   2.545645e-03   5.945469e-05
 2.665000e+01   2.536176e-03   5.435047e-05
 2.795000e+01   2.396319e-03   4.692481e-05
 2.925000e+01   2.170801e-03   4.146834e-05
 3.055000e+01   2.063640e-03   4.102007e-05
 3.185000e+01   1.889230e-03   3.961518e-05
 3.315000e+01   1.670149e-03   2.529976e-05
 3.445000e+01   1.526858e-03   4.347340e-05
 3.575000e+01   1.370032e-03   3.152678e-05
 3.705000e+01   1.290895e-03   2.653615e-05
 3.835000e+01   1.221192e-03   2.594461e-05
 3.965000e+01   1.111619e-03   2.323673e-05
 4.095000e+01   1.051461e-03   3.697491e-05
 4.225000e+01   9.355188e-04   1.754260e-05
 4.355000e+01   8.365617e-04   2.355302e-05
 4.485000e+01   8.023105e-04   1.957016e-05
 4.615000e+01   7.078085e-04   1.188172e-05
 4.745000e+01   7.338460e-04   3.021565e-05
 4.875000e+01   6.655055e-04   2.254353e-05
 5.005000e+01   6.011749e-04   1.388136e-05
 5.135000e+01   5.912125e-04   2.116321e-05
 5.265000e+01   5.454676e-04   1.505141e-05
 5.395000e+01   4.789860e-04   1.100524e-05
 5.525000e+01   4.476190e-04   1.544712e-05
 5.655000e+01   4.462339e-04   1.454802e-05
 5.785000e+01   3.669516e-04   9.860563e-06
 5.915000e+01   3.740512e-04   8.649677e-06
 6.045000e+01   3.479206e-04   1.030408e-05
 6.175000e+01   3.165906e-04   6.740650e-06
 6.305000e+01   2.930800e-04   5.264599e-06
 6.435000e+01   2.810119e-04   1.063374e-05
 6.565000e+01   2.730709e-04   7.104768e-06
 6.695000e+01   2.599438e-04   7.752424e-06
 6.825000e+01   2.466892e-04   1.156354e-05
 6.955000e+01   2.261099e-04   5.148790e-06
 7.085000e+01   2.088710e-04   5.994218e-06
 7.215000e+01   1.908091e-04   6.101544e-06
 7.345000e+01   1.745388e-04   4.511059e-06
 7.475000e+01   1.659167e-04   5.749718e-06
 7.605000e+01   1.576276e-04   5.211621e-06
 7.735000e+01   1.530740e-04   5.129489e-06
 7.865000e+01   1.347629e-04   4.078476e-06
 7.995000e+01   1.406740e-04   3.947756e-06
 8.125000e+01   1.227104e-04   3.806543e-06
 8.255000e+01   1.170428e-04   5.102788e-06
 8.385000e+01   1.150935e-04   4.361537e-06
 8.515000e+01   1.042106e-04   3.928197e-06
 8.645000e+01   9.527301e-05   2.477340e-06
 8.775000e+01   8.790651e-05   2.376712e-06
 8.905000e+01   8.420643e-05   2.129120e-06
 9.035000e+01   8.750629e-05   3.824887e-06
 9.165000e+01   8.003667e-05   4.326581e-06
 9.295000e+01   7.782567e-05   3.585405e-06
 9.425000e+01   6.899389e-05   3.150340e-06
 9.555000e+01   6.167615e-05   2.203627e-06
 9.685000e+01   5.841115e-05   1.801516e-06
 9.815000e+01   5.556468e-05   1.885608e-06
 9.945000e+01   6.194362e-05   2.852363e-06
 1.007500e+02   5.342690e-05   2.990455e-06
 1.020500e+02   4.778729e-05   1.495333e-06
 1.033500e+02   4.386493e-05   1.355593e-06
 1.046500e+02   4.195361e-05   9.011650e-07
 1.059500e+02   4.192014e-05   2.129925e-06
 1.072500e+02   3.741527e-05   1.610241e-06
 1.085500e+02   3.618047e-05   1.613378e-06
 1.098500e+02   3.714739e-05   1.093809e-06
 1.111500e+02   3.771462e-05   1.945107e-06
 1.124500e+02   3.069023e-05   7.918337e-07
 1.137500e+02   2.819431e-05   1.190528e-06
 1.150500e+02   2.548738e-05   1.258135e-06
 1.163500e+02   2.269300e-05   7.411869e-07
 1.176500e+02   2.347699e-05   8.799595e-07
 1.189500e+02   2.173873e-05   9.119583e-07
 1.202500e+02   1.848222e-05   8.212603e-07
 1.215500e+02   1.912124e-05   9.011436e-07
 1.228500e+02   1.780545e-05   1.075011e-06
 1.241500e+02   1.744082e-05   9.754787e-07
 1.254500e+02   1.470780e-05   8.014436e-07
 1.267500e+02   1.410736e-05   9.024564e-07
 1.280500e+02   1.373258e-05   7.718987e-07
 1.293500e+02   1.117646e-05   4.631555e-07
 1.306500e+02   9.985815e-06   5.465096e-07
 1.319500e+02   9.831137e-06   4.527138e-07
 1.332500e+02   1.055606e-05   7.550448e-07
 1.345500e+02   7.756786e-06   3.980486e-07
 1.358500e+02   7.810955e-06   4.554050e-07
 1.371500e+02   7.138453e-06   3.071785e-07
 1.384500e+02   5.891398e-06   4.352980e-07
 1.397500e+02   5.736696e-06   4.618983e-07
 1.410500e+02   4.907743e-06   3.968341e-07
 1.423500e+02   4.669002e-06   2.696789e-07
 1.436500e+02   3.297258e-06   1.194563e-07
 1.449500e+02   3.192309e-06   1.800433e-07
 1.462500e+02   2.561907e-06   1.221031e-07
 1.475500e+02   2.656631e-06   1.332889e-07
 1.488500e+02   2.046692e-06   5.486329e-08
 1.501500e+02   2.001663e-06   7.756877e-08
 1.514500e+02   1.687537e-06   4.738398e-08
 1.527500e+02   1.540047e-06   3.906601e-08
 1.540500e+02   1.312045e-06   2.812489e-08
 1.553500e+02   1.154349e-06   2.199033e-08
 1.566500e+02   1.171228e-06   4.430482e-08
 1.579500e+02   9.588878e-07   2.536221e-08
 1.592500e+02   8.558615e-07   1.687622e-08
 1.605500e+02   7.655531e-07   1.677923e-08
 1.618500e+02   7.286931e-07   1.748574e-08
 1.631500e+02   6.195105e-07   1.618775e-08
 1.644500e+02   5.716992e-07   1.343923e-08
 1.657500e+02   5.163923e-07   1.464709e-08
 1.670500e+02   4.797357e-07   1.844137e-08
 1.683500e+02   3.986746e-07   1.711943e-08
 1.696500e+02   3.712075e-07   7.663622e-09
 1.709500e+02   3.538629e-07   9.460273e-09
 1.722500e+02   2.998018e-07   7.926570e-09
 1.735500e+02   2.621363e-07   8.984867e-09
 1.748500e+02   2.491514e-07   9.411357e-09
 1.761500e+02   2.029919e-07   4.909773e-09
 1.774500e+02   1.683473e-07   6.135895e-09
 1.787500e+02   1.440110e-07   5.795703e-09
 1.800500e+02   1.246720e-07   4.489020e-09
 1.813500e+02   1.073752e-07   5.032175e-09
 1.826500e+02   8.179988e-08   3.636908e-09
 1.839500e+02   6.858354e-08   2.442513e-09
 1.852500e+02   4.934486e-08   2.226009e-09
 1.865500e+02   4.070867e-08   1.988265e-09
 1.878500e+02   3.006483e-08   1.622126e-09
 1.891500e+02   1.230676e-08   9.451242e-10
 1.904500e+02   2.240751e-09   3.893439e-10
 1.917500e+02   0.000000e+00   0.000000e+00
 1.930500e+02   0.000000e+00   0.000000e+00
 1.943500e+02   0.000000e+00   0.000000e+00
 1.956500e+02   0.000000e+00   0.000000e+00
 1.969500e+02   0.000000e+00   0.000000e+00
 1.982500e+02   0.000000e+00   0.000000e+00
 1.995500e+02   0.000000e+00   0.000000e+00
 2.008500e+02   0.000000e+00   0.000000e+00
 2.021500e+02   0.000000e+00   0.000000e+00
 2.034500e+02   0.000000e+00   0.000000e+00
 2.047500e+02   0.000000e+00   0.000000e+00
 2.060500e+02   0.000000e+00   0.000000e+00
 2.073500e+02   0.000000e+00   0.000000e+00
 2.086500e+02   0.000000e+00   0.000000e+00
 2.099500e+02   0.000000e+00   0.000000e+00
 2.112500e+02   0.000000e+00   0.000000e+00
 2.125500e+02   0.000000e+00   0.000000e+00
 2.138500e+02   0.000000e+00   0.000000e+00
 2.151500e+02   0.000000e+00   0.000000e+00
 2.164500e+02   0.000000e+00   0.000000e+00
 2.177500e+02   0.000000e+00   0.000000e+00
 2.190500e+02   0.000000e+00   0.000000e+00
 2.203500e+02   0.000000e+00   0.000000e+00
 2.216500e+02   0.000000e+00   0.000000e+00
 2.229500e+02   0.000000e+00   0.000000e+00
 2.242500e+02   0.000000e+00   0.000000e+00
 2.255500e+02   0.000000e+00   0.000000e+00
 2.268500e+02   0.000000e+00   0.000000e+00
 2.281500e+02   0.000000e+00   0.000000e+00
 2.294500e+02   0.000000e+00   0.000000e+00
 2.307500e+02   0.000000e+00   0.000000e+00
 2.320500e+02   0.000000e+00   0.000000e+00
 2.333500e+02   0.000000e+00   0.000000e+00
 2.346500e+02   0.000000e+00   0.000000e+00
 2.359500e+02   0.000000e+00   0.000000e+00
 2.372500e+02   0.000000e+00   0.000000e+00
 2.385500e+02   0.000000e+00   0.000000e+00
 2.398500e+02   0.000000e+00   0.000000e+00
 2.411500e+02   0.000000e+00   0.000000e+00
 2.424500e+02   0.000000e+00   0.000000e+00
 2.437500e+02   0.000000e+00   0.000000e+00
 2.450500e+02   0.000000e+00   0.000000e+00
 2.463500e+02   0.000000e+00   0.000000e+00
 2.476500e+02   0.000000e+00   0.000000e+00
 2.489500e+02   0.000000e+00   0.000000e+00
 2.502500e+02   0.000000e+00   0.000000e+00
 2.515500e+02   0.000000e+00   0.000000e+00
 2.528500e+02   0.000000e+00   0.000000e+00
 2.541500e+02   0.000000e+00   0.000000e+00
 2.554500e+02   0.000000e+00   0.000000e+00
 2.567500e+02   0.000000e+00   0.000000e+00
 2.580500e+02   0.000000e+00   0.000000e+00
 2.593500e+02   0.000000e+00   0.000000e+00
 2.606500e+02   0.000000e+00   0.000000e+00
 2.619500e+02   0.000000e+00   0.000000e+00
 2.632500e+02   0.000000e+00   0.000000e+00
 2.645500e+02   0.000000e+00   0.000000e+00
 2.658500e+02   0.000000e+00   0.000000e+00
 2.671500e+02   0.000000e+00   0.000000e+00
 2.684500e+02   0.000000e+00   0.000000e+00
 2.697500e+02   0.000000e+00   0.000000e+00
 2.710500e+02   0.000000e+00   0.000000e+00
 2.723500e+02   0.000000e+00   0.000000e+00
 2.736500e+02   0.000000e+00   0.000000e+00
 2.749500e+02   0.000000e+00   0.000000e+00
 2.762500e+02   0.000000e+00   0.000000e+00
 2.775500e+02   0.000000e+00   0.000000e+00
 2.788500e+02   0.000000e+00   0.000000e+00
 2.801500e+02   0.000000e+00   0.000000e+00
 2.814500e+02   0.000000e+00   0.000000e+00
 2.827500e+02   0.000000e+00   0.000000e+00
 2.840500e+02   0.000000e+00   0.000000e+00
 2.853500e+02   0.000000e+00   0.000000e+00
 2.866500e+02   0.000000e+00   0.000000e+00
 2.879500e+02   0.000000e+00   0.000000e+00
 2.892500e+02   0.000000e+00   0.000000e+00
 2.905500e+02   0.000000e+00   0.000000e+00
 2.918500e+02   0.000000e+00   0.000000e+00
 2.931500e+02   0.000000e+00   0.000000e+00
 2.944500e+02   0.000000e+00   0.000000e+00
 2.957500e+02   0.000000e+00   0.000000e+00
 2.970500e+02   0.000000e+00   0.000000e+00
 2.983500e+02   0.000000e+00   0.000000e+00
 2.996500e+02   0.000000e+00   0.000000e+00
 3.009500e+02   0.000000e+00   0.000000e+00
 3.022500e+02   0.000000e+00   0.000000e+00
 3.035500e+02   0.000000e+00   0.000000e+00
 3.048500e+02   0.000000e+00   0.000000e+00
 3.061500e+02   0.000000e+00   0.000000e+00
 3.074500e+02   0.000000e+00   0.000000e+00
 3.087500e+02   0.000000e+00   0.000000e+00
 3.100500e+02   0.000000e+00   0.000000e+00
 3.113500e+02   0.000000e+00   0.000000e+00
 3.126500e+02   0.000000e+00   0.000000e+00
 3.139500e+02   0.000000e+00   0.000000e+00
 3.152500e+02   0.000000e+00   0.000000e+00
 3.165500e+02   0.000000e+00   0.000000e+00
 3.178500e+02   0.000000e+00   0.000000e+00
 3.191500e+02   0.000000e+00   0.000000e+00
 3.204500e+02   0.000000e+00   0.000000e+00
 3.217500e+02   0.000000e+00   0.000000e+00
 3.230500e+02   0.000000e+00   0.000000e+00
 3.243500e+02   0.000000e+00   0.000000e+00
 3.256500e+02   0.000000e+00   0.000000e+00
 3.269500e+02   0.000000e+00   0.000000e+00
 3.282500e+02   0.000000e+00   0.000000e+00
 3.295500e+02   0.000000e+00   0.000000e+00
 3.308500e+02   0.000000e+00   0.000000e+00
 3.321500e+02   0.000000e+00   0.000000e+00
 3.334500e+02   0.000000e+00   0.000000e+00
 3.347500e+02   0.000000e+00   0.000000e+00
 3.360500e+02   0.000000e+00   0.000000e+00
 3.373500e+02   0.000000e+00   0.000000e+00
 3.386500e+02   0.000000e+00   0.000000e+00
 3.399500e+02   0.000000e+00   0.000000e+00
 3.412500e+02   0.000000e+00   0.000000e+00
 3.425500e+02   0.000000e+00   0.000000e+00
 3.438500e+02   0.000000e+00   0.000000e+00
 3.451500e+02   0.000000e+00   0.000000e+00
 3.464500e+02   0.000000e+00   0.000000e+00
 3.477500e+02   0.000000e+00   0.000000e+00
 3.490500e+02   0.000000e+00   0.000000e+00
 3.503500e+02   0.000000e+00   0.000000e+00
 3.516500e+02   0.000000e+00   0.000000e+00
 3.529500e+02   0.000000e+00   0.000000e+00
 3.542500e+02   0.000000e+00   0.000000e+00
 3.555500e+02   0.000000e+00   0.000000e+00
 3.568500e+02   0.000000e+00   0.000000e+00
 3.581500e+02   0.000000e+00   0.000000e+00
 3.594500e+02   0.000000e+00   0.000000e+00
 3.607500e+02   0.000000e+00   0.000000e+00
 3.620500e+02   0.000000e+00   0.000000e+00
 3.633500e+02   0.000000e+00   0.000000e+00
 3.646500e+02   0.000000e+00   0.000000e+00
 3.659500e+02   0.000000e+00   0.000000e+00
 3.672500e+02   0.000000e+00   0.000000e+00
 3.685500e+02   0.000000e+00   0.000000e+00
 3.698500e+02   0.000000e+00   0.000000e+00
 3.711500e+02   0.000000e+00   0.000000e+00
 3.724500e+02   0.000000e+00   0.000000e+00
 3.737500e+02   0.000000e+00   0.000000e+00
 3.750500e+02   0.000000e+00   0.000000e+00
 3.763500e+02   0.000000e+00   0.000000e+00
 3.776500e+02   0.000000e+00   0.000000e+00
 3.789500e+02   0.000000e+00   0.000000e+00
 3.802500e+02   0.000000e+00   0.000000e+00
 3.815500e+02   0.000000e+00   0.000000e+00
 3.828500e+02   0.000000e+00   0.000000e+00
 3.841500e+02   0.000000e+00   0.000000e+00
 3.854500e+02   0.000000e+00   0.000000e+00
 3.867500e+02   0.000000e+00   0.000000e+00
 3.880500e+02   0.000000e+00   0.000000e+00
 3.893500e+02   0.000000e+00   0.000000e+00
 3.906500e+02   0.000000e+00   0.000000e+00
 3.919500e+02   0.000000e+00   0.000000e+00
 3.932500e+02   0.000000e+00   0.000000e+00
 3.945500e+02   0.000000e+00   0.000000e+00
 3.958500e+02   0.000000e+00   0.000000e+00
 3.971500e+02   0.000000e+00   0.000000e+00
 3.984500e+02   0.000000e+00   0.000000e+00
 3.997500e+02   0.000000e+00   0.000000e+00
 4.010500e+02   0.000000e+00   0.000000e+00
 4.023500e+02   0.000000e+00   0.000000e+00
 4.036500e+02   0.000000e+00   0.000000e+00
 4.049500e+02   0.000000e+00   0.000000e+00
 4.062500e+02   0.000000e+00   0.000000e+00
 4.075500e+02   0.000000e+00   0.000000e+00
 4.088500e+02   0.000000e+00   0.000000e+00
 4.101500e+02   0.000000e+00   0.000000e+00
 4.114500e+02   0.000000e+00   0.000000e+00
 4.127500e+02   0.000000e+00   0.000000e+00
 4.140500e+02   0.000000e+00   0.000000e+00
 4.153500e+02   0.000000e+00   0.000000e+00
 4.166500e+02   0.000000e+00   0.000000e+00
 4.179500e+02   0.000000e+00   0.000000e+00
 4.192500e+02   0.000000e+00   0.000000e+00
 4.205500e+02   0.000000e+00   0.000000e+00
 4.218500e+02   0.000000e+00   0.000000e+00
 4.231500e+02   0.000000e+00   0.000000e+00
 4.244500e+02   0.000000e+00   0.000000e+00
 4.257500e+02   0.000000e+00   0.000000e+00
 4.270500e+02   0.000000e+00   0.000000e+00
 4.283500e+02   0.000000e+00   0.000000e+00
 4.296500e+02   0.000000e+00   0.000000e+00
 4.309500e+02   0.000000e+00   0.000000e+00
 4.322500e+02   0.000000e+00   0.000000e+00
 4.335500e+02   0.000000e+00   0.000000e+00
 4.348500e+02   0.000000e+00   0.000000e+00
 4.361500e+02   0.000000e+00   0.000000e+00
 4.374500e+02   0.000000e+00   0.000000e+00
 4.387500e+02   0.000000e+00   0.000000e+00
 4.400500e+02   0.000000e+00   0.000000e+00
 4.413500e+02   0.000000e+00   0.000000e+00
 4.426500e+02   0.000000e+00   0.000000e+00
 4.439500e+02   0.000000e+00   0.000000e+00
 4.452500e+02   0.000000e+00   0.000000e+00
 4.465500e+02   0.000000e+00   0.000000e+00
 4.478500e+02   0.000000e+00   0.000000e+00
 4.491500e+02   0.000000e+00   0.000000e+00
 4.504500e+02   0.000000e+00   0.000000e+00
 4.517500e+02   0.000000e+00   0.000000e+00
 4.530500e+02   0.000000e+00   0.000000e+00
 4.543500e+02   0.000000e+00   0.000000e+00
 4.556500e+02   0.000000e+00   0.000000e+00
 4.569500e+02   0.000000e+00   0.000000e+00
 4.582500e+02   0.000000e+00   0.000000e+00
 4.595500e+02   0.000000e+00   0.000000e+00
 4.608500e+02   0.000000e+00   0.000000e+00
 4.621500e+02   0.000000e+00   0.000000e+00
 4.634500e+02   0.000000e+00   0.000000e+00
 4.647500e+02   0.000000e+00   0.000000e+00
 4.660500e+02   0.000000e+00   0.000000e+00
 4.673500e+02   0.000000e+00   0.000000e+00
 4.686500e+02   0.000000e+00   0.000000e+00
 4.699500e+02   0.000000e+00   0.000000e+00
 4.712500e+02   0.000000e+00   0.000000e+00
 4.725500e+02   0.000000e+00   0.000000e+00
 4.738500e+02   0.000000e+00   0.000000e+00
 4.751500e+02   0.000000e+00   0.000000e+00
 4.764500e+02   0.000000e+00   0.000000e+00
 4.777500e+02   0.000000e+00   0.000000e+00
 4.790500e+02   0.000000e+00   0.000000e+00
 4.803500e+02   0.000000e+00   0.000000e+00
 4.816500e+02   0.000000e+00   0.000000e+00
 4.829500e+02   0.000000e+00   0.000000e+00
 4.842500e+02   0.000000e+00   0.000000e+00
 4.855500e+02   0.000000e+00   0.000000e+00
 4.868500e+02   0.000000e+00   0.000000e+00
 4.881500e+02   0.000000e+00   0.000000e+00
 4.894500e+02   0.000000e+00   0.000000e+00
 4.907500e+02   0.000000e+00   0.000000e+00
 4.920500e+02   0.000000e+00   0.000000e+00
 4.933500e+02   0.000000e+00   0.000000e+00
 4.946500e+02   0.000000e+00   0.000000e+00
 4.959500e+02   0.000000e+00   0.000000e+00
 4.972500e+02   0.000000e+00   0.000000e+00
 4.985500e+02   0.000000e+00   0.000000e+00
 4.998500e+02   0.000000e+00   0.000000e+00
 5.011500e+02   0.000000e+00   0.000000e+00
 5.024500e+02   0.000000e+00   0.000000e+00
 5.037500e+02   0.000000e+00   0.000000e+00
 5.050500e+02   0.000000e+00   0.000000e+00
 5.063500e+02   0.000000e+00   0.000000e+00
 5.076500e+02   0.000000e+00   0.000000e+00
 5.089500e+02   0.000000e+00   0.000000e+00
 5.102500e+02   0.000000e+00   0.000000e+00
 5.115500e+02   0.000000e+00   0.000000e+00
 5.128500e+02   0.000000e+00   0.000000e+00
 5.141500e+02   0.000000e+00   0.000000e+00
 5.154500e+02   0.000000e+00   0.000000e+00
 5.167500e+02   0.000000e+00   0.000000e+00
 5.180500e+02   0.000000e+00   0.000000e+00
 5.193500e+02   0.000000e+00   0.000000e+00
 5.206500e+02   0.000000e+00   0.000000e+00
 5.219500e+02   0.000000e+00   0.000000e+00
 5.232500e+02   0.000000e+00   0.000000e+00
 5.245500e+02   0.000000e+00   0.000000e+00
 5.258500e+02   0.000000e+00   0.000000e+00
 5.271500e+02   0.000000e+00   0.000000e+00
 5.284500e+02   0.000000e+00   0.000000e+00
 5.297500e+02   0.000000e+00   0.000000e+00
 5.310500e+02   0.000000e+00   0.000000e+00
 5.323500e+02   0.000000e+00   0.000000e+00
 5.336500e+02   0.000000e+00   0.000000e+00
 5.349500e+02   0.000000e+00   0.000000e+00
 5.362500e+02   0.000000e+00   0.000000e+00
 5.375500e+02   0.000000e+00   0.000000e+00
 5.388500e+02   0.000000e+00   0.000000e+00
 5.401500e+02   0.000000e+00   0.000000e+00
 5.414500e+02   0.000000e+00   0.000000e+00
 5.427500e+02   0.000000e+00   0.000000e+00
 5.440500e+02   0.000000e+00   0.000000e+00
 5.453500e+02   0.000000e+00   0.000000e+00
 5.466500e+02   0.000000e+00   0.000000e+00
 5.479500e+02   0.000000e+00   0.000000e+00
 5.492500e+02   0.000000e+00   0.000000e+00
 5.505500e+02   0.000000e+00   0.000000e+00
 5.518500e+02   0.000000e+00   0.000000e+00
 5.531500e+02   0.000000e+00   0.000000e+00
 5.544500e+02   0.000000e+00   0.000000e+00
 5.557500e+02   0.000000e+00   0.000000e+00
 5.570500e+02   0.000000e+00   0.000000e+00
 5.583500e+02   0.000000e+00   0.000000e+00
 5.596500e+02   0.000000e+00   0.000000e+00
 5.609500e+02   0.000000e+00   0.000000e+00
 5.622500e+02   0.000000e+00   0.000000e+00
 5.635500e+02   0.000000e+00   0.000000e+00
 5.648500e+02   0.000000e+00   0.000000e+00
 5.661500e+02   0.000000e+00   0.000000e+00
 5.674500e+02   0.000000e+00   0.000000e+00
 5.687500e+02   0.000000e+00   0.000000e+00
 5.700500e+02   0.000000e+00   0.000000e+00
 5.713500e+02   0.000000e+00   0.000000e+00
 5.726500e+02   0.000000e+00   0.000000e+00
 5.739500e+02   0.000000e+00   0.000000e+00
 5.752500e+02   0.000000e+00   0.000000e+00
 5.765500e+02   0.000000e+00   0.000000e+00
 5.778500e+02   0.000000e+00   0.000000e+00
 5.791500e+02   0.000000e+00   0.000000e+00
 5.804500e+02   0.000000e+00   0.000000e+00
 5.817500e+02   0.000000e+00   0.000000e+00
 5.830500e+02   0.000000e+00   0.000000e+00
 5.843500e+02   0.000000e+00   0.000000e+00
 5.856500e+02   0.000000e+00   0.000000e+00
 5.869500e+02   0.000000e+00   0.000000e+00
 5.882500e+02   0.000000e+00   0.000000e+00
 5.895500e+02   0.000000e+00   0.000000e+00
 5.908500e+02   0.000000e+00   0.000000e+00
 5.921500e+02   0.000000e+00   0.000000e+00
 5.934500e+02   0.000000e+00   0.000000e+00
 5.947500e+02   0.000000e+00   0.000000e+00
 5.960500e+02   0.000000e+00   0.000000e+00
 5.973500e+02   0.000000e+00   0.000000e+00
 5.986500e+02   0.000000e+00   0.000000e+00
 5.999500e+02   0.000000e+00   0.000000e+00
 6.012500e+02   0.000000e+00   0.000000e+00
 6.025500e+02   0.000000e+00   0.000000e+00
 6.038500e+02   0.000000e+00   0.000000e+00
 6.051500e+02   0.000000e+00   0.000000e+00
 6.064500e+02   0.000000e+00   0.000000e+00
 6.077500e+02   0.000000e+00   0.000000e+00
 6.090500e+02   0.000000e+00   0.000000e+00
 6.103500e+02   0.000000e+00   0.000000e+00
 6.116500e+02   0.000000e+00   0.000000e+00
 6.129500e+02   0.000000e+00   0.000000e+00
 6.142500e+02   0.000000e+00   0.000000e+00
 6.155500e+02   0.000000e+00   0.000000e+00
 6.168500e+02   0.000000e+00   0.000000e+00
 6.181500e+02   0.000000e+00   0.000000e+00
 6.194500e+02   0.000000e+00   0.000000e+00
 6.207500e+02   0.000000e+00   0.000000e+00
 6.220500e+02   0.000000e+00   0.000000e+00
 6.233500e+02   0.000000e+00   0.000000e+00
 6.246500e+02   0.000000e+00   0.000000e+00
 6.259500e+02   0.000000e+00   0.000000e+00
 6.272500e+02   0.000000e+00   0.000000e+00
 6.285500e+02   0.000000e+00   0.000000e+00
 6.298500e+02   0.000000e+00   0.000000e+00
 6.311500e+02   0.000000e+00   0.000000e+00
 6.324500e+02   0.000000e+00   0.000000e+00
 6.337500e+02   0.000000e+00   0.000000e+00
 6.350500e+02   0.000000e+00   0.000000e+00
 6.363500e+02   0.000000e+00   0.000000e+00
 6.376500e+02   0.000000e+00   0.000000e+00
 6.389500e+02   0.000000e+00   0.000000e+00
 6.402500e+02   0.000000e+00   0.000000e+00
 6.415500e+02   0.000000e+00   0.000000e+00
 6.428500e+02   0.000000e+00   0.000000e+00
 6.441500e+02   0.000000e+00   0.000000e+00
 6.454500e+02   0.000000e+00   0.000000e+00
 6.467500e+02   0.000000e+00   0.000000e+00
 6.480500e+02   0.000000e+00   0.000000e+00
 6.493500e+02   0.000000e+00   0.000000e+00
 inf   0.000000e+00   0.000000e+00
