x5_lab bin centers    value    Error 
-inf   0.000000e+00   0.000000e+00
-1.996000e-01   0.000000e+00   0.000000e+00
-1.988000e-01   0.000000e+00   0.000000e+00
-1.980000e-01   0.000000e+00   0.000000e+00
-1.972000e-01   0.000000e+00   0.000000e+00
-1.964000e-01   0.000000e+00   0.000000e+00
-1.956000e-01   0.000000e+00   0.000000e+00
-1.948000e-01   0.000000e+00   0.000000e+00
-1.940000e-01   0.000000e+00   0.000000e+00
-1.932000e-01   0.000000e+00   0.000000e+00
-1.924000e-01   0.000000e+00   0.000000e+00
-1.916000e-01   0.000000e+00   0.000000e+00
-1.908000e-01   2.271435e-01   7.262661e-03
-1.900000e-01   3.080936e-01   1.054586e-02
-1.892000e-01   3.193794e-01   1.509172e-02
-1.884000e-01   3.342604e-01   1.569517e-02
-1.876000e-01   3.284088e-01   1.212628e-02
-1.868000e-01   3.727318e-01   2.448931e-02
-1.860000e-01   3.459084e-01   1.395785e-02
-1.852000e-01   3.603843e-01   2.520621e-02
-1.844000e-01   3.485367e-01   1.191767e-02
-1.836000e-01   3.593279e-01   1.700759e-02
-1.828000e-01   3.671468e-01   1.357015e-02
-1.820000e-01   3.616533e-01   1.844336e-02
-1.812000e-01   3.624853e-01   1.684255e-02
-1.804000e-01   3.412528e-01   1.238640e-02
-1.796000e-01   3.477844e-01   1.874413e-02
-1.788000e-01   3.606587e-01   1.175462e-02
-1.780000e-01   3.660407e-01   1.284968e-02
-1.772000e-01   3.924394e-01   1.237950e-02
-1.764000e-01   3.810170e-01   1.614024e-02
-1.756000e-01   4.292701e-01   1.999167e-02
-1.748000e-01   3.974417e-01   1.640494e-02
-1.740000e-01   4.281056e-01   2.459075e-02
-1.732000e-01   4.135516e-01   2.151126e-02
-1.724000e-01   4.181063e-01   1.587960e-02
-1.716000e-01   4.316383e-01   2.033555e-02
-1.708000e-01   4.707816e-01   2.595577e-02
-1.700000e-01   4.449799e-01   1.566014e-02
-1.692000e-01   4.560513e-01   1.976156e-02
-1.684000e-01   4.866576e-01   2.165678e-02
-1.676000e-01   4.805041e-01   2.027109e-02
-1.668000e-01   4.548693e-01   2.137990e-02
-1.660000e-01   4.952708e-01   2.648863e-02
-1.652000e-01   5.091116e-01   2.479212e-02
-1.644000e-01   4.880234e-01   1.498221e-02
-1.636000e-01   4.812365e-01   1.798962e-02
-1.628000e-01   5.135650e-01   2.703715e-02
-1.620000e-01   5.042003e-01   1.694763e-02
-1.612000e-01   5.905038e-01   2.815035e-02
-1.604000e-01   5.466083e-01   2.047442e-02
-1.596000e-01   5.854478e-01   3.621063e-02
-1.588000e-01   5.465725e-01   1.739189e-02
-1.580000e-01   5.334343e-01   2.250434e-02
-1.572000e-01   5.749373e-01   2.112086e-02
-1.564000e-01   5.862502e-01   3.005860e-02
-1.556000e-01   6.078327e-01   3.993957e-02
-1.548000e-01   6.115257e-01   2.848388e-02
-1.540000e-01   6.084480e-01   2.866985e-02
-1.532000e-01   6.070186e-01   2.596234e-02
-1.524000e-01   6.266530e-01   2.839826e-02
-1.516000e-01   6.003698e-01   1.903988e-02
-1.508000e-01   6.423279e-01   2.342288e-02
-1.500000e-01   6.488715e-01   3.012594e-02
-1.492000e-01   6.417921e-01   2.531402e-02
-1.484000e-01   7.041164e-01   2.373883e-02
-1.476000e-01   6.895553e-01   3.787828e-02
-1.468000e-01   6.436529e-01   2.582937e-02
-1.460000e-01   6.712073e-01   3.963941e-02
-1.452000e-01   7.653609e-01   4.300912e-02
-1.444000e-01   8.572389e-01   5.296224e-02
-1.436000e-01   7.767489e-01   3.607759e-02
-1.428000e-01   8.010168e-01   3.517917e-02
-1.420000e-01   9.399610e-01   7.145632e-02
-1.412000e-01   8.061247e-01   3.618643e-02
-1.404000e-01   8.338811e-01   3.530295e-02
-1.396000e-01   7.966704e-01   3.567327e-02
-1.388000e-01   8.077995e-01   3.262253e-02
-1.380000e-01   8.784257e-01   4.189379e-02
-1.372000e-01   8.220897e-01   4.087027e-02
-1.364000e-01   9.508597e-01   5.006322e-02
-1.356000e-01   9.018258e-01   3.277591e-02
-1.348000e-01   8.884909e-01   4.064289e-02
-1.340000e-01   9.401658e-01   3.541696e-02
-1.332000e-01   9.447914e-01   5.355134e-02
-1.324000e-01   9.224366e-01   2.731561e-02
-1.316000e-01   9.360278e-01   4.464617e-02
-1.308000e-01   9.827561e-01   3.943261e-02
-1.300000e-01   9.766149e-01   3.640547e-02
-1.292000e-01   9.738446e-01   4.877756e-02
-1.284000e-01   9.155520e-01   4.516678e-02
-1.276000e-01   1.012253e+00   4.027149e-02
-1.268000e-01   1.112273e+00   5.337539e-02
-1.260000e-01   1.225073e+00   7.824303e-02
-1.252000e-01   1.116541e+00   4.011170e-02
-1.244000e-01   1.108723e+00   4.961451e-02
-1.236000e-01   1.132924e+00   3.799681e-02
-1.228000e-01   1.176815e+00   5.835703e-02
-1.220000e-01   1.210792e+00   6.392878e-02
-1.212000e-01   1.124668e+00   4.143631e-02
-1.204000e-01   1.274693e+00   6.363466e-02
-1.196000e-01   1.271756e+00   7.597151e-02
-1.188000e-01   1.167973e+00   3.939716e-02
-1.180000e-01   1.308518e+00   6.825037e-02
-1.172000e-01   1.408961e+00   5.002675e-02
-1.164000e-01   1.517541e+00   9.929058e-02
-1.156000e-01   1.301277e+00   4.177828e-02
-1.148000e-01   1.455406e+00   6.943994e-02
-1.140000e-01   1.656955e+00   7.813768e-02
-1.132000e-01   1.494471e+00   5.232600e-02
-1.124000e-01   1.456571e+00   7.157316e-02
-1.116000e-01   1.482467e+00   5.556139e-02
-1.108000e-01   1.667996e+00   7.140385e-02
-1.100000e-01   1.637595e+00   8.065858e-02
-1.092000e-01   1.723224e+00   9.090918e-02
-1.084000e-01   1.647156e+00   5.983935e-02
-1.076000e-01   1.698187e+00   7.397336e-02
-1.068000e-01   1.595952e+00   6.792298e-02
-1.060000e-01   1.746956e+00   6.732225e-02
-1.052000e-01   1.748244e+00   6.841881e-02
-1.044000e-01   1.671349e+00   6.284904e-02
-1.036000e-01   2.134204e+00   1.382283e-01
-1.028000e-01   1.990098e+00   6.926211e-02
-1.020000e-01   1.886631e+00   6.659983e-02
-1.012000e-01   1.931571e+00   6.949798e-02
-1.004000e-01   2.210757e+00   8.491711e-02
-9.960000e-02   2.007232e+00   1.047150e-01
-9.880000e-02   2.237223e+00   1.386276e-01
-9.800000e-02   2.334178e+00   1.171111e-01
-9.720000e-02   2.241549e+00   1.176855e-01
-9.640000e-02   2.302335e+00   9.858556e-02
-9.560000e-02   2.365814e+00   8.099387e-02
-9.480000e-02   2.338372e+00   8.506000e-02
-9.400000e-02   2.375076e+00   8.927895e-02
-9.320000e-02   2.668448e+00   8.770628e-02
-9.240000e-02   2.408454e+00   1.078938e-01
-9.160000e-02   2.674359e+00   8.632737e-02
-9.080000e-02   2.765652e+00   8.538123e-02
-9.000000e-02   2.944129e+00   1.664132e-01
-8.920000e-02   2.847373e+00   1.594886e-01
-8.840000e-02   2.986129e+00   1.077588e-01
-8.760000e-02   3.024121e+00   9.707459e-02
-8.680000e-02   2.929217e+00   1.079155e-01
-8.600000e-02   3.355911e+00   1.613227e-01
-8.520000e-02   3.496763e+00   1.836200e-01
-8.440000e-02   2.897727e+00   1.550075e-01
-8.360000e-02   3.202133e+00   1.167191e-01
-8.280000e-02   3.584530e+00   1.467991e-01
-8.200000e-02   3.539994e+00   1.163791e-01
-8.120000e-02   3.654494e+00   1.169512e-01
-8.040000e-02   3.665005e+00   1.154441e-01
-7.960000e-02   3.979933e+00   2.020642e-01
-7.880000e-02   3.858272e+00   1.692166e-01
-7.800000e-02   4.248507e+00   1.491807e-01
-7.720000e-02   3.997321e+00   1.629122e-01
-7.640000e-02   4.082233e+00   1.295329e-01
-7.560000e-02   4.149591e+00   1.178320e-01
-7.480000e-02   4.428958e+00   2.183203e-01
-7.400000e-02   4.004803e+00   1.602000e-01
-7.320000e-02   4.464710e+00   2.177917e-01
-7.240000e-02   4.340621e+00   1.255974e-01
-7.160000e-02   4.541848e+00   1.696790e-01
-7.080000e-02   5.783311e+00   4.805677e-01
-7.000000e-02   5.045458e+00   2.473762e-01
-6.920000e-02   5.108065e+00   1.882777e-01
-6.840000e-02   5.279302e+00   2.317329e-01
-6.760000e-02   5.175386e+00   2.032318e-01
-6.680000e-02   5.490548e+00   1.679189e-01
-6.600000e-02   5.530370e+00   1.908371e-01
-6.520000e-02   5.512349e+00   1.656577e-01
-6.440000e-02   6.077000e+00   2.298670e-01
-6.360000e-02   6.007918e+00   2.782802e-01
-6.280000e-02   6.301348e+00   1.708626e-01
-6.200000e-02   6.113509e+00   1.975012e-01
-6.120000e-02   6.486749e+00   2.848865e-01
-6.040000e-02   6.904112e+00   2.160425e-01
-5.960000e-02   6.551571e+00   2.161354e-01
-5.880000e-02   6.920587e+00   2.927300e-01
-5.800000e-02   7.090298e+00   1.877094e-01
-5.720000e-02   7.117411e+00   3.381753e-01
-5.640000e-02   7.523266e+00   2.184911e-01
-5.560000e-02   8.049272e+00   3.709063e-01
-5.480000e-02   8.121106e+00   2.712697e-01
-5.400000e-02   8.487724e+00   3.469894e-01
-5.320000e-02   1.047089e+01   7.387966e-01
-5.240000e-02   8.216854e+00   3.271473e-01
-5.160000e-02   9.176423e+00   3.841435e-01
-5.080000e-02   8.889215e+00   3.498829e-01
-5.000000e-02   9.105559e+00   3.078137e-01
-4.920000e-02   1.004501e+01   3.692342e-01
-4.840000e-02   1.051499e+01   4.957989e-01
-4.760000e-02   1.055448e+01   3.993842e-01
-4.680000e-02   1.085687e+01   6.138408e-01
-4.600000e-02   1.110902e+01   4.531274e-01
-4.520000e-02   1.117846e+01   3.152354e-01
-4.440000e-02   1.074700e+01   4.977478e-01
-4.360000e-02   1.196423e+01   4.198209e-01
-4.280000e-02   1.172740e+01   5.994602e-01
-4.200000e-02   1.289260e+01   4.221109e-01
-4.120000e-02   1.258115e+01   4.267414e-01
-4.040000e-02   1.461603e+01   6.415963e-01
-3.960000e-02   1.477601e+01   8.956124e-01
-3.880000e-02   1.396513e+01   4.926852e-01
-3.800000e-02   1.562394e+01   5.286269e-01
-3.720000e-02   1.513689e+01   6.614923e-01
-3.640000e-02   1.505042e+01   4.630888e-01
-3.560000e-02   1.631189e+01   4.524157e-01
-3.480000e-02   1.590252e+01   4.969750e-01
-3.400000e-02   1.668513e+01   6.518285e-01
-3.320000e-02   1.879361e+01   6.451638e-01
-3.240000e-02   1.768250e+01   6.798526e-01
-3.160000e-02   1.906370e+01   6.760319e-01
-3.080000e-02   1.903837e+01   6.421541e-01
-3.000000e-02   2.036871e+01   7.677603e-01
-2.920000e-02   2.129583e+01   7.480150e-01
-2.840000e-02   2.124469e+01   5.733677e-01
-2.760000e-02   2.301526e+01   1.058804e+00
-2.680000e-02   2.240508e+01   6.537502e-01
-2.600000e-02   2.225840e+01   8.426842e-01
-2.520000e-02   2.401179e+01   9.836612e-01
-2.440000e-02   2.507630e+01   1.106485e+00
-2.360000e-02   2.560771e+01   6.736761e-01
-2.280000e-02   3.138916e+01   2.056559e+00
-2.200000e-02   2.674786e+01   7.491577e-01
-2.120000e-02   2.949560e+01   1.143101e+00
-2.040000e-02   2.951799e+01   9.145954e-01
-1.960000e-02   2.970443e+01   7.188149e-01
-1.880000e-02   3.183699e+01   1.281345e+00
-1.800000e-02   2.893216e+01   1.080675e+00
-1.720000e-02   2.963264e+01   9.374085e-01
-1.640000e-02   3.273922e+01   8.885638e-01
-1.560000e-02   3.164850e+01   1.038002e+00
-1.480000e-02   3.596595e+01   1.310758e+00
-1.400000e-02   3.536473e+01   1.284121e+00
-1.320000e-02   3.620963e+01   1.648266e+00
-1.240000e-02   3.324872e+01   9.211400e-01
-1.160000e-02   3.609892e+01   1.115003e+00
-1.080000e-02   3.968544e+01   1.504650e+00
-1.000000e-02   4.002517e+01   1.730507e+00
-9.200000e-03   3.988590e+01   1.511903e+00
-8.400000e-03   3.915785e+01   9.648844e-01
-7.600000e-03   4.152893e+01   1.576975e+00
-6.800000e-03   4.620114e+01   1.888851e+00
-6.000000e-03   4.564823e+01   1.651594e+00
-5.200000e-03   4.174633e+01   1.225240e+00
-4.400000e-03   4.101561e+01   1.224367e+00
-3.600000e-03   4.194770e+01   1.324105e+00
-2.800000e-03   4.198075e+01   1.432849e+00
-2.000000e-03   4.053139e+01   1.120324e+00
-1.200000e-03   4.312058e+01   1.941592e+00
-4.000000e-04  -1.279744e+03   1.439222e+02
 4.000000e-04   4.421508e+01   1.728151e+00
 1.200000e-03   4.636960e+01   1.860512e+00
 2.000000e-03   4.716751e+01   1.774576e+00
 2.800000e-03   4.426988e+01   1.395424e+00
 3.600000e-03   4.551027e+01   1.989821e+00
 4.400000e-03   4.255516e+01   1.508459e+00
 5.200000e-03   4.033732e+01   1.011274e+00
 6.000000e-03   4.360173e+01   1.683423e+00
 6.800000e-03   4.609277e+01   2.241015e+00
 7.600000e-03   3.889986e+01   1.096063e+00
 8.400000e-03   3.886151e+01   1.112412e+00
 9.200000e-03   4.301498e+01   1.867906e+00
 1.000000e-02   3.973891e+01   1.667037e+00
 1.080000e-02   3.929524e+01   2.011965e+00
 1.160000e-02   3.670359e+01   1.023107e+00
 1.240000e-02   3.683021e+01   1.786108e+00
 1.320000e-02   3.846249e+01   1.809868e+00
 1.400000e-02   3.624398e+01   1.561939e+00
 1.480000e-02   3.560011e+01   1.157304e+00
 1.560000e-02   3.823626e+01   2.127329e+00
 1.640000e-02   3.334232e+01   1.413017e+00
 1.720000e-02   3.057410e+01   1.012511e+00
 1.800000e-02   3.111056e+01   1.257096e+00
 1.880000e-02   3.023121e+01   1.437852e+00
 1.960000e-02   2.944394e+01   2.132695e+00
 2.040000e-02   2.977583e+01   1.046063e+00
 2.120000e-02   2.744637e+01   8.863795e-01
 2.200000e-02   2.786239e+01   1.248949e+00
 2.280000e-02   2.493452e+01   6.923802e-01
 2.360000e-02   2.480937e+01   9.706335e-01
 2.440000e-02   2.632013e+01   1.249251e+00
 2.520000e-02   2.381432e+01   8.913679e-01
 2.600000e-02   2.483828e+01   8.960146e-01
 2.680000e-02   2.363869e+01   1.301998e+00
 2.760000e-02   2.591344e+01   1.673785e+00
 2.840000e-02   2.191077e+01   6.720349e-01
 2.920000e-02   2.094312e+01   8.715397e-01
 3.000000e-02   1.945331e+01   7.575272e-01
 3.080000e-02   1.871017e+01   6.743366e-01
 3.160000e-02   1.882188e+01   6.606631e-01
 3.240000e-02   1.894663e+01   7.702053e-01
 3.320000e-02   1.937064e+01   9.930423e-01
 3.400000e-02   1.717760e+01   4.700348e-01
 3.480000e-02   1.576391e+01   6.388141e-01
 3.560000e-02   1.546693e+01   6.686667e-01
 3.640000e-02   1.746372e+01   6.958672e-01
 3.720000e-02   1.436439e+01   6.231243e-01
 3.800000e-02   1.526752e+01   7.364026e-01
 3.880000e-02   1.485651e+01   6.227206e-01
 3.960000e-02   1.487247e+01   5.602586e-01
 4.040000e-02   1.404406e+01   5.202567e-01
 4.120000e-02   1.317499e+01   4.838308e-01
 4.200000e-02   1.249082e+01   4.224603e-01
 4.280000e-02   1.197878e+01   4.854227e-01
 4.360000e-02   1.186986e+01   3.788793e-01
 4.440000e-02   1.126705e+01   3.196426e-01
 4.520000e-02   1.094823e+01   3.408307e-01
 4.600000e-02   1.053934e+01   2.972478e-01
 4.680000e-02   1.047589e+01   3.303234e-01
 4.760000e-02   1.086572e+01   4.454219e-01
 4.840000e-02   9.827152e+00   3.597282e-01
 4.920000e-02   9.951645e+00   5.380849e-01
 5.000000e-02   9.039734e+00   2.865839e-01
 5.080000e-02   9.463864e+00   3.136334e-01
 5.160000e-02   8.955017e+00   3.918588e-01
 5.240000e-02   9.935173e+00   7.888649e-01
 5.320000e-02   9.027394e+00   4.503438e-01
 5.400000e-02   8.014513e+00   2.440368e-01
 5.480000e-02   8.909537e+00   4.495852e-01
 5.560000e-02   7.664030e+00   3.436908e-01
 5.640000e-02   8.733245e+00   6.832756e-01
 5.720000e-02   7.536985e+00   2.147714e-01
 5.800000e-02   6.749677e+00   2.085533e-01
 5.880000e-02   6.913544e+00   2.363643e-01
 5.960000e-02   6.740862e+00   2.098151e-01
 6.040000e-02   6.563828e+00   3.129047e-01
 6.120000e-02   5.995531e+00   2.040330e-01
 6.200000e-02   6.179889e+00   1.877932e-01
 6.280000e-02   5.907499e+00   2.706260e-01
 6.360000e-02   5.575460e+00   1.379244e-01
 6.440000e-02   5.390048e+00   1.392362e-01
 6.520000e-02   5.332737e+00   1.932613e-01
 6.600000e-02   5.564706e+00   2.562506e-01
 6.680000e-02   5.347753e+00   2.235901e-01
 6.760000e-02   4.755435e+00   1.552988e-01
 6.840000e-02   5.303785e+00   1.931888e-01
 6.920000e-02   4.776862e+00   2.152848e-01
 7.000000e-02   5.127045e+00   2.068616e-01
 7.080000e-02   4.843508e+00   1.957459e-01
 7.160000e-02   4.262036e+00   1.498449e-01
 7.240000e-02   4.911673e+00   3.435872e-01
 7.320000e-02   4.161273e+00   8.722248e-02
 7.400000e-02   4.447875e+00   1.635811e-01
 7.480000e-02   4.122599e+00   1.357872e-01
 7.560000e-02   4.095593e+00   1.248055e-01
 7.640000e-02   4.199596e+00   1.509266e-01
 7.720000e-02   3.683119e+00   1.622965e-01
 7.800000e-02   4.035338e+00   1.912851e-01
 7.880000e-02   4.004910e+00   2.626281e-01
 7.960000e-02   3.525711e+00   1.500942e-01
 8.040000e-02   3.505036e+00   1.325361e-01
 8.120000e-02   3.433292e+00   1.283983e-01
 8.200000e-02   3.362572e+00   1.088225e-01
 8.280000e-02   3.394608e+00   1.160858e-01
 8.360000e-02   3.223899e+00   1.528916e-01
 8.440000e-02   2.935125e+00   1.342030e-01
 8.520000e-02   3.180998e+00   1.272615e-01
 8.600000e-02   3.035904e+00   9.937115e-02
 8.680000e-02   3.266639e+00   1.714878e-01
 8.760000e-02   2.952746e+00   1.403307e-01
 8.840000e-02   2.662868e+00   6.848684e-02
 8.920000e-02   2.932148e+00   9.468031e-02
 9.000000e-02   2.850724e+00   1.151561e-01
 9.080000e-02   2.826339e+00   1.509445e-01
 9.160000e-02   2.458567e+00   8.128553e-02
 9.240000e-02   2.525859e+00   7.935839e-02
 9.320000e-02   2.404413e+00   9.687114e-02
 9.400000e-02   2.347253e+00   1.066979e-01
 9.480000e-02   2.327992e+00   1.620815e-01
 9.560000e-02   2.226647e+00   1.005947e-01
 9.640000e-02   2.127087e+00   9.119407e-02
 9.720000e-02   2.300581e+00   9.886747e-02
 9.800000e-02   2.143535e+00   1.150837e-01
 9.880000e-02   2.294660e+00   7.598968e-02
 9.960000e-02   2.224122e+00   1.248066e-01
 1.004000e-01   2.013932e+00   7.469169e-02
 1.012000e-01   2.054673e+00   8.302859e-02
 1.020000e-01   1.976060e+00   1.074913e-01
 1.028000e-01   2.042540e+00   1.172075e-01
 1.036000e-01   2.103706e+00   1.034267e-01
 1.044000e-01   1.771416e+00   6.662209e-02
 1.052000e-01   1.826186e+00   8.270643e-02
 1.060000e-01   1.786132e+00   7.645112e-02
 1.068000e-01   1.668533e+00   6.678364e-02
 1.076000e-01   1.697578e+00   6.709797e-02
 1.084000e-01   1.650515e+00   7.165722e-02
 1.092000e-01   1.585018e+00   4.366001e-02
 1.100000e-01   1.560913e+00   7.737801e-02
 1.108000e-01   1.559676e+00   5.841162e-02
 1.116000e-01   1.495724e+00   6.032231e-02
 1.124000e-01   1.592370e+00   7.944458e-02
 1.132000e-01   1.511708e+00   1.917766e-01
 1.140000e-01   1.568169e+00   7.468066e-02
 1.148000e-01   1.440545e+00   7.182721e-02
 1.156000e-01   1.352745e+00   4.335057e-02
 1.164000e-01   1.370036e+00   5.758714e-02
 1.172000e-01   1.364926e+00   7.062766e-02
 1.180000e-01   1.250039e+00   5.882290e-02
 1.188000e-01   1.635216e+00   1.239914e-01
 1.196000e-01   1.243580e+00   4.890904e-02
 1.204000e-01   1.220767e+00   4.743591e-02
 1.212000e-01   1.320985e+00   7.687724e-02
 1.220000e-01   1.183713e+00   4.913711e-02
 1.228000e-01   1.142455e+00   5.693839e-02
 1.236000e-01   1.194055e+00   3.976517e-02
 1.244000e-01   1.151014e+00   4.435302e-02
 1.252000e-01   1.103943e+00   4.963855e-02
 1.260000e-01   1.076021e+00   3.962549e-02
 1.268000e-01   1.099924e+00   5.019140e-02
 1.276000e-01   1.053166e+00   5.246534e-02
 1.284000e-01   1.156184e+00   5.713746e-02
 1.292000e-01   9.627162e-01   3.900676e-02
 1.300000e-01   1.045762e+00   6.044986e-02
 1.308000e-01   9.892530e-01   5.419773e-02
 1.316000e-01   9.086118e-01   4.397592e-02
 1.324000e-01   9.480570e-01   4.251774e-02
 1.332000e-01   9.850033e-01   4.049303e-02
 1.340000e-01   1.100053e+00   7.086390e-02
 1.348000e-01   8.477624e-01   3.934011e-02
 1.356000e-01   9.073517e-01   3.590552e-02
 1.364000e-01   8.403156e-01   4.410896e-02
 1.372000e-01   8.635372e-01   7.312551e-02
 1.380000e-01   8.569155e-01   4.386623e-02
 1.388000e-01   7.582294e-01   3.078402e-02
 1.396000e-01   8.723196e-01   4.742032e-02
 1.404000e-01   7.783811e-01   3.912599e-02
 1.412000e-01   8.996758e-01   5.981454e-02
 1.420000e-01   6.776738e-01   2.344527e-02
 1.428000e-01   7.802739e-01   2.937746e-02
 1.436000e-01   7.663337e-01   4.516146e-02
 1.444000e-01   6.916335e-01   3.579220e-02
 1.452000e-01   7.927121e-01   4.255912e-02
 1.460000e-01   6.902929e-01   2.216312e-02
 1.468000e-01   6.809976e-01   2.272994e-02
 1.476000e-01   7.696234e-01   4.617867e-02
 1.484000e-01   6.531674e-01   2.068209e-02
 1.492000e-01   7.114550e-01   2.589923e-02
 1.500000e-01   5.976450e-01   1.962955e-02
 1.508000e-01   6.829746e-01   3.027089e-02
 1.516000e-01   6.678626e-01   3.345251e-02
 1.524000e-01   5.844090e-01   2.465906e-02
 1.532000e-01   5.931622e-01   3.044803e-02
 1.540000e-01   5.850222e-01   2.348946e-02
 1.548000e-01   5.679214e-01   2.061100e-02
 1.556000e-01   6.451329e-01   3.432852e-02
 1.564000e-01   5.587643e-01   2.338518e-02
 1.572000e-01   6.015598e-01   2.940562e-02
 1.580000e-01   5.762562e-01   2.050100e-02
 1.588000e-01   5.077084e-01   1.786080e-02
 1.596000e-01   5.233813e-01   3.713147e-02
 1.604000e-01   5.282506e-01   2.021044e-02
 1.612000e-01   5.107795e-01   2.029040e-02
 1.620000e-01   4.920324e-01   2.362023e-02
 1.628000e-01   5.257267e-01   2.443570e-02
 1.636000e-01   5.140865e-01   3.082985e-02
 1.644000e-01   4.909749e-01   1.922448e-02
 1.652000e-01   4.612737e-01   2.130446e-02
 1.660000e-01   4.941153e-01   1.848278e-02
 1.668000e-01   4.542678e-01   3.122902e-02
 1.676000e-01   4.751662e-01   1.840130e-02
 1.684000e-01   5.044246e-01   2.591450e-02
 1.692000e-01   4.283234e-01   1.932526e-02
 1.700000e-01   4.281567e-01   1.475045e-02
 1.708000e-01   4.676113e-01   2.480686e-02
 1.716000e-01   4.677782e-01   2.274562e-02
 1.724000e-01   4.222699e-01   2.587880e-02
 1.732000e-01   4.387322e-01   1.956171e-02
 1.740000e-01   4.171031e-01   1.804469e-02
 1.748000e-01   4.353727e-01   3.204881e-02
 1.756000e-01   4.132816e-01   2.241141e-02
 1.764000e-01   4.026322e-01   1.481859e-02
 1.772000e-01   4.136905e-01   2.143571e-02
 1.780000e-01   3.934185e-01   1.692140e-02
 1.788000e-01   3.716767e-01   1.580937e-02
 1.796000e-01   3.708300e-01   1.842356e-02
 1.804000e-01   3.534738e-01   1.653312e-02
 1.812000e-01   3.740921e-01   1.960364e-02
 1.820000e-01   3.709148e-01   2.587913e-02
 1.828000e-01   3.756773e-01   1.210497e-02
 1.836000e-01   3.590062e-01   2.383424e-02
 1.844000e-01   3.458837e-01   1.381565e-02
 1.852000e-01   3.756614e-01   2.217501e-02
 1.860000e-01   3.222217e-01   9.399261e-03
 1.868000e-01   3.202854e-01   1.442112e-02
 1.876000e-01   3.747021e-01   1.741434e-02
 1.884000e-01   3.557104e-01   1.801187e-02
 1.892000e-01   3.463949e-01   1.224136e-02
 1.900000e-01   3.143034e-01   1.455898e-02
 1.908000e-01   2.278686e-01   8.285990e-03
 1.916000e-01   0.000000e+00   0.000000e+00
 1.924000e-01   0.000000e+00   0.000000e+00
 1.932000e-01   0.000000e+00   0.000000e+00
 1.940000e-01   0.000000e+00   0.000000e+00
 1.948000e-01   0.000000e+00   0.000000e+00
 1.956000e-01   0.000000e+00   0.000000e+00
 1.964000e-01   0.000000e+00   0.000000e+00
 1.972000e-01   0.000000e+00   0.000000e+00
 1.980000e-01   0.000000e+00   0.000000e+00
 1.988000e-01   0.000000e+00   0.000000e+00
 1.996000e-01   0.000000e+00   0.000000e+00
 inf   0.000000e+00   0.000000e+00
